SINGLE-ORBITAL NN+NNN EFFECTIVE MODEL FIT

m=3
eon=0.0
t0=1.0
l_decay=0.6
dl=0.1
pairing=./m=3/pairing.txt
microscopic_orbitals=20

E_eff(k) = eps0 + 2*t1[cos(k.u1)+cos(k.u2)] + 4*t2*cos(k.u1)*cos(k.u2)

eps0     = -1.39572405901125e+01
t1       = -1.55115241184552e+00
t2       = -2.32623530388468e-01

RMSE=7.53551277742196e-01
MAE=6.41018612115397e-01
max_abs_error=1.56759484362415e+00
optimizer_success=True
optimizer_message=Linear least-squares solution
minimum_tracking_continuity=1.0000000000
mean_tracking_continuity=1.0000000000

# k_index idx continuity target fit\n    0    0 1.0000000000 -2.0418252461e+01 -2.1092344359e+01\n    1    0 1.0000000000 -2.0417018908e+01 -2.1090314016e+01\n    2    0 1.0000000000 -2.0413318822e+01 -2.1084225030e+01\n    3    0 1.0000000000 -2.0407153926e+01 -2.1074083533e+01\n    4    0 1.0000000000 -2.0398527086e+01 -2.1059899737e+01\n    5    0 1.0000000000 -2.0387442315e+01 -2.1041687923e+01\n    6    0 1.0000000000 -2.0373904764e+01 -2.1019466428e+01\n    7    0 1.0000000000 -2.0357920719e+01 -2.0993257630e+01\n    8    0 1.0000000000 -2.0339497597e+01 -2.0963087916e+01\n    9    0 1.0000000000 -2.0318643938e+01 -2.0928987666e+01\n   10    0 1.0000000000 -2.0295369397e+01 -2.0890991215e+01\n   11    0 1.0000000000 -2.0269684737e+01 -2.0849136824e+01\n   12    0 1.0000000000 -2.0241601818e+01 -2.0803466635e+01\n   13    0 1.0000000000 -2.0211133588e+01 -2.0754026635e+01\n   14    0 1.0000000000 -2.0178294069e+01 -2.0700866605e+01\n   15    0 1.0000000000 -2.0143098349e+01 -2.0644040074e+01\n   16    0 1.0000000000 -2.0105562564e+01 -2.0583604260e+01\n   17    0 1.0000000000 -2.0065703885e+01 -2.0519620018e+01\n   18    0 1.0000000000 -2.0023540508e+01 -2.0452151774e+01\n   19    0 1.0000000000 -1.9979091629e+01 -2.0381267463e+01\n   20    0 1.0000000000 -1.9932377437e+01 -2.0307038459e+01\n   21    0 1.0000000000 -1.9883419087e+01 -2.0229539505e+01\n   22    0 1.0000000000 -1.9832238690e+01 -2.0148848636e+01\n   23    0 1.0000000000 -1.9778859288e+01 -2.0065047100e+01\n   24    0 1.0000000000 -1.9723304839e+01 -1.9978219279e+01\n   25    0 1.0000000000 -1.9665600189e+01 -1.9888452601e+01\n   26    0 1.0000000000 -1.9605771060e+01 -1.9795837453e+01\n   27    0 1.0000000000 -1.9543844022e+01 -1.9700467091e+01\n   28    0 1.0000000000 -1.9479846469e+01 -1.9602437545e+01\n   29    0 1.0000000000 -1.9413806601e+01 -1.9501847521e+01\n   30    0 1.0000000000 -1.9345753399e+01 -1.9398798307e+01\n   31    0 1.0000000000 -1.9275716596e+01 -1.9293393663e+01\n   32    0 1.0000000000 -1.9203726656e+01 -1.9185739723e+01\n   33    0 1.0000000000 -1.9129814749e+01 -1.9075944886e+01\n   34    0 1.0000000000 -1.9054012722e+01 -1.8964119706e+01\n   35    0 1.0000000000 -1.8976353077e+01 -1.8850376781e+01\n   36    0 1.0000000000 -1.8896868940e+01 -1.8734830640e+01\n   37    0 1.0000000000 -1.8815594034e+01 -1.8617597629e+01\n   38    0 1.0000000000 -1.8732562657e+01 -1.8498795792e+01\n   39    0 1.0000000000 -1.8647809648e+01 -1.8378544751e+01\n   40    0 1.0000000000 -1.8561370359e+01 -1.8256965590e+01\n   41    0 1.0000000000 -1.8473280634e+01 -1.8134180729e+01\n   42    0 1.0000000000 -1.8383576771e+01 -1.8010313800e+01\n   43    0 1.0000000000 -1.8292295501e+01 -1.7885489529e+01\n   44    0 1.0000000000 -1.8199473952e+01 -1.7759833602e+01\n   45    0 1.0000000000 -1.8105149629e+01 -1.7633472543e+01\n   46    0 1.0000000000 -1.8009360375e+01 -1.7506533589e+01\n   47    0 1.0000000000 -1.7912144350e+01 -1.7379144556e+01\n   48    0 1.0000000000 -1.7813539998e+01 -1.7251433714e+01\n   49    0 1.0000000000 -1.7713586019e+01 -1.7123529656e+01\n   50    0 1.0000000000 -1.7612321341e+01 -1.6995561172e+01\n   51    0 1.0000000000 -1.7509785088e+01 -1.6867657114e+01\n   52    0 1.0000000000 -1.7406016554e+01 -1.6739946271e+01\n   53    0 1.0000000000 -1.7301055176e+01 -1.6612557238e+01\n   54    0 1.0000000000 -1.7194940501e+01 -1.6485618284e+01\n   55    0 1.0000000000 -1.7087712161e+01 -1.6359257226e+01\n   56    0 1.0000000000 -1.6979409846e+01 -1.6233601299e+01\n   57    0 1.0000000000 -1.6870073272e+01 -1.6108777027e+01\n   58    0 1.0000000000 -1.6759742160e+01 -1.5984910099e+01\n   59    0 1.0000000000 -1.6648456204e+01 -1.5862125237e+01\n   60    0 1.0000000000 -1.6536255046e+01 -1.5740546076e+01\n   61    0 1.0000000000 -1.6423178252e+01 -1.5620295036e+01\n   62    0 1.0000000000 -1.6309265282e+01 -1.5501493198e+01\n   63    0 1.0000000000 -1.6194555471e+01 -1.5384260188e+01\n   64    0 1.0000000000 -1.6079087997e+01 -1.5268714047e+01\n   65    0 1.0000000000 -1.5962901863e+01 -1.5154971122e+01\n   66    0 1.0000000000 -1.5846035869e+01 -1.5043145941e+01\n   67    0 1.0000000000 -1.5728528595e+01 -1.4933351104e+01\n   68    0 1.0000000000 -1.5610418369e+01 -1.4825697164e+01\n   69    0 1.0000000000 -1.5491743256e+01 -1.4720292521e+01\n   70    0 1.0000000000 -1.5372541031e+01 -1.4617243306e+01\n   71    0 1.0000000000 -1.5252849157e+01 -1.4516653283e+01\n   72    0 1.0000000000 -1.5132704772e+01 -1.4418623737e+01\n   73    0 1.0000000000 -1.5012144666e+01 -1.4323253375e+01\n   74    0 1.0000000000 -1.4891205265e+01 -1.4230638227e+01\n   75    0 1.0000000000 -1.4769922611e+01 -1.4140871548e+01\n   76    0 1.0000000000 -1.4648332353e+01 -1.4054043727e+01\n   77    0 1.0000000000 -1.4526469729e+01 -1.3970242192e+01\n   78    0 1.0000000000 -1.4404369552e+01 -1.3889551322e+01\n   79    0 1.0000000000 -1.4282066204e+01 -1.3812052369e+01\n   80    0 1.0000000000 -1.4159593624e+01 -1.3737823365e+01\n   81    0 1.0000000000 -1.4036985303e+01 -1.3666939054e+01\n   82    0 1.0000000000 -1.3914274285e+01 -1.3599470810e+01\n   83    0 1.0000000000 -1.3791493165e+01 -1.3535486568e+01\n   84    0 1.0000000000 -1.3668674108e+01 -1.3475050754e+01\n   85    0 1.0000000000 -1.3545848860e+01 -1.3418224223e+01\n   86    0 1.0000000000 -1.3423048793e+01 -1.3365064193e+01\n   87    0 1.0000000000 -1.3300304960e+01 -1.3315624193e+01\n   88    0 1.0000000000 -1.3177648197e+01 -1.3269954004e+01\n   89    0 1.0000000000 -1.3055109290e+01 -1.3228099612e+01\n   90    0 1.0000000000 -1.2932719252e+01 -1.3190103162e+01\n   91    0 1.0000000000 -1.2810509826e+01 -1.3156002912e+01\n   92    0 1.0000000000 -1.2688514412e+01 -1.3125833198e+01\n   93    0 1.0000000000 -1.2566769937e+01 -1.3099624399e+01\n   94    0 1.0000000000 -1.2445320957e+01 -1.3077402905e+01\n   95    0 1.0000000000 -1.2324229886e+01 -1.3059191091e+01\n   96    0 1.0000000000 -1.2203607494e+01 -1.3045007294e+01\n   97    0 1.0000000000 -1.2083733226e+01 -1.3034865798e+01\n   98    0 1.0000000000 -1.1965858779e+01 -1.3028776812e+01\n   99    0 1.0000000000 -1.1876102063e+01 -1.3026746469e+01\n  100    0 1.0000000000 -1.1875507411e+01 -1.3025653054e+01\n  101    0 1.0000000000 -1.1873723679e+01 -1.3022373911e+01\n  102    0 1.0000000000 -1.1870751546e+01 -1.3016912342e+01\n  103    0 1.0000000000 -1.1866592139e+01 -1.3009273845e+01\n  104    0 1.0000000000 -1.1861247037e+01 -1.2999466113e+01\n  105    0 1.0000000000 -1.1854718266e+01 -1.2987499020e+01\n  106    0 1.0000000000 -1.1847008302e+01 -1.2973384617e+01\n  107    0 1.0000000000 -1.1838120064e+01 -1.2957137115e+01\n  108    0 1.0000000000 -1.1828056917e+01 -1.2938772875e+01\n  109    0 1.0000000000 -1.1816822666e+01 -1.2918310388e+01\n  110    0 1.0000000000 -1.1804421554e+01 -1.2895770257e+01\n  111    0 1.0000000000 -1.1790858260e+01 -1.2871175179e+01\n  112    0 1.0000000000 -1.1776137894e+01 -1.2844549919e+01\n  113    0 1.0000000000 -1.1760265996e+01 -1.2815921286e+01\n  114    0 1.0000000000 -1.1743248529e+01 -1.2785318106e+01\n  115    0 1.0000000000 -1.1725091877e+01 -1.2752771196e+01\n  116    0 1.0000000000 -1.1705802839e+01 -1.2718313326e+01\n  117    0 1.0000000000 -1.1685388625e+01 -1.2681979192e+01\n  118    0 1.0000000000 -1.1663856850e+01 -1.2643805381e+01\n  119    0 1.0000000000 -1.1641215531e+01 -1.2603830330e+01\n  120    0 1.0000000000 -1.1617473077e+01 -1.2562094290e+01\n  121    0 1.0000000000 -1.1592638288e+01 -1.2518639286e+01\n  122    0 1.0000000000 -1.1566720348e+01 -1.2473509074e+01\n  123    0 1.0000000000 -1.1539728813e+01 -1.2426749096e+01\n  124    0 1.0000000000 -1.1511673614e+01 -1.2378406435e+01\n  125    0 1.0000000000 -1.1482565042e+01 -1.2328529768e+01\n  126    0 1.0000000000 -1.1452413745e+01 -1.2277169317e+01\n  127    0 1.0000000000 -1.1421230721e+01 -1.2224376797e+01\n  128    0 1.0000000000 -1.1389027308e+01 -1.2170205366e+01\n  129    0 1.0000000000 -1.1355815180e+01 -1.2114709570e+01\n  130    0 1.0000000000 -1.1321606337e+01 -1.2057945289e+01\n  131    0 1.0000000000 -1.1286413099e+01 -1.1999969679e+01\n  132    0 1.0000000000 -1.1250248095e+01 -1.1940841117e+01\n  133    0 1.0000000000 -1.1213124259e+01 -1.1880619141e+01\n  134    0 1.0000000000 -1.1175054820e+01 -1.1819364388e+01\n  135    0 1.0000000000 -1.1136053293e+01 -1.1757138537e+01\n  136    0 1.0000000000 -1.1096133472e+01 -1.1694004245e+01\n  137    0 1.0000000000 -1.1055309424e+01 -1.1630025082e+01\n  138    0 1.0000000000 -1.1013595474e+01 -1.1565265469e+01\n  139    0 1.0000000000 -1.0971006207e+01 -1.1499790615e+01\n  140    0 1.0000000000 -1.0927556448e+01 -1.1433666447e+01\n  141    0 1.0000000000 -1.0883261265e+01 -1.1366959546e+01\n  142    0 1.0000000000 -1.0838135953e+01 -1.1299737080e+01\n  143    0 1.0000000000 -1.0792196032e+01 -1.1232066737e+01\n  144    0 1.0000000000 -1.0745457235e+01 -1.1164016655e+01\n  145    0 1.0000000000 -1.0697935502e+01 -1.1095655355e+01\n  146    0 1.0000000000 -1.0649646975e+01 -1.1027051671e+01\n  147    0 1.0000000000 -1.0600607987e+01 -1.0958274680e+01\n  148    0 1.0000000000 -1.0550835060e+01 -1.0889393636e+01\n  149    0 1.0000000000 -1.0500344895e+01 -1.0820477896e+01\n  150    0 1.0000000000 -1.0449154369e+01 -1.0751596852e+01\n  151    0 1.0000000000 -1.0397280530e+01 -1.0682819862e+01\n  152    0 1.0000000000 -1.0344740591e+01 -1.0614216178e+01\n  153    0 1.0000000000 -1.0291551929e+01 -1.0545854878e+01\n  154    0 1.0000000000 -1.0237732079e+01 -1.0477804796e+01\n  155    0 1.0000000000 -1.0183298737e+01 -1.0410134453e+01\n  156    0 1.0000000000 -1.0128269756e+01 -1.0342911987e+01\n  157    0 1.0000000000 -1.0072663149e+01 -1.0276205086e+01\n  158    0 1.0000000000 -1.0016497095e+01 -1.0210080918e+01\n  159    0 1.0000000000 -9.9597899359e+00 -1.0144606063e+01\n  160    0 1.0000000000 -9.9025601930e+00 -1.0079846451e+01\n  161    0 1.0000000000 -9.8448265720e+00 -1.0015867288e+01\n  162    0 1.0000000000 -9.7866079779e+00 -9.9527329954e+00\n  163    0 1.0000000000 -9.7279235328e+00 -9.8905071447e+00\n  164    0 1.0000000000 -9.6687925979e+00 -9.8292523919e+00\n  165    0 1.0000000000 -9.6092348016e+00 -9.7690304154e+00\n  166    0 1.0000000000 -9.5492700742e+00 -9.7099018534e+00\n  167    0 1.0000000000 -9.4889186911e+00 -9.6519262436e+00\n  168    0 1.0000000000 -9.4282013262e+00 -9.5951619624e+00\n  169    0 1.0000000000 -9.3671391177e+00 -9.5396661666e+00\n  170    0 1.0000000000 -9.3057537492e+00 -9.4854947358e+00\n  171    0 1.0000000000 -9.2440675505e+00 -9.4327022160e+00\n  172    0 1.0000000000 -9.1821036218e+00 -9.3813417649e+00\n  173    0 1.0000000000 -9.1198859891e+00 -9.3314650980e+00\n  174    0 1.0000000000 -9.0574397973e+00 -9.2831224370e+00\n  175    0 1.0000000000 -8.9947915542e+00 -9.2363624587e+00\n  176    0 1.0000000000 -8.9319694376e+00 -9.1912322465e+00\n  177    0 1.0000000000 -8.8690036871e+00 -9.1477772428e+00\n  178    0 1.0000000000 -8.8059271069e+00 -9.1060412030e+00\n  179    0 1.0000000000 -8.7427757159e+00 -9.0660661518e+00\n  180    0 1.0000000000 -8.6795895983e+00 -9.0278923406e+00\n  181    0 1.0000000000 -8.6164140261e+00 -8.9915582073e+00\n  182    0 1.0000000000 -8.5533009582e+00 -8.9571003372e+00\n  183    0 1.0000000000 -8.4903110687e+00 -8.9245534266e+00\n  184    0 1.0000000000 -8.4275165247e+00 -8.8939502473e+00\n  185    0 1.0000000000 -8.3650048472e+00 -8.8653216143e+00\n  186    0 1.0000000000 -8.3028843585e+00 -8.8386963540e+00\n  187    0 1.0000000000 -8.2412919877e+00 -8.8141012759e+00\n  188    0 1.0000000000 -8.1804046356e+00 -8.7915611451e+00\n  189    0 1.0000000000 -8.1204559792e+00 -8.7710986577e+00\n  190    0 1.0000000000 -8.0617616552e+00 -8.7527344176e+00\n  191    0 1.0000000000 -8.0047573382e+00 -8.7364869161e+00\n  192    0 1.0000000000 -7.9500562506e+00 -8.7223725130e+00\n  193    0 1.0000000000 -7.8985341304e+00 -8.7104054203e+00\n  194    0 1.0000000000 -7.8514464608e+00 -8.7005976879e+00\n  195    0 1.0000000000 -7.8105621364e+00 -8.6929591913e+00\n  196    0 1.0000000000 -7.7782329757e+00 -8.6874976219e+00\n  197    0 1.0000000000 -7.7571952274e+00 -8.6842184789e+00\n  198    0 1.0000000000 -7.7498525903e+00 -8.6831250643e+00\n  199    0 1.0000000000 -7.7693904446e+00 -8.6853121294e+00\n  200    0 1.0000000000 -7.8400746758e+00 -8.6918739512e+00\n  201    0 1.0000000000 -7.9416372380e+00 -8.7028123967e+00\n  202    0 1.0000000000 -8.0584576456e+00 -8.7181305377e+00\n  203    0 1.0000000000 -8.1839623790e+00 -8.7378325911e+00\n  204    0 1.0000000000 -8.3150779568e+00 -8.7619238350e+00\n  205    0 1.0000000000 -8.4502231483e+00 -8.7904105029e+00\n  206    0 1.0000000000 -8.5885134264e+00 -8.8232996543e+00\n  207    0 1.0000000000 -8.7294168441e+00 -8.8605990237e+00\n  208    0 1.0000000000 -8.8725926279e+00 -8.9023168485e+00\n  209    0 1.0000000000 -9.0178097630e+00 -8.9484616760e+00\n  210    0 1.0000000000 -9.1649032506e+00 -8.9990421514e+00\n  211    0 1.0000000000 -9.3137492951e+00 -9.0540667873e+00\n  212    0 1.0000000000 -9.4642505553e+00 -9.1135437156e+00\n  213    0 1.0000000000 -9.6163270168e+00 -9.1774804235e+00\n  214    0 1.0000000000 -9.7699101389e+00 -9.2458834747e+00\n  215    0 1.0000000000 -9.9249389827e+00 -9.3187582173e+00\n  216    0 1.0000000000 -1.0081357578e+01 -9.3961084790e+00\n  217    0 1.0000000000 -1.0239113084e+01 -9.4779362531e+00\n  218    0 1.0000000000 -1.0398154484e+01 -9.5642413742e+00\n  219    0 1.0000000000 -1.0558431625e+01 -9.6550211877e+00\n  220    0 1.0000000000 -1.0719894513e+01 -9.7502702131e+00\n  221    0 1.0000000000 -1.0882492777e+01 -9.8499798033e+00\n  222    0 1.0000000000 -1.1046175259e+01 -9.9541378024e+00\n  223    0 1.0000000000 -1.1210889696e+01 -1.0062728202e+01\n  224    0 1.0000000000 -1.1376582468e+01 -1.0175730801e+01\n  225    0 1.0000000000 -1.1543198401e+01 -1.0293120863e+01\n  226    0 1.0000000000 -1.1710680606e+01 -1.0414868789e+01\n  227    0 1.0000000000 -1.1878970353e+01 -1.0540939785e+01\n  228    0 1.0000000000 -1.2048006968e+01 -1.0671293545e+01\n  229    0 1.0000000000 -1.2217727751e+01 -1.0805883945e+01\n  230    0 1.0000000000 -1.2388067915e+01 -1.0944658742e+01\n  231    0 1.0000000000 -1.2558960531e+01 -1.1087559297e+01\n  232    0 1.0000000000 -1.2730336496e+01 -1.1234520303e+01\n  233    0 1.0000000000 -1.2902124505e+01 -1.1385469535e+01\n  234    0 1.0000000000 -1.3074251037e+01 -1.1540327622e+01\n  235    0 1.0000000000 -1.3246640350e+01 -1.1699007827e+01\n  236    0 1.0000000000 -1.3419214484e+01 -1.1861415863e+01\n  237    0 1.0000000000 -1.3591893272e+01 -1.2027449718e+01\n  238    0 1.0000000000 -1.3764594361e+01 -1.2196999517e+01\n  239    0 1.0000000000 -1.3937233237e+01 -1.2369947394e+01\n  240    0 1.0000000000 -1.4109723263e+01 -1.2546167405e+01\n  241    0 1.0000000000 -1.4281975719e+01 -1.2725525455e+01\n  242    0 1.0000000000 -1.4453899851e+01 -1.2907879263e+01\n  243    0 1.0000000000 -1.4625402929e+01 -1.3093078347e+01\n  244    0 1.0000000000 -1.4796390309e+01 -1.3280964045e+01\n  245    0 1.0000000000 -1.4966765501e+01 -1.3471369563e+01\n  246    0 1.0000000000 -1.5136430250e+01 -1.3664120051e+01\n  247    0 1.0000000000 -1.5305284615e+01 -1.3859032710e+01\n  248    0 1.0000000000 -1.5473227059e+01 -1.4055916935e+01\n  249    0 1.0000000000 -1.5640154548e+01 -1.4254574479e+01\n  250    0 1.0000000000 -1.5805962650e+01 -1.4454799657e+01\n  251    0 1.0000000000 -1.5970545643e+01 -1.4656379574e+01\n  252    0 1.0000000000 -1.6133796630e+01 -1.4859094384e+01\n  253    0 1.0000000000 -1.6295607658e+01 -1.5062717579e+01\n  254    0 1.0000000000 -1.6455869843e+01 -1.5267016312e+01\n  255    0 1.0000000000 -1.6614473502e+01 -1.5471751737e+01\n  256    0 1.0000000000 -1.6771308285e+01 -1.5676679385e+01\n  257    0 1.0000000000 -1.6926263317e+01 -1.5881549568e+01\n  258    0 1.0000000000 -1.7079227342e+01 -1.6086107799e+01\n  259    0 1.0000000000 -1.7230088874e+01 -1.6290095250e+01\n  260    0 1.0000000000 -1.7378736345e+01 -1.6493249215e+01\n  261    0 1.0000000000 -1.7525058268e+01 -1.6695303617e+01\n  262    0 1.0000000000 -1.7668943389e+01 -1.6895989513e+01\n  263    0 1.0000000000 -1.7810280855e+01 -1.7095035636e+01\n  264    0 1.0000000000 -1.7948960377e+01 -1.7292168944e+01\n  265    0 1.0000000000 -1.8084872398e+01 -1.7487115187e+01\n  266    0 1.0000000000 -1.8217908260e+01 -1.7679599489e+01\n  267    0 1.0000000000 -1.8347960378e+01 -1.7869346939e+01\n  268    0 1.0000000000 -1.8474922407e+01 -1.8056083200e+01\n  269    0 1.0000000000 -1.8598689416e+01 -1.8239535112e+01\n  270    0 1.0000000000 -1.8719158061e+01 -1.8419431318e+01\n  271    0 1.0000000000 -1.8836226752e+01 -1.8595502882e+01\n  272    0 1.0000000000 -1.8949795832e+01 -1.8767483914e+01\n  273    0 1.0000000000 -1.9059767736e+01 -1.8935112192e+01\n  274    0 1.0000000000 -1.9166047167e+01 -1.9098129792e+01\n  275    0 1.0000000000 -1.9268541258e+01 -1.9256283697e+01\n  276    0 1.0000000000 -1.9367159736e+01 -1.9409326418e+01\n  277    0 1.0000000000 -1.9461815081e+01 -1.9557016591e+01\n  278    0 1.0000000000 -1.9552422684e+01 -1.9699119580e+01\n  279    0 1.0000000000 -1.9638900999e+01 -1.9835408050e+01\n  280    0 1.0000000000 -1.9721171691e+01 -1.9965662543e+01\n  281    0 1.0000000000 -1.9799159777e+01 -2.0089672025e+01\n  282    0 1.0000000000 -1.9872793771e+01 -2.0207234423e+01\n  283    0 1.0000000000 -1.9942005808e+01 -2.0318157136e+01\n  284    0 1.0000000000 -2.0006731779e+01 -2.0422257533e+01\n  285    0 1.0000000000 -2.0066911446e+01 -2.0519363418e+01\n  286    0 1.0000000000 -2.0122488557e+01 -2.0609313477e+01\n  287    0 1.0000000000 -2.0173410953e+01 -2.0691957694e+01\n  288    0 1.0000000000 -2.0219630667e+01 -2.0767157745e+01\n  289    0 1.0000000000 -2.0261104019e+01 -2.0834787356e+01\n  290    0 1.0000000000 -2.0297791694e+01 -2.0894732635e+01\n  291    0 1.0000000000 -2.0329658822e+01 -2.0946892371e+01\n  292    0 1.0000000000 -2.0356675044e+01 -2.0991178301e+01\n  293    0 1.0000000000 -2.0378814571e+01 -2.1027515341e+01\n  294    0 1.0000000000 -2.0396056235e+01 -2.1055841786e+01\n  295    0 1.0000000000 -2.0408383528e+01 -2.1076109473e+01\n  296    0 1.0000000000 -2.0415784636e+01 -2.1088283908e+01\n  297    0 1.0000000000 -2.0418252461e+01 -2.1092344359e+01\n