SINGLE-ORBITAL NN+NNN EFFECTIVE MODEL FIT

m=4
eon=0.0
t0=1.0
l_decay=0.6
dl=0.1
pairing=./m=4/pairing.txt
microscopic_orbitals=34

E_eff(k) = eps0 + 2*t1[cos(k.u1)+cos(k.u2)] + 4*t2*cos(k.u1)*cos(k.u2)

eps0     = -1.59746553838436e+01
t1       = -1.13042313721088e+00
t2       = -1.12008243699206e-01

RMSE=6.22426174634558e-01
MAE=5.18629137535874e-01
max_abs_error=1.32321127940040e+00
optimizer_success=True
optimizer_message=Linear least-squares solution
minimum_tracking_continuity=1.0000000000
mean_tracking_continuity=1.0000000000

# k_index idx continuity target fit\n    0    0 1.0000000000 -2.0419598107e+01 -2.0944380907e+01\n    1    0 1.0000000000 -2.0418846499e+01 -2.0943017102e+01\n    2    0 1.0000000000 -2.0416591904e+01 -2.0938927057e+01\n    3    0 1.0000000000 -2.0412835008e+01 -2.0932114893e+01\n    4    0 1.0000000000 -2.0407576955e+01 -2.0922587467e+01\n    5    0 1.0000000000 -2.0400819343e+01 -2.0910354374e+01\n    6    0 1.0000000000 -2.0392564228e+01 -2.0895427930e+01\n    7    0 1.0000000000 -2.0382814118e+01 -2.0877823167e+01\n    8    0 1.0000000000 -2.0371571974e+01 -2.0857557810e+01\n    9    0 1.0000000000 -2.0358841208e+01 -2.0834652264e+01\n   10    0 1.0000000000 -2.0344625680e+01 -2.0809129594e+01\n   11    0 1.0000000000 -2.0328929694e+01 -2.0781015499e+01\n   12    0 1.0000000000 -2.0311757999e+01 -2.0750338288e+01\n   13    0 1.0000000000 -2.0293115785e+01 -2.0717128849e+01\n   14    0 1.0000000000 -2.0273008676e+01 -2.0681420621e+01\n   15    0 1.0000000000 -2.0251442730e+01 -2.0643249561e+01\n   16    0 1.0000000000 -2.0228424436e+01 -2.0602654103e+01\n   17    0 1.0000000000 -2.0203960707e+01 -2.0559675123e+01\n   18    0 1.0000000000 -2.0178058876e+01 -2.0514355897e+01\n   19    0 1.0000000000 -2.0150726694e+01 -2.0466742058e+01\n   20    0 1.0000000000 -2.0121972323e+01 -2.0416881549e+01\n   21    0 1.0000000000 -2.0091804330e+01 -2.0364824575e+01\n   22    0 1.0000000000 -2.0060231685e+01 -2.0310623554e+01\n   23    0 1.0000000000 -2.0027263750e+01 -2.0254333061e+01\n   24    0 1.0000000000 -1.9992910281e+01 -2.0196009776e+01\n   25    0 1.0000000000 -1.9957181415e+01 -2.0135712425e+01\n   26    0 1.0000000000 -1.9920087665e+01 -2.0073501724e+01\n   27    0 1.0000000000 -1.9881639916e+01 -2.0009440312e+01\n   28    0 1.0000000000 -1.9841849419e+01 -1.9943592694e+01\n   29    0 1.0000000000 -1.9800727779e+01 -1.9876025173e+01\n   30    0 1.0000000000 -1.9758286952e+01 -1.9806805784e+01\n   31    0 1.0000000000 -1.9714539238e+01 -1.9736004225e+01\n   32    0 1.0000000000 -1.9669497272e+01 -1.9663691787e+01\n   33    0 1.0000000000 -1.9623174014e+01 -1.9589941283e+01\n   34    0 1.0000000000 -1.9575582748e+01 -1.9514826973e+01\n   35    0 1.0000000000 -1.9526737068e+01 -1.9438424490e+01\n   36    0 1.0000000000 -1.9476650872e+01 -1.9360810767e+01\n   37    0 1.0000000000 -1.9425338354e+01 -1.9282063952e+01\n   38    0 1.0000000000 -1.9372813995e+01 -1.9202263338e+01\n   39    0 1.0000000000 -1.9319092555e+01 -1.9121489277e+01\n   40    0 1.0000000000 -1.9264189064e+01 -1.9039823102e+01\n   41    0 1.0000000000 -1.9208118814e+01 -1.8957347043e+01\n   42    0 1.0000000000 -1.9150897349e+01 -1.8874144146e+01\n   43    0 1.0000000000 -1.9092540458e+01 -1.8790298191e+01\n   44    0 1.0000000000 -1.9033064164e+01 -1.8705893603e+01\n   45    0 1.0000000000 -1.8972484716e+01 -1.8621015371e+01\n   46    0 1.0000000000 -1.8910818578e+01 -1.8535748958e+01\n   47    0 1.0000000000 -1.8848082423e+01 -1.8450180222e+01\n   48    0 1.0000000000 -1.8784293122e+01 -1.8364395323e+01\n   49    0 1.0000000000 -1.8719467735e+01 -1.8278480638e+01\n   50    0 1.0000000000 -1.8653623501e+01 -1.8192522678e+01\n   51    0 1.0000000000 -1.8586777828e+01 -1.8106607994e+01\n   52    0 1.0000000000 -1.8518948286e+01 -1.8020823095e+01\n   53    0 1.0000000000 -1.8450152598e+01 -1.7935254359e+01\n   54    0 1.0000000000 -1.8380408625e+01 -1.7849987946e+01\n   55    0 1.0000000000 -1.8309734365e+01 -1.7765109713e+01\n   56    0 1.0000000000 -1.8238147935e+01 -1.7680705125e+01\n   57    0 1.0000000000 -1.8165667570e+01 -1.7596859170e+01\n   58    0 1.0000000000 -1.8092311608e+01 -1.7513656274e+01\n   59    0 1.0000000000 -1.8018098481e+01 -1.7431180215e+01\n   60    0 1.0000000000 -1.7943046709e+01 -1.7349514039e+01\n   61    0 1.0000000000 -1.7867174891e+01 -1.7268739978e+01\n   62    0 1.0000000000 -1.7790501690e+01 -1.7188939364e+01\n   63    0 1.0000000000 -1.7713045833e+01 -1.7110192550e+01\n   64    0 1.0000000000 -1.7634826094e+01 -1.7032578826e+01\n   65    0 1.0000000000 -1.7555861292e+01 -1.6956176344e+01\n   66    0 1.0000000000 -1.7476170277e+01 -1.6881062034e+01\n   67    0 1.0000000000 -1.7395771926e+01 -1.6807311529e+01\n   68    0 1.0000000000 -1.7314685131e+01 -1.6734999092e+01\n   69    0 1.0000000000 -1.7232928797e+01 -1.6664197533e+01\n   70    0 1.0000000000 -1.7150521827e+01 -1.6594978144e+01\n   71    0 1.0000000000 -1.7067483120e+01 -1.6527410623e+01\n   72    0 1.0000000000 -1.6983831561e+01 -1.6461563005e+01\n   73    0 1.0000000000 -1.6899586018e+01 -1.6397501593e+01\n   74    0 1.0000000000 -1.6814765332e+01 -1.6335290891e+01\n   75    0 1.0000000000 -1.6729388314e+01 -1.6274993540e+01\n   76    0 1.0000000000 -1.6643473741e+01 -1.6216670255e+01\n   77    0 1.0000000000 -1.6557040351e+01 -1.6160379762e+01\n   78    0 1.0000000000 -1.6470106841e+01 -1.6106178741e+01\n   79    0 1.0000000000 -1.6382691868e+01 -1.6054121768e+01\n   80    0 1.0000000000 -1.6294814049e+01 -1.6004261259e+01\n   81    0 1.0000000000 -1.6206491969e+01 -1.5956647420e+01\n   82    0 1.0000000000 -1.6117744189e+01 -1.5911328194e+01\n   83    0 1.0000000000 -1.6028589260e+01 -1.5868349214e+01\n   84    0 1.0000000000 -1.5939045755e+01 -1.5827753755e+01\n   85    0 1.0000000000 -1.5849132299e+01 -1.5789582695e+01\n   86    0 1.0000000000 -1.5758867638e+01 -1.5753874468e+01\n   87    0 1.0000000000 -1.5668270726e+01 -1.5720665029e+01\n   88    0 1.0000000000 -1.5577360878e+01 -1.5689987817e+01\n   89    0 1.0000000000 -1.5486158005e+01 -1.5661873722e+01\n   90    0 1.0000000000 -1.5394683019e+01 -1.5636351052e+01\n   91    0 1.0000000000 -1.5302958539e+01 -1.5613445507e+01\n   92    0 1.0000000000 -1.5211010201e+01 -1.5593180150e+01\n   93    0 1.0000000000 -1.5118869268e+01 -1.5575575386e+01\n   94    0 1.0000000000 -1.5026578341e+01 -1.5560648943e+01\n   95    0 1.0000000000 -1.4934205463e+01 -1.5548415850e+01\n   96    0 1.0000000000 -1.4841885668e+01 -1.5538888424e+01\n   97    0 1.0000000000 -1.4749981040e+01 -1.5532076259e+01\n   98    0 1.0000000000 -1.4660085495e+01 -1.5527986215e+01\n   99    0 1.0000000000 -1.4594131797e+01 -1.5526622409e+01\n  100    0 1.0000000000 -1.4593667112e+01 -1.5525709734e+01\n  101    0 1.0000000000 -1.4592263445e+01 -1.5522972629e+01\n  102    0 1.0000000000 -1.4589921161e+01 -1.5518413850e+01\n  103    0 1.0000000000 -1.4586640870e+01 -1.5512037987e+01\n  104    0 1.0000000000 -1.4582423424e+01 -1.5503851459e+01\n  105    0 1.0000000000 -1.4577269918e+01 -1.5493862511e+01\n  106    0 1.0000000000 -1.4571181691e+01 -1.5482081200e+01\n  107    0 1.0000000000 -1.4564160320e+01 -1.5468519389e+01\n  108    0 1.0000000000 -1.4556207624e+01 -1.5453190733e+01\n  109    0 1.0000000000 -1.4547325663e+01 -1.5436110667e+01\n  110    0 1.0000000000 -1.4537516732e+01 -1.5417296390e+01\n  111    0 1.0000000000 -1.4526783365e+01 -1.5396766845e+01\n  112    0 1.0000000000 -1.4515128332e+01 -1.5374542705e+01\n  113    0 1.0000000000 -1.4502554637e+01 -1.5350646347e+01\n  114    0 1.0000000000 -1.4489065516e+01 -1.5325101832e+01\n  115    0 1.0000000000 -1.4474664434e+01 -1.5297934882e+01\n  116    0 1.0000000000 -1.4459355089e+01 -1.5269172852e+01\n  117    0 1.0000000000 -1.4443141402e+01 -1.5238844702e+01\n  118    0 1.0000000000 -1.4426027521e+01 -1.5206980971e+01\n  119    0 1.0000000000 -1.4408017814e+01 -1.5173613742e+01\n  120    0 1.0000000000 -1.4389116872e+01 -1.5138776614e+01\n  121    0 1.0000000000 -1.4369329501e+01 -1.5102504664e+01\n  122    0 1.0000000000 -1.4348660725e+01 -1.5064834416e+01\n  123    0 1.0000000000 -1.4327115776e+01 -1.5025803799e+01\n  124    0 1.0000000000 -1.4304700100e+01 -1.4985452115e+01\n  125    0 1.0000000000 -1.4281419347e+01 -1.4943819995e+01\n  126    0 1.0000000000 -1.4257279370e+01 -1.4900949357e+01\n  127    0 1.0000000000 -1.4232286224e+01 -1.4856883370e+01\n  128    0 1.0000000000 -1.4206446162e+01 -1.4811666405e+01\n  129    0 1.0000000000 -1.4179765629e+01 -1.4765343990e+01\n  130    0 1.0000000000 -1.4152251262e+01 -1.4717962768e+01\n  131    0 1.0000000000 -1.4123909884e+01 -1.4669570449e+01\n  132    0 1.0000000000 -1.4094748502e+01 -1.4620215759e+01\n  133    0 1.0000000000 -1.4064774304e+01 -1.4569948395e+01\n  134    0 1.0000000000 -1.4033994654e+01 -1.4518818971e+01\n  135    0 1.0000000000 -1.4002417088e+01 -1.4466878970e+01\n  136    0 1.0000000000 -1.3970049310e+01 -1.4414180692e+01\n  137    0 1.0000000000 -1.3936899190e+01 -1.4360777198e+01\n  138    0 1.0000000000 -1.3902974759e+01 -1.4306722263e+01\n  139    0 1.0000000000 -1.3868284204e+01 -1.4252070315e+01\n  140    0 1.0000000000 -1.3832835865e+01 -1.4196876383e+01\n  141    0 1.0000000000 -1.3796638232e+01 -1.4141196043e+01\n  142    0 1.0000000000 -1.3759699937e+01 -1.4085085361e+01\n  143    0 1.0000000000 -1.3722029755e+01 -1.4028600835e+01\n  144    0 1.0000000000 -1.3683636595e+01 -1.3971799341e+01\n  145    0 1.0000000000 -1.3644529500e+01 -1.3914738072e+01\n  146    0 1.0000000000 -1.3604717638e+01 -1.3857474485e+01\n  147    0 1.0000000000 -1.3564210303e+01 -1.3800066239e+01\n  148    0 1.0000000000 -1.3523016906e+01 -1.3742571140e+01\n  149    0 1.0000000000 -1.3481146975e+01 -1.3685047079e+01\n  150    0 1.0000000000 -1.3438610146e+01 -1.3627551980e+01\n  151    0 1.0000000000 -1.3395416163e+01 -1.3570143734e+01\n  152    0 1.0000000000 -1.3351574872e+01 -1.3512880147e+01\n  153    0 1.0000000000 -1.3307096216e+01 -1.3455818878e+01\n  154    0 1.0000000000 -1.3261990231e+01 -1.3399017383e+01\n  155    0 1.0000000000 -1.3216267044e+01 -1.3342532858e+01\n  156    0 1.0000000000 -1.3169936867e+01 -1.3286422176e+01\n  157    0 1.0000000000 -1.3123009994e+01 -1.3230741836e+01\n  158    0 1.0000000000 -1.3075496794e+01 -1.3175547904e+01\n  159    0 1.0000000000 -1.3027407714e+01 -1.3120895956e+01\n  160    0 1.0000000000 -1.2978753267e+01 -1.3066841020e+01\n  161    0 1.0000000000 -1.2929544037e+01 -1.3013437527e+01\n  162    0 1.0000000000 -1.2879790668e+01 -1.2960739249e+01\n  163    0 1.0000000000 -1.2829503868e+01 -1.2908799248e+01\n  164    0 1.0000000000 -1.2778694399e+01 -1.2857669824e+01\n  165    0 1.0000000000 -1.2727373083e+01 -1.2807402460e+01\n  166    0 1.0000000000 -1.2675550793e+01 -1.2758047770e+01\n  167    0 1.0000000000 -1.2623238456e+01 -1.2709655451e+01\n  168    0 1.0000000000 -1.2570447049e+01 -1.2662274229e+01\n  169    0 1.0000000000 -1.2517187603e+01 -1.2615951814e+01\n  170    0 1.0000000000 -1.2463471202e+01 -1.2570734848e+01\n  171    0 1.0000000000 -1.2409308985e+01 -1.2526668862e+01\n  172    0 1.0000000000 -1.2354712149e+01 -1.2483798224e+01\n  173    0 1.0000000000 -1.2299691959e+01 -1.2442166104e+01\n  174    0 1.0000000000 -1.2244259753e+01 -1.2401814420e+01\n  175    0 1.0000000000 -1.2188426953e+01 -1.2362783803e+01\n  176    0 1.0000000000 -1.2132205086e+01 -1.2325113555e+01\n  177    0 1.0000000000 -1.2075605800e+01 -1.2288841605e+01\n  178    0 1.0000000000 -1.2018640900e+01 -1.2254004477e+01\n  179    0 1.0000000000 -1.1961322383e+01 -1.2220637248e+01\n  180    0 1.0000000000 -1.1903662496e+01 -1.2188773517e+01\n  181    0 1.0000000000 -1.1845673812e+01 -1.2158445367e+01\n  182    0 1.0000000000 -1.1787369334e+01 -1.2129683337e+01\n  183    0 1.0000000000 -1.1728762645e+01 -1.2102516387e+01\n  184    0 1.0000000000 -1.1669868121e+01 -1.2076971872e+01\n  185    0 1.0000000000 -1.1610701241e+01 -1.2053075514e+01\n  186    0 1.0000000000 -1.1551279058e+01 -1.2030851374e+01\n  187    0 1.0000000000 -1.1491620916e+01 -1.2010321829e+01\n  188    0 1.0000000000 -1.1431749594e+01 -1.1991507552e+01\n  189    0 1.0000000000 -1.1371693199e+01 -1.1974427486e+01\n  190    0 1.0000000000 -1.1311488437e+01 -1.1959098830e+01\n  191    0 1.0000000000 -1.1251186586e+01 -1.1945537019e+01\n  192    0 1.0000000000 -1.1190865176e+01 -1.1933755708e+01\n  193    0 1.0000000000 -1.1130652829e+01 -1.1923766759e+01\n  194    0 1.0000000000 -1.1070788188e+01 -1.1915580232e+01\n  195    0 1.0000000000 -1.1011781432e+01 -1.1909204369e+01\n  196    0 1.0000000000 -1.0954953063e+01 -1.1904645589e+01\n  197    0 1.0000000000 -1.0904737206e+01 -1.1901908484e+01\n  198    0 1.0000000000 -1.0878556725e+01 -1.1900995810e+01\n  199    0 1.0000000000 -1.0934320403e+01 -1.1902821273e+01\n  200    0 1.0000000000 -1.1043846464e+01 -1.1908297185e+01\n  201    0 1.0000000000 -1.1164838584e+01 -1.1917422114e+01\n  202    0 1.0000000000 -1.1289242194e+01 -1.1930193653e+01\n  203    0 1.0000000000 -1.1415288212e+01 -1.1946608400e+01\n  204    0 1.0000000000 -1.1542389577e+01 -1.1966661921e+01\n  205    0 1.0000000000 -1.1670289289e+01 -1.1990348703e+01\n  206    0 1.0000000000 -1.1798849790e+01 -1.2017662108e+01\n  207    0 1.0000000000 -1.1927984682e+01 -1.2048594303e+01\n  208    0 1.0000000000 -1.2057632125e+01 -1.2083136192e+01\n  209    0 1.0000000000 -1.2187743023e+01 -1.2121277335e+01\n  210    0 1.0000000000 -1.2318275229e+01 -1.2163005863e+01\n  211    0 1.0000000000 -1.2449190469e+01 -1.2208308380e+01\n  212    0 1.0000000000 -1.2580452613e+01 -1.2257169865e+01\n  213    0 1.0000000000 -1.2712026651e+01 -1.2309573557e+01\n  214    0 1.0000000000 -1.2843878052e+01 -1.2365500851e+01\n  215    0 1.0000000000 -1.2975972364e+01 -1.2424931172e+01\n  216    0 1.0000000000 -1.3108274936e+01 -1.2487841852e+01\n  217    0 1.0000000000 -1.3240750748e+01 -1.2554208008e+01\n  218    0 1.0000000000 -1.3373364275e+01 -1.2624002407e+01\n  219    0 1.0000000000 -1.3506079407e+01 -1.2697195338e+01\n  220    0 1.0000000000 -1.3638859387e+01 -1.2773754476e+01\n  221    0 1.0000000000 -1.3771666768e+01 -1.2853644746e+01\n  222    0 1.0000000000 -1.3904463380e+01 -1.2936828197e+01\n  223    0 1.0000000000 -1.4037210318e+01 -1.3023263861e+01\n  224    0 1.0000000000 -1.4169867927e+01 -1.3112907624e+01\n  225    0 1.0000000000 -1.4302395793e+01 -1.3205712100e+01\n  226    0 1.0000000000 -1.4434752749e+01 -1.3301626504e+01\n  227    0 1.0000000000 -1.4566896875e+01 -1.3400596534e+01\n  228    0 1.0000000000 -1.4698785504e+01 -1.3502564249e+01\n  229    0 1.0000000000 -1.4830375234e+01 -1.3607467968e+01\n  230    0 1.0000000000 -1.4961621937e+01 -1.3715242160e+01\n  231    0 1.0000000000 -1.5092480781e+01 -1.3825817353e+01\n  232    0 1.0000000000 -1.5222906238e+01 -1.3939120044e+01\n  233    0 1.0000000000 -1.5352852110e+01 -1.4055072623e+01\n  234    0 1.0000000000 -1.5482271550e+01 -1.4173593301e+01\n  235    0 1.0000000000 -1.5611117081e+01 -1.4294596055e+01\n  236    0 1.0000000000 -1.5739340624e+01 -1.4417990578e+01\n  237    0 1.0000000000 -1.5866893525e+01 -1.4543682245e+01\n  238    0 1.0000000000 -1.5993726581e+01 -1.4671572088e+01\n  239    0 1.0000000000 -1.6119790075e+01 -1.4801556783e+01\n  240    0 1.0000000000 -1.6245033802e+01 -1.4933528654e+01\n  241    0 1.0000000000 -1.6369407106e+01 -1.5067375688e+01\n  242    0 1.0000000000 -1.6492858915e+01 -1.5202981560e+01\n  243    0 1.0000000000 -1.6615337774e+01 -1.5340225682e+01\n  244    0 1.0000000000 -1.6736791888e+01 -1.5478983254e+01\n  245    0 1.0000000000 -1.6857169156e+01 -1.5619125340e+01\n  246    0 1.0000000000 -1.6976417218e+01 -1.5760518954e+01\n  247    0 1.0000000000 -1.7094483488e+01 -1.5903027156e+01\n  248    0 1.0000000000 -1.7211315207e+01 -1.6046509177e+01\n  249    0 1.0000000000 -1.7326859481e+01 -1.6190820542e+01\n  250    0 1.0000000000 -1.7441063328e+01 -1.6335813219e+01\n  251    0 1.0000000000 -1.7553873726e+01 -1.6481335779e+01\n  252    0 1.0000000000 -1.7665237659e+01 -1.6627233569e+01\n  253    0 1.0000000000 -1.7775102168e+01 -1.6773348902e+01\n  254    0 1.0000000000 -1.7883414399e+01 -1.6919521257e+01\n  255    0 1.0000000000 -1.7990121654e+01 -1.7065587498e+01\n  256    0 1.0000000000 -1.8095171440e+01 -1.7211382099e+01\n  257    0 1.0000000000 -1.8198511525e+01 -1.7356737385e+01\n  258    0 1.0000000000 -1.8300089988e+01 -1.7501483791e+01\n  259    0 1.0000000000 -1.8399855272e+01 -1.7645450116e+01\n  260    0 1.0000000000 -1.8497756237e+01 -1.7788463807e+01\n  261    0 1.0000000000 -1.8593742218e+01 -1.7930351239e+01\n  262    0 1.0000000000 -1.8687763072e+01 -1.8070938010e+01\n  263    0 1.0000000000 -1.8779769236e+01 -1.8210049244e+01\n  264    0 1.0000000000 -1.8869711785e+01 -1.8347509902e+01\n  265    0 1.0000000000 -1.8957542479e+01 -1.8483145097e+01\n  266    0 1.0000000000 -1.9043213821e+01 -1.8616780419e+01\n  267    0 1.0000000000 -1.9126679112e+01 -1.8748242261e+01\n  268    0 1.0000000000 -1.9207892500e+01 -1.8877358153e+01\n  269    0 1.0000000000 -1.9286809041e+01 -1.9003957097e+01\n  270    0 1.0000000000 -1.9363384743e+01 -1.9127869902e+01\n  271    0 1.0000000000 -1.9437576622e+01 -1.9248929525e+01\n  272    0 1.0000000000 -1.9509342756e+01 -1.9366971407e+01\n  273    0 1.0000000000 -1.9578642330e+01 -1.9481833812e+01\n  274    0 1.0000000000 -1.9645435689e+01 -1.9593358164e+01\n  275    0 1.0000000000 -1.9709684387e+01 -1.9701389377e+01\n  276    0 1.0000000000 -1.9771351230e+01 -1.9805776181e+01\n  277    0 1.0000000000 -1.9830400329e+01 -1.9906371454e+01\n  278    0 1.0000000000 -1.9886797139e+01 -2.0003032530e+01\n  279    0 1.0000000000 -1.9940508505e+01 -2.0095621514e+01\n  280    0 1.0000000000 -1.9991502705e+01 -2.0184005585e+01\n  281    0 1.0000000000 -2.0039749486e+01 -2.0268057286e+01\n  282    0 1.0000000000 -2.0085220110e+01 -2.0347654808e+01\n  283    0 1.0000000000 -2.0127887385e+01 -2.0422682265e+01\n  284    0 1.0000000000 -2.0167725701e+01 -2.0493029952e+01\n  285    0 1.0000000000 -2.0204711065e+01 -2.0558594594e+01\n  286    0 1.0000000000 -2.0238821134e+01 -2.0619279578e+01\n  287    0 1.0000000000 -2.0270035238e+01 -2.0674995180e+01\n  288    0 1.0000000000 -2.0298334414e+01 -2.0725658762e+01\n  289    0 1.0000000000 -2.0323701428e+01 -2.0771194970e+01\n  290    0 1.0000000000 -2.0346120797e+01 -2.0811535902e+01\n  291    0 1.0000000000 -2.0365578811e+01 -2.0846621269e+01\n  292    0 1.0000000000 -2.0382063550e+01 -2.0876398531e+01\n  293    0 1.0000000000 -2.0395564902e+01 -2.0900823025e+01\n  294    0 1.0000000000 -2.0406074575e+01 -2.0919858064e+01\n  295    0 1.0000000000 -2.0413586106e+01 -2.0933475023e+01\n  296    0 1.0000000000 -2.0418094875e+01 -2.0941653409e+01\n  297    0 1.0000000000 -2.0419598107e+01 -2.0944380907e+01\n