SINGLE-ORBITAL NN+NNN EFFECTIVE MODEL FIT

m=6
eon=0.0
t0=1.0
l_decay=0.6
dl=0.1
pairing=./m=6/pairing.txt
microscopic_orbitals=74

E_eff(k) = eps0 + 2*t1[cos(k.u1)+cos(k.u2)] + 4*t2*cos(k.u1)*cos(k.u2)

eps0     = -1.80871579473702e+01
t1       = -6.29474686006741e-01
t2       = -3.26748360008525e-02

RMSE=3.89293452283180e-01
MAE=3.17913348150800e-01
max_abs_error=8.43321440277077e-01
optimizer_success=True
optimizer_message=Linear least-squares solution
minimum_tracking_continuity=1.0000000000
mean_tracking_continuity=1.0000000000

# k_index idx continuity target fit\n    0    0 1.0000000000 -2.0429484384e+01 -2.0735756035e+01\n    1    0 1.0000000000 -2.0429135029e+01 -2.0735056406e+01\n    2    0 1.0000000000 -2.0428087016e+01 -2.0732958223e+01\n    3    0 1.0000000000 -2.0426340500e+01 -2.0729463598e+01\n    4    0 1.0000000000 -2.0423895737e+01 -2.0724576051e+01\n    5    0 1.0000000000 -2.0420753087e+01 -2.0718300503e+01\n    6    0 1.0000000000 -2.0416913012e+01 -2.0710643273e+01\n    7    0 1.0000000000 -2.0412376076e+01 -2.0701612070e+01\n    8    0 1.0000000000 -2.0407142947e+01 -2.0691215989e+01\n    9    0 1.0000000000 -2.0401214393e+01 -2.0679465498e+01\n   10    0 1.0000000000 -2.0394591284e+01 -2.0666372428e+01\n   11    0 1.0000000000 -2.0387274592e+01 -2.0651949963e+01\n   12    0 1.0000000000 -2.0379265391e+01 -2.0636212625e+01\n   13    0 1.0000000000 -2.0370564854e+01 -2.0619176261e+01\n   14    0 1.0000000000 -2.0361174254e+01 -2.0600858024e+01\n   15    0 1.0000000000 -2.0351094967e+01 -2.0581276359e+01\n   16    0 1.0000000000 -2.0340328465e+01 -2.0560450984e+01\n   17    0 1.0000000000 -2.0328876322e+01 -2.0538402868e+01\n   18    0 1.0000000000 -2.0316740207e+01 -2.0515154211e+01\n   19    0 1.0000000000 -2.0303921891e+01 -2.0490728423e+01\n   20    0 1.0000000000 -2.0290423238e+01 -2.0465150099e+01\n   21    0 1.0000000000 -2.0276246213e+01 -2.0438444993e+01\n   22    0 1.0000000000 -2.0261392873e+01 -2.0410639996e+01\n   23    0 1.0000000000 -2.0245865375e+01 -2.0381763105e+01\n   24    0 1.0000000000 -2.0229665966e+01 -2.0351843396e+01\n   25    0 1.0000000000 -2.0212796990e+01 -2.0320910996e+01\n   26    0 1.0000000000 -2.0195260883e+01 -2.0288997052e+01\n   27    0 1.0000000000 -2.0177060174e+01 -2.0256133697e+01\n   28    0 1.0000000000 -2.0158197483e+01 -2.0222354024e+01\n   29    0 1.0000000000 -2.0138675522e+01 -2.0187692044e+01\n   30    0 1.0000000000 -2.0118497090e+01 -2.0152182659e+01\n   31    0 1.0000000000 -2.0097665079e+01 -2.0115861625e+01\n   32    0 1.0000000000 -2.0076182466e+01 -2.0078765514e+01\n   33    0 1.0000000000 -2.0054052315e+01 -2.0040931677e+01\n   34    0 1.0000000000 -2.0031277778e+01 -2.0002398212e+01\n   35    0 1.0000000000 -2.0007862092e+01 -1.9963203917e+01\n   36    0 1.0000000000 -1.9983808576e+01 -1.9923388259e+01\n   37    0 1.0000000000 -1.9959120633e+01 -1.9882991327e+01\n   38    0 1.0000000000 -1.9933801748e+01 -1.9842053799e+01\n   39    0 1.0000000000 -1.9907855489e+01 -1.9800616895e+01\n   40    0 1.0000000000 -1.9881285499e+01 -1.9758722338e+01\n   41    0 1.0000000000 -1.9854095504e+01 -1.9716412312e+01\n   42    0 1.0000000000 -1.9826289304e+01 -1.9673729421e+01\n   43    0 1.0000000000 -1.9797870779e+01 -1.9630716643e+01\n   44    0 1.0000000000 -1.9768843880e+01 -1.9587417287e+01\n   45    0 1.0000000000 -1.9739212634e+01 -1.9543874952e+01\n   46    0 1.0000000000 -1.9708981140e+01 -1.9500133482e+01\n   47    0 1.0000000000 -1.9678153569e+01 -1.9456236920e+01\n   48    0 1.0000000000 -1.9646734162e+01 -1.9412229468e+01\n   49    0 1.0000000000 -1.9614727228e+01 -1.9368155436e+01\n   50    0 1.0000000000 -1.9582137142e+01 -1.9324059203e+01\n   51    0 1.0000000000 -1.9548968349e+01 -1.9279985171e+01\n   52    0 1.0000000000 -1.9515225355e+01 -1.9235977719e+01\n   53    0 1.0000000000 -1.9480912732e+01 -1.9192081157e+01\n   54    0 1.0000000000 -1.9446035113e+01 -1.9148339687e+01\n   55    0 1.0000000000 -1.9410597192e+01 -1.9104797352e+01\n   56    0 1.0000000000 -1.9374603722e+01 -1.9061497996e+01\n   57    0 1.0000000000 -1.9338059513e+01 -1.9018485217e+01\n   58    0 1.0000000000 -1.9300969435e+01 -1.8975802326e+01\n   59    0 1.0000000000 -1.9263338409e+01 -1.8933492301e+01\n   60    0 1.0000000000 -1.9225171413e+01 -1.8891597744e+01\n   61    0 1.0000000000 -1.9186473475e+01 -1.8850160840e+01\n   62    0 1.0000000000 -1.9147249676e+01 -1.8809223312e+01\n   63    0 1.0000000000 -1.9107505145e+01 -1.8768826380e+01\n   64    0 1.0000000000 -1.9067245058e+01 -1.8729010721e+01\n   65    0 1.0000000000 -1.9026474642e+01 -1.8689816427e+01\n   66    0 1.0000000000 -1.8985199165e+01 -1.8651282961e+01\n   67    0 1.0000000000 -1.8943423940e+01 -1.8613449125e+01\n   68    0 1.0000000000 -1.8901154323e+01 -1.8576353014e+01\n   69    0 1.0000000000 -1.8858395711e+01 -1.8540031980e+01\n   70    0 1.0000000000 -1.8815153540e+01 -1.8504522595e+01\n   71    0 1.0000000000 -1.8771433285e+01 -1.8469860615e+01\n   72    0 1.0000000000 -1.8727240458e+01 -1.8436080941e+01\n   73    0 1.0000000000 -1.8682580605e+01 -1.8403217587e+01\n   74    0 1.0000000000 -1.8637459308e+01 -1.8371303642e+01\n   75    0 1.0000000000 -1.8591882182e+01 -1.8340371243e+01\n   76    0 1.0000000000 -1.8545854873e+01 -1.8310451534e+01\n   77    0 1.0000000000 -1.8499383058e+01 -1.8281574643e+01\n   78    0 1.0000000000 -1.8452472445e+01 -1.8253769646e+01\n   79    0 1.0000000000 -1.8405128769e+01 -1.8227064540e+01\n   80    0 1.0000000000 -1.8357357796e+01 -1.8201486216e+01\n   81    0 1.0000000000 -1.8309165317e+01 -1.8177060428e+01\n   82    0 1.0000000000 -1.8260557154e+01 -1.8153811771e+01\n   83    0 1.0000000000 -1.8211539155e+01 -1.8131763655e+01\n   84    0 1.0000000000 -1.8162117202e+01 -1.8110938279e+01\n   85    0 1.0000000000 -1.8112297205e+01 -1.8091356615e+01\n   86    0 1.0000000000 -1.8062085115e+01 -1.8073038378e+01\n   87    0 1.0000000000 -1.8011486927e+01 -1.8056002013e+01\n   88    0 1.0000000000 -1.7960508693e+01 -1.8040264675e+01\n   89    0 1.0000000000 -1.7909156543e+01 -1.8025842210e+01\n   90    0 1.0000000000 -1.7857436724e+01 -1.8012749141e+01\n   91    0 1.0000000000 -1.7805355655e+01 -1.8000998649e+01\n   92    0 1.0000000000 -1.7752920056e+01 -1.7990602568e+01\n   93    0 1.0000000000 -1.7700137180e+01 -1.7981571366e+01\n   94    0 1.0000000000 -1.7647015344e+01 -1.7973914136e+01\n   95    0 1.0000000000 -1.7593565252e+01 -1.7967638587e+01\n   96    0 1.0000000000 -1.7539803956e+01 -1.7962751040e+01\n   97    0 1.0000000000 -1.7485770709e+01 -1.7959256416e+01\n   98    0 1.0000000000 -1.7431637010e+01 -1.7957158233e+01\n   99    0 1.0000000000 -1.7385095767e+01 -1.7956458603e+01\n  100    0 1.0000000000 -1.7384803475e+01 -1.7955890577e+01\n  101    0 1.0000000000 -1.7383956204e+01 -1.7954187071e+01\n  102    0 1.0000000000 -1.7382554067e+01 -1.7951349800e+01\n  103    0 1.0000000000 -1.7380597252e+01 -1.7947381621e+01\n  104    0 1.0000000000 -1.7378086019e+01 -1.7942286529e+01\n  105    0 1.0000000000 -1.7375020707e+01 -1.7936069656e+01\n  106    0 1.0000000000 -1.7371401725e+01 -1.7928737260e+01\n  107    0 1.0000000000 -1.7367229560e+01 -1.7920296725e+01\n  108    0 1.0000000000 -1.7362504772e+01 -1.7910756550e+01\n  109    0 1.0000000000 -1.7357227994e+01 -1.7900126341e+01\n  110    0 1.0000000000 -1.7351399934e+01 -1.7888416801e+01\n  111    0 1.0000000000 -1.7345021374e+01 -1.7875639722e+01\n  112    0 1.0000000000 -1.7338093168e+01 -1.7861807968e+01\n  113    0 1.0000000000 -1.7330616245e+01 -1.7846935467e+01\n  114    0 1.0000000000 -1.7322591607e+01 -1.7831037195e+01\n  115    0 1.0000000000 -1.7314020325e+01 -1.7814129160e+01\n  116    0 1.0000000000 -1.7304903547e+01 -1.7796228385e+01\n  117    0 1.0000000000 -1.7295242491e+01 -1.7777352897e+01\n  118    0 1.0000000000 -1.7285038445e+01 -1.7757521701e+01\n  119    0 1.0000000000 -1.7274292771e+01 -1.7736754766e+01\n  120    0 1.0000000000 -1.7263006900e+01 -1.7715073002e+01\n  121    0 1.0000000000 -1.7251182333e+01 -1.7692498240e+01\n  122    0 1.0000000000 -1.7238820643e+01 -1.7669053212e+01\n  123    0 1.0000000000 -1.7225923469e+01 -1.7644761524e+01\n  124    0 1.0000000000 -1.7212492523e+01 -1.7619647637e+01\n  125    0 1.0000000000 -1.7198529583e+01 -1.7593736838e+01\n  126    0 1.0000000000 -1.7184036494e+01 -1.7567055217e+01\n  127    0 1.0000000000 -1.7169015171e+01 -1.7539629640e+01\n  128    0 1.0000000000 -1.7153467594e+01 -1.7511487722e+01\n  129    0 1.0000000000 -1.7137395809e+01 -1.7482657800e+01\n  130    0 1.0000000000 -1.7120801929e+01 -1.7453168903e+01\n  131    0 1.0000000000 -1.7103688130e+01 -1.7423050724e+01\n  132    0 1.0000000000 -1.7086056655e+01 -1.7392333589e+01\n  133    0 1.0000000000 -1.7067909808e+01 -1.7361048429e+01\n  134    0 1.0000000000 -1.7049249958e+01 -1.7329226743e+01\n  135    0 1.0000000000 -1.7030079535e+01 -1.7296900575e+01\n  136    0 1.0000000000 -1.7010401031e+01 -1.7264102474e+01\n  137    0 1.0000000000 -1.6990216998e+01 -1.7230865465e+01\n  138    0 1.0000000000 -1.6969530051e+01 -1.7197223014e+01\n  139    0 1.0000000000 -1.6948342862e+01 -1.7163208997e+01\n  140    0 1.0000000000 -1.6926658161e+01 -1.7128857663e+01\n  141    0 1.0000000000 -1.6904478738e+01 -1.7094203601e+01\n  142    0 1.0000000000 -1.6881807439e+01 -1.7059281704e+01\n  143    0 1.0000000000 -1.6858647166e+01 -1.7024127137e+01\n  144    0 1.0000000000 -1.6835000877e+01 -1.6988775296e+01\n  145    0 1.0000000000 -1.6810871585e+01 -1.6953261777e+01\n  146    0 1.0000000000 -1.6786262355e+01 -1.6917622341e+01\n  147    0 1.0000000000 -1.6761176308e+01 -1.6881892873e+01\n  148    0 1.0000000000 -1.6735616613e+01 -1.6846109349e+01\n  149    0 1.0000000000 -1.6709586495e+01 -1.6810307801e+01\n  150    0 1.0000000000 -1.6683089225e+01 -1.6774524277e+01\n  151    0 1.0000000000 -1.6656128126e+01 -1.6738794809e+01\n  152    0 1.0000000000 -1.6628706570e+01 -1.6703155373e+01\n  153    0 1.0000000000 -1.6600827973e+01 -1.6667641855e+01\n  154    0 1.0000000000 -1.6572495803e+01 -1.6632290014e+01\n  155    0 1.0000000000 -1.6543713569e+01 -1.6597135446e+01\n  156    0 1.0000000000 -1.6514484829e+01 -1.6562213550e+01\n  157    0 1.0000000000 -1.6484813182e+01 -1.6527559488e+01\n  158    0 1.0000000000 -1.6454702273e+01 -1.6493208154e+01\n  159    0 1.0000000000 -1.6424155785e+01 -1.6459194137e+01\n  160    0 1.0000000000 -1.6393177448e+01 -1.6425551686e+01\n  161    0 1.0000000000 -1.6361771027e+01 -1.6392314676e+01\n  162    0 1.0000000000 -1.6329940330e+01 -1.6359516575e+01\n  163    0 1.0000000000 -1.6297689203e+01 -1.6327190407e+01\n  164    0 1.0000000000 -1.6265021528e+01 -1.6295368722e+01\n  165    0 1.0000000000 -1.6231941228e+01 -1.6264083561e+01\n  166    0 1.0000000000 -1.6198452257e+01 -1.6233366427e+01\n  167    0 1.0000000000 -1.6164558609e+01 -1.6203248248e+01\n  168    0 1.0000000000 -1.6130264309e+01 -1.6173759351e+01\n  169    0 1.0000000000 -1.6095573419e+01 -1.6144929429e+01\n  170    0 1.0000000000 -1.6060490033e+01 -1.6116787511e+01\n  171    0 1.0000000000 -1.6025018278e+01 -1.6089361934e+01\n  172    0 1.0000000000 -1.5989162312e+01 -1.6062680313e+01\n  173    0 1.0000000000 -1.5952926328e+01 -1.6036769514e+01\n  174    0 1.0000000000 -1.5916314549e+01 -1.6011655627e+01\n  175    0 1.0000000000 -1.5879331231e+01 -1.5987363939e+01\n  176    0 1.0000000000 -1.5841980663e+01 -1.5963918911e+01\n  177    0 1.0000000000 -1.5804267168e+01 -1.5941344149e+01\n  178    0 1.0000000000 -1.5766195103e+01 -1.5919662385e+01\n  179    0 1.0000000000 -1.5727768863e+01 -1.5898895449e+01\n  180    0 1.0000000000 -1.5688992886e+01 -1.5879064253e+01\n  181    0 1.0000000000 -1.5649871654e+01 -1.5860188765e+01\n  182    0 1.0000000000 -1.5610409702e+01 -1.5842287991e+01\n  183    0 1.0000000000 -1.5570611629e+01 -1.5825379956e+01\n  184    0 1.0000000000 -1.5530482117e+01 -1.5809481683e+01\n  185    0 1.0000000000 -1.5490025945e+01 -1.5794609183e+01\n  186    0 1.0000000000 -1.5449248034e+01 -1.5780777429e+01\n  187    0 1.0000000000 -1.5408153498e+01 -1.5768000350e+01\n  188    0 1.0000000000 -1.5366747732e+01 -1.5756290810e+01\n  189    0 1.0000000000 -1.5325036565e+01 -1.5745660601e+01\n  190    0 1.0000000000 -1.5283026516e+01 -1.5736120426e+01\n  191    0 1.0000000000 -1.5240725291e+01 -1.5727679891e+01\n  192    0 1.0000000000 -1.5198142755e+01 -1.5720347495e+01\n  193    0 1.0000000000 -1.5155293093e+01 -1.5714130622e+01\n  194    0 1.0000000000 -1.5112200214e+01 -1.5709035530e+01\n  195    0 1.0000000000 -1.5068913968e+01 -1.5705067351e+01\n  196    0 1.0000000000 -1.5025574730e+01 -1.5702230080e+01\n  197    0 1.0000000000 -1.4982851096e+01 -1.5700526573e+01\n  198    0 1.0000000000 -1.4953136095e+01 -1.5699958547e+01\n  199    0 1.0000000000 -1.5019120512e+01 -1.5701094633e+01\n  200    0 1.0000000000 -1.5106633111e+01 -1.5704502142e+01\n  201    0 1.0000000000 -1.5194743429e+01 -1.5710178834e+01\n  202    0 1.0000000000 -1.5282826814e+01 -1.5718120972e+01\n  203    0 1.0000000000 -1.5370756788e+01 -1.5728323318e+01\n  204    0 1.0000000000 -1.5458482917e+01 -1.5740779126e+01\n  205    0 1.0000000000 -1.5545975485e+01 -1.5755480137e+01\n  206    0 1.0000000000 -1.5633212256e+01 -1.5772416570e+01\n  207    0 1.0000000000 -1.5720174188e+01 -1.5791577109e+01\n  208    0 1.0000000000 -1.5806843748e+01 -1.5812948892e+01\n  209    0 1.0000000000 -1.5893204163e+01 -1.5836517503e+01\n  210    0 1.0000000000 -1.5979239050e+01 -1.5862266949e+01\n  211    0 1.0000000000 -1.6064932224e+01 -1.5890179653e+01\n  212    0 1.0000000000 -1.6150267581e+01 -1.5920236433e+01\n  213    0 1.0000000000 -1.6235229046e+01 -1.5952416488e+01\n  214    0 1.0000000000 -1.6319800528e+01 -1.5986697382e+01\n  215    0 1.0000000000 -1.6403965898e+01 -1.6023055021e+01\n  216    0 1.0000000000 -1.6487708982e+01 -1.6061463640e+01\n  217    0 1.0000000000 -1.6571013546e+01 -1.6101895787e+01\n  218    0 1.0000000000 -1.6653863299e+01 -1.6144322298e+01\n  219    0 1.0000000000 -1.6736241890e+01 -1.6188712288e+01\n  220    0 1.0000000000 -1.6818132906e+01 -1.6235033130e+01\n  221    0 1.0000000000 -1.6899519881e+01 -1.6283250438e+01\n  222    0 1.0000000000 -1.6980386294e+01 -1.6333328056e+01\n  223    0 1.0000000000 -1.7060715576e+01 -1.6385228045e+01\n  224    0 1.0000000000 -1.7140491114e+01 -1.6438910666e+01\n  225    0 1.0000000000 -1.7219696254e+01 -1.6494334372e+01\n  226    0 1.0000000000 -1.7298314310e+01 -1.6551455802e+01\n  227    0 1.0000000000 -1.7376328569e+01 -1.6610229772e+01\n  228    0 1.0000000000 -1.7453722296e+01 -1.6670609271e+01\n  229    0 1.0000000000 -1.7530478741e+01 -1.6732545459e+01\n  230    0 1.0000000000 -1.7606581145e+01 -1.6795987669e+01\n  231    0 1.0000000000 -1.7682012747e+01 -1.6860883411e+01\n  232    0 1.0000000000 -1.7756756793e+01 -1.6927178379e+01\n  233    0 1.0000000000 -1.7830796541e+01 -1.6994816459e+01\n  234    0 1.0000000000 -1.7904115267e+01 -1.7063739746e+01\n  235    0 1.0000000000 -1.7976696275e+01 -1.7133888559e+01\n  236    0 1.0000000000 -1.8048522903e+01 -1.7205201463e+01\n  237    0 1.0000000000 -1.8119578533e+01 -1.7277615293e+01\n  238    0 1.0000000000 -1.8189846595e+01 -1.7351065185e+01\n  239    0 1.0000000000 -1.8259310575e+01 -1.7425484604e+01\n  240    0 1.0000000000 -1.8327954029e+01 -1.7500805387e+01\n  241    0 1.0000000000 -1.8395760581e+01 -1.7576957780e+01\n  242    0 1.0000000000 -1.8462713942e+01 -1.7653870486e+01\n  243    0 1.0000000000 -1.8528797907e+01 -1.7731470716e+01\n  244    0 1.0000000000 -1.8593996372e+01 -1.7809684238e+01\n  245    0 1.0000000000 -1.8658293339e+01 -1.7888435445e+01\n  246    0 1.0000000000 -1.8721672922e+01 -1.7967647410e+01\n  247    0 1.0000000000 -1.8784119359e+01 -1.8047241958e+01\n  248    0 1.0000000000 -1.8845617018e+01 -1.8127139739e+01\n  249    0 1.0000000000 -1.8906150407e+01 -1.8207260302e+01\n  250    0 1.0000000000 -1.8965704180e+01 -1.8287522179e+01\n  251    0 1.0000000000 -1.9024263146e+01 -1.8367842967e+01\n  252    0 1.0000000000 -1.9081812280e+01 -1.8448139421e+01\n  253    0 1.0000000000 -1.9138336729e+01 -1.8528327543e+01\n  254    0 1.0000000000 -1.9193821818e+01 -1.8608322684e+01\n  255    0 1.0000000000 -1.9248253064e+01 -1.8688039642e+01\n  256    0 1.0000000000 -1.9301616179e+01 -1.8767392766e+01\n  257    0 1.0000000000 -1.9353897081e+01 -1.8846296065e+01\n  258    0 1.0000000000 -1.9405081901e+01 -1.8924663322e+01\n  259    0 1.0000000000 -1.9455156991e+01 -1.9002408201e+01\n  260    0 1.0000000000 -1.9504108935e+01 -1.9079444372e+01\n  261    0 1.0000000000 -1.9551924551e+01 -1.9155685625e+01\n  262    0 1.0000000000 -1.9598590903e+01 -1.9231045991e+01\n  263    0 1.0000000000 -1.9644095310e+01 -1.9305439871e+01\n  264    0 1.0000000000 -1.9688425349e+01 -1.9378782155e+01\n  265    0 1.0000000000 -1.9731568866e+01 -1.9450988355e+01\n  266    0 1.0000000000 -1.9773513984e+01 -1.9521974725e+01\n  267    0 1.0000000000 -1.9814249107e+01 -1.9591658399e+01\n  268    0 1.0000000000 -1.9853762929e+01 -1.9659957514e+01\n  269    0 1.0000000000 -1.9892044442e+01 -1.9726791339e+01\n  270    0 1.0000000000 -1.9929082942e+01 -1.9792080411e+01\n  271    0 1.0000000000 -1.9964868036e+01 -1.9855746656e+01\n  272    0 1.0000000000 -1.9999389645e+01 -1.9917713523e+01\n  273    0 1.0000000000 -2.0032638018e+01 -1.9977906108e+01\n  274    0 1.0000000000 -2.0064603732e+01 -2.0036251281e+01\n  275    0 1.0000000000 -2.0095277699e+01 -2.0092677812e+01\n  276    0 1.0000000000 -2.0124651174e+01 -2.0147116488e+01\n  277    0 1.0000000000 -2.0152715758e+01 -2.0199500239e+01\n  278    0 1.0000000000 -2.0179463406e+01 -2.0249764247e+01\n  279    0 1.0000000000 -2.0204886431e+01 -2.0297846068e+01\n  280    0 1.0000000000 -2.0228977508e+01 -2.0343685738e+01\n  281    0 1.0000000000 -2.0251729682e+01 -2.0387225880e+01\n  282    0 1.0000000000 -2.0273136367e+01 -2.0428411808e+01\n  283    0 1.0000000000 -2.0293191357e+01 -2.0467191626e+01\n  284    0 1.0000000000 -2.0311888826e+01 -2.0503516321e+01\n  285    0 1.0000000000 -2.0329223331e+01 -2.0537339854e+01\n  286    0 1.0000000000 -2.0345189819e+01 -2.0568619242e+01\n  287    0 1.0000000000 -2.0359783630e+01 -2.0597314641e+01\n  288    0 1.0000000000 -2.0373000495e+01 -2.0623389415e+01\n  289    0 1.0000000000 -2.0384836546e+01 -2.0646810209e+01\n  290    0 1.0000000000 -2.0395288314e+01 -2.0667547008e+01\n  291    0 1.0000000000 -2.0404352732e+01 -2.0685573193e+01\n  292    0 1.0000000000 -2.0412027140e+01 -2.0700865593e+01\n  293    0 1.0000000000 -2.0418309281e+01 -2.0713404527e+01\n  294    0 1.0000000000 -2.0423197309e+01 -2.0723173841e+01\n  295    0 1.0000000000 -2.0426689785e+01 -2.0730160940e+01\n  296    0 1.0000000000 -2.0428785683e+01 -2.0734356810e+01\n  297    0 1.0000000000 -2.0429484384e+01 -2.0735756035e+01\n