SINGLE-ORBITAL NN+NNN EFFECTIVE MODEL FIT

m=2
eon=0.0
t0=1.0
l_decay=0.5
dl=0.3
pairing=./m=2/pairing.txt
microscopic_orbitals=10

E_eff(k) = eps0 + 2*t1[cos(k.u1)+cos(k.u2)] + 4*t2*cos(k.u1)*cos(k.u2)

eps0     = -1.01045689456766e+01
t1       = -1.65155252117056e+00
t2       = -3.19051187958588e-01

RMSE=6.71764526631408e-01
MAE=5.74523380698009e-01
max_abs_error=1.38318856742634e+00
optimizer_success=True
optimizer_message=Linear least-squares solution
minimum_tracking_continuity=1.0000000000
mean_tracking_continuity=1.0000000000

# k_index idx continuity target fit\n    0    0 1.0000000000 -1.7345390798e+01 -1.7986983782e+01\n    1    0 1.0000000000 -1.7343857256e+01 -1.7984678294e+01\n    2    0 1.0000000000 -1.7339257530e+01 -1.7977764150e+01\n    3    0 1.0000000000 -1.7331594321e+01 -1.7966248313e+01\n    4    0 1.0000000000 -1.7320872128e+01 -1.7950142378e+01\n    5    0 1.0000000000 -1.7307097243e+01 -1.7929462562e+01\n    6    0 1.0000000000 -1.7290277744e+01 -1.7904229689e+01\n    7    0 1.0000000000 -1.7270423486e+01 -1.7874469165e+01\n    8    0 1.0000000000 -1.7247546096e+01 -1.7840210957e+01\n    9    0 1.0000000000 -1.7221658953e+01 -1.7801489560e+01\n   10    0 1.0000000000 -1.7192777182e+01 -1.7758343963e+01\n   11    0 1.0000000000 -1.7160917634e+01 -1.7710817610e+01\n   12    0 1.0000000000 -1.7126098869e+01 -1.7658958356e+01\n   13    0 1.0000000000 -1.7088341140e+01 -1.7602818420e+01\n   14    0 1.0000000000 -1.7047666369e+01 -1.7542454328e+01\n   15    0 1.0000000000 -1.7004098128e+01 -1.7477926863e+01\n   16    0 1.0000000000 -1.6957661611e+01 -1.7409300999e+01\n   17    0 1.0000000000 -1.6908383614e+01 -1.7336645835e+01\n   18    0 1.0000000000 -1.6856292501e+01 -1.7260034530e+01\n   19    0 1.0000000000 -1.6801418183e+01 -1.7179544225e+01\n   20    0 1.0000000000 -1.6743792080e+01 -1.7095255965e+01\n   21    0 1.0000000000 -1.6683447097e+01 -1.7007254624e+01\n   22    0 1.0000000000 -1.6620417584e+01 -1.6915628809e+01\n   23    0 1.0000000000 -1.6554739309e+01 -1.6820470782e+01\n   24    0 1.0000000000 -1.6486449413e+01 -1.6721876357e+01\n   25    0 1.0000000000 -1.6415586382e+01 -1.6619944812e+01\n   26    0 1.0000000000 -1.6342190004e+01 -1.6514778782e+01\n   27    0 1.0000000000 -1.6266301330e+01 -1.6406484161e+01\n   28    0 1.0000000000 -1.6187962635e+01 -1.6295169992e+01\n   29    0 1.0000000000 -1.6107217373e+01 -1.6180948360e+01\n   30    0 1.0000000000 -1.6024110140e+01 -1.6063934275e+01\n   31    0 1.0000000000 -1.5938686624e+01 -1.5944245562e+01\n   32    0 1.0000000000 -1.5850993566e+01 -1.5822002736e+01\n   33    0 1.0000000000 -1.5761078710e+01 -1.5697328885e+01\n   34    0 1.0000000000 -1.5668990761e+01 -1.5570349546e+01\n   35    0 1.0000000000 -1.5574779337e+01 -1.5441192576e+01\n   36    0 1.0000000000 -1.5478494918e+01 -1.5309988026e+01\n   37    0 1.0000000000 -1.5380188804e+01 -1.5176868006e+01\n   38    0 1.0000000000 -1.5279913062e+01 -1.5041966558e+01\n   39    0 1.0000000000 -1.5177720478e+01 -1.4905419516e+01\n   40    0 1.0000000000 -1.5073664509e+01 -1.4767364371e+01\n   41    0 1.0000000000 -1.4967799231e+01 -1.4627940133e+01\n   42    0 1.0000000000 -1.4860179293e+01 -1.4487287190e+01\n   43    0 1.0000000000 -1.4750859863e+01 -1.4345547169e+01\n   44    0 1.0000000000 -1.4639896579e+01 -1.4202862789e+01\n   45    0 1.0000000000 -1.4527345501e+01 -1.4059377721e+01\n   46    0 1.0000000000 -1.4413263056e+01 -1.3915236442e+01\n   47    0 1.0000000000 -1.4297705996e+01 -1.3770584092e+01\n   48    0 1.0000000000 -1.4180731340e+01 -1.3625566321e+01\n   49    0 1.0000000000 -1.4062396330e+01 -1.3480329152e+01\n   50    0 1.0000000000 -1.3942758380e+01 -1.3335018824e+01\n   51    0 1.0000000000 -1.3821875029e+01 -1.3189781655e+01\n   52    0 1.0000000000 -1.3699803890e+01 -1.3044763884e+01\n   53    0 1.0000000000 -1.3576602606e+01 -1.2900111534e+01\n   54    0 1.0000000000 -1.3452328804e+01 -1.2755970255e+01\n   55    0 1.0000000000 -1.3327040045e+01 -1.2612485187e+01\n   56    0 1.0000000000 -1.3200793782e+01 -1.2469800807e+01\n   57    0 1.0000000000 -1.3073647319e+01 -1.2328060786e+01\n   58    0 1.0000000000 -1.2945657764e+01 -1.2187407843e+01\n   59    0 1.0000000000 -1.2816881989e+01 -1.2047983605e+01\n   60    0 1.0000000000 -1.2687376595e+01 -1.1909928460e+01\n   61    0 1.0000000000 -1.2557197865e+01 -1.1773381418e+01\n   62    0 1.0000000000 -1.2426401737e+01 -1.1638479970e+01\n   63    0 1.0000000000 -1.2295043766e+01 -1.1505359950e+01\n   64    0 1.0000000000 -1.2163179090e+01 -1.1374155400e+01\n   65    0 1.0000000000 -1.2030862404e+01 -1.1244998430e+01\n   66    0 1.0000000000 -1.1898147933e+01 -1.1118019091e+01\n   67    0 1.0000000000 -1.1765089409e+01 -1.0993345240e+01\n   68    0 1.0000000000 -1.1631740049e+01 -1.0871102414e+01\n   69    0 1.0000000000 -1.1498152547e+01 -1.0751413701e+01\n   70    0 1.0000000000 -1.1364379059e+01 -1.0634399616e+01\n   71    0 1.0000000000 -1.1230471201e+01 -1.0520177984e+01\n   72    0 1.0000000000 -1.1096480057e+01 -1.0408863815e+01\n   73    0 1.0000000000 -1.0962456190e+01 -1.0300569194e+01\n   74    0 1.0000000000 -1.0828449670e+01 -1.0195403164e+01\n   75    0 1.0000000000 -1.0694510114e+01 -1.0093471619e+01\n   76    0 1.0000000000 -1.0560686746e+01 -9.9948771944e+00\n   77    0 1.0000000000 -1.0427028478e+01 -9.8997191669e+00\n   78    0 1.0000000000 -1.0293584027e+01 -9.8080933525e+00\n   79    0 1.0000000000 -1.0160402072e+01 -9.7200920107e+00\n   80    0 1.0000000000 -1.0027531464e+01 -9.6358037514e+00\n   81    0 1.0000000000 -9.8950215229e+00 -9.5553134457e+00\n   82    0 1.0000000000 -9.7629224287e+00 -9.4787021406e+00\n   83    0 1.0000000000 -9.6312857799e+00 -9.4060469770e+00\n   84    0 1.0000000000 -9.5001653682e+00 -9.3374211126e+00\n   85    0 1.0000000000 -9.3696182863e+00 -9.2728936478e+00\n   86    0 1.0000000000 -9.2397065398e+00 -9.2125295564e+00\n   87    0 1.0000000000 -9.1104994456e+00 -9.1563896198e+00\n   88    0 1.0000000000 -8.9820772967e+00 -9.1045303661e+00\n   89    0 1.0000000000 -8.8545371356e+00 -9.0570040134e+00\n   90    0 1.0000000000 -8.7280021822e+00 -9.0138584165e+00\n   91    0 1.0000000000 -8.6026378882e+00 -8.9751370195e+00\n   92    0 1.0000000000 -8.4786806617e+00 -8.9408788114e+00\n   93    0 1.0000000000 -8.3564923799e+00 -8.9111182875e+00\n   94    0 1.0000000000 -8.2366713839e+00 -8.8858854140e+00\n   95    0 1.0000000000 -8.1202982286e+00 -8.8652055982e+00\n   96    0 1.0000000000 -8.0095344157e+00 -8.8490996632e+00\n   97    0 1.0000000000 -7.9092177158e+00 -8.8375838260e+00\n   98    0 1.0000000000 -7.8310480749e+00 -8.8306696822e+00\n   99    0 1.0000000000 -7.7990165850e+00 -8.8283641938e+00\n  100    0 1.0000000000 -7.7984297824e+00 -8.8273437355e+00\n  101    0 1.0000000000 -7.7966696584e+00 -8.8242833878e+00\n  102    0 1.0000000000 -7.7937370648e+00 -8.8191862324e+00\n  103    0 1.0000000000 -7.7896334203e+00 -8.8120574016e+00\n  104    0 1.0000000000 -7.7843607096e+00 -8.8029040737e+00\n  105    0 1.0000000000 -7.7779214816e+00 -8.7917354651e+00\n  106    0 1.0000000000 -7.7703188473e+00 -8.7785628217e+00\n  107    0 1.0000000000 -7.7615564773e+00 -8.7633994074e+00\n  108    0 1.0000000000 -7.7516385989e+00 -8.7462604903e+00\n  109    0 1.0000000000 -7.7405699925e+00 -8.7271633279e+00\n  110    0 1.0000000000 -7.7283559878e+00 -8.7061271494e+00\n  111    0 1.0000000000 -7.7150024594e+00 -8.6831731365e+00\n  112    0 1.0000000000 -7.7005158221e+00 -8.6583244018e+00\n  113    0 1.0000000000 -7.6849030257e+00 -8.6316059661e+00\n  114    0 1.0000000000 -7.6681715494e+00 -8.6030447324e+00\n  115    0 1.0000000000 -7.6503293959e+00 -8.5726694596e+00\n  116    0 1.0000000000 -7.6313850847e+00 -8.5405107329e+00\n  117    0 1.0000000000 -7.6113476457e+00 -8.5066009334e+00\n  118    0 1.0000000000 -7.5902266119e+00 -8.4709742055e+00\n  119    0 1.0000000000 -7.5680320118e+00 -8.4336664223e+00\n  120    0 1.0000000000 -7.5447743616e+00 -8.3947151494e+00\n  121    0 1.0000000000 -7.5204646572e+00 -8.3541596076e+00\n  122    0 1.0000000000 -7.4951143654e+00 -8.3120406329e+00\n  123    0 1.0000000000 -7.4687354152e+00 -8.2684006354e+00\n  124    0 1.0000000000 -7.4413401890e+00 -8.2232835570e+00\n  125    0 1.0000000000 -7.4129415125e+00 -8.1767348267e+00\n  126    0 1.0000000000 -7.3835526462e+00 -8.1288013152e+00\n  127    0 1.0000000000 -7.3531872744e+00 -8.0795312874e+00\n  128    0 1.0000000000 -7.3218594962e+00 -8.0289743541e+00\n  129    0 1.0000000000 -7.2895838144e+00 -7.9771814219e+00\n  130    0 1.0000000000 -7.2563751257e+00 -7.9242046417e+00\n  131    0 1.0000000000 -7.2222487101e+00 -7.8700973568e+00\n  132    0 1.0000000000 -7.1872202199e+00 -7.8149140486e+00\n  133    0 1.0000000000 -7.1513056696e+00 -7.7587102820e+00\n  134    0 1.0000000000 -7.1145214246e+00 -7.7015426494e+00\n  135    0 1.0000000000 -7.0768841906e+00 -7.6434687139e+00\n  136    0 1.0000000000 -7.0384110031e+00 -7.5845469508e+00\n  137    0 1.0000000000 -6.9991192164e+00 -7.5248366896e+00\n  138    0 1.0000000000 -6.9590264928e+00 -7.4643980532e+00\n  139    0 1.0000000000 -6.9181507928e+00 -7.4032918983e+00\n  140    0 1.0000000000 -6.8765103643e+00 -7.3415797537e+00\n  141    0 1.0000000000 -6.8341237325e+00 -7.2793237582e+00\n  142    0 1.0000000000 -6.7910096904e+00 -7.2165865983e+00\n  143    0 1.0000000000 -6.7471872895e+00 -7.1534314451e+00\n  144    0 1.0000000000 -6.7026758304e+00 -7.0899218904e+00\n  145    0 1.0000000000 -6.6574948546e+00 -7.0261218829e+00\n  146    0 1.0000000000 -6.6116641369e+00 -6.9620956639e+00\n  147    0 1.0000000000 -6.5652036775e+00 -6.8979077023e+00\n  148    0 1.0000000000 -6.5181336961e+00 -6.8336226300e+00\n  149    0 1.0000000000 -6.4704746264e+00 -6.7693051766e+00\n  150    0 1.0000000000 -6.4222471114e+00 -6.7050201043e+00\n  151    0 1.0000000000 -6.3734720003e+00 -6.6408321428e+00\n  152    0 1.0000000000 -6.3241703467e+00 -6.5768059238e+00\n  153    0 1.0000000000 -6.2743634083e+00 -6.5130059163e+00\n  154    0 1.0000000000 -6.2240726483e+00 -6.4494963616e+00\n  155    0 1.0000000000 -6.1733197394e+00 -6.3863412083e+00\n  156    0 1.0000000000 -6.1221265700e+00 -6.3236040485e+00\n  157    0 1.0000000000 -6.0705152530e+00 -6.2613480530e+00\n  158    0 1.0000000000 -6.0185081379e+00 -6.1996359083e+00\n  159    0 1.0000000000 -5.9661278276e+00 -6.1385297535e+00\n  160    0 1.0000000000 -5.9133971984e+00 -6.0780911171e+00\n  161    0 1.0000000000 -5.8603394263e+00 -6.0183808558e+00\n  162    0 1.0000000000 -5.8069780187e+00 -5.9594590928e+00\n  163    0 1.0000000000 -5.7533368539e+00 -5.9013851572e+00\n  164    0 1.0000000000 -5.6994402291e+00 -5.8442175247e+00\n  165    0 1.0000000000 -5.6453129186e+00 -5.7880137581e+00\n  166    0 1.0000000000 -5.5909802442e+00 -5.7328304499e+00\n  167    0 1.0000000000 -5.5364681606e+00 -5.6787231650e+00\n  168    0 1.0000000000 -5.4818033583e+00 -5.6257463848e+00\n  169    0 1.0000000000 -5.4270133886e+00 -5.5739534525e+00\n  170    0 1.0000000000 -5.3721268140e+00 -5.5233965192e+00\n  171    0 1.0000000000 -5.3171733919e+00 -5.4741264915e+00\n  172    0 1.0000000000 -5.2621842973e+00 -5.4261929799e+00\n  173    0 1.0000000000 -5.2071923953e+00 -5.3796442497e+00\n  174    0 1.0000000000 -5.1522325742e+00 -5.3345271713e+00\n  175    0 1.0000000000 -5.0973421568e+00 -5.2908871738e+00\n  176    0 1.0000000000 -5.0425614076e+00 -5.2487681990e+00\n  177    0 1.0000000000 -4.9879341640e+00 -5.2082126572e+00\n  178    0 1.0000000000 -4.9335086252e+00 -5.1692613844e+00\n  179    0 1.0000000000 -4.8793383424e+00 -5.1319536012e+00\n  180    0 1.0000000000 -4.8254834714e+00 -5.0963268733e+00\n  181    0 1.0000000000 -4.7720123645e+00 -5.0624170738e+00\n  182    0 1.0000000000 -4.7190036054e+00 -5.0302583471e+00\n  183    0 1.0000000000 -4.6665486248e+00 -4.9998830742e+00\n  184    0 1.0000000000 -4.6147550781e+00 -4.9713218406e+00\n  185    0 1.0000000000 -4.5637512218e+00 -4.9446034048e+00\n  186    0 1.0000000000 -4.5136915909e+00 -4.9197546702e+00\n  187    0 1.0000000000 -4.4647643531e+00 -4.8968006573e+00\n  188    0 1.0000000000 -4.4172007684e+00 -4.8757644788e+00\n  189    0 1.0000000000 -4.3712871741e+00 -4.8566673164e+00\n  190    0 1.0000000000 -4.3273797314e+00 -4.8395283993e+00\n  191    0 1.0000000000 -4.2859216039e+00 -4.8243649849e+00\n  192    0 1.0000000000 -4.2474609098e+00 -4.8111923416e+00\n  193    0 1.0000000000 -4.2126651824e+00 -4.8000237330e+00\n  194    0 1.0000000000 -4.1823237754e+00 -4.7908704050e+00\n  195    0 1.0000000000 -4.1573243062e+00 -4.7837415743e+00\n  196    0 1.0000000000 -4.1385864413e+00 -4.7786444189e+00\n  197    0 1.0000000000 -4.1269438936e+00 -4.7755840712e+00\n  198    0 1.0000000000 -4.1229907823e+00 -4.7745636128e+00\n  199    0 1.0000000000 -4.1309200352e+00 -4.7766048531e+00\n  200    0 1.0000000000 -4.1550798170e+00 -4.7827303980e+00\n  201    0 1.0000000000 -4.1961600527e+00 -4.7929457024e+00\n  202    0 1.0000000000 -4.2542055647e+00 -4.8072597996e+00\n  203    0 1.0000000000 -4.3279582288e+00 -4.8256852147e+00\n  204    0 1.0000000000 -4.4151067046e+00 -4.8482378431e+00\n  205    0 1.0000000000 -4.5130646118e+00 -4.8749367959e+00\n  206    0 1.0000000000 -4.6195670679e+00 -4.9058042127e+00\n  207    0 1.0000000000 -4.7328711485e+00 -4.9408650412e+00\n  208    0 1.0000000000 -4.8517157813e+00 -4.9801467870e+00\n  209    0 1.0000000000 -4.9752087734e+00 -5.0236792329e+00\n  210    0 1.0000000000 -5.1027192561e+00 -5.0714941295e+00\n  211    0 1.0000000000 -5.2337960412e+00 -5.1236248590e+00\n  212    0 1.0000000000 -5.3681106089e+00 -5.1801060736e+00\n  213    0 1.0000000000 -5.5054184910e+00 -5.2409733092e+00\n  214    0 1.0000000000 -5.6455332779e+00 -5.3062625778e+00\n  215    0 1.0000000000 -5.7883090229e+00 -5.3760099395e+00\n  216    0 1.0000000000 -5.9336281922e+00 -5.4502510560e+00\n  217    0 1.0000000000 -6.0813932906e+00 -5.5290207288e+00\n  218    0 1.0000000000 -6.2315209488e+00 -5.6123524224e+00\n  219    0 1.0000000000 -6.3839376788e+00 -5.7002777769e+00\n  220    0 1.0000000000 -6.5385767766e+00 -5.7928261109e+00\n  221    0 1.0000000000 -6.6953760258e+00 -5.8900239171e+00\n  222    0 1.0000000000 -6.8542759663e+00 -5.9918943540e+00\n  223    0 1.0000000000 -7.0152185706e+00 -6.0984567351e+00\n  224    0 1.0000000000 -7.1781462155e+00 -6.2097260187e+00\n  225    0 1.0000000000 -7.3430008726e+00 -6.3257123005e+00\n  226    0 1.0000000000 -7.5097234623e+00 -6.4464203119e+00\n  227    0 1.0000000000 -7.6782533326e+00 -6.5718489254e+00\n  228    0 1.0000000000 -7.8485278334e+00 -6.7019906714e+00\n  229    0 1.0000000000 -8.0204819659e+00 -6.8368312669e+00\n  230    0 1.0000000000 -8.1940480925e+00 -6.9763491600e+00\n  231    0 1.0000000000 -8.3691556939e+00 -7.1205150913e+00\n  232    0 1.0000000000 -8.5457311672e+00 -7.2692916759e+00\n  233    0 1.0000000000 -8.7236976572e+00 -7.4226330069e+00\n  234    0 1.0000000000 -8.9029749158e+00 -7.5804842831e+00\n  235    0 1.0000000000 -9.0834791881e+00 -7.7427814636e+00\n  236    0 1.0000000000 -9.2651231192e+00 -7.9094509494e+00\n  237    0 1.0000000000 -9.4478156823e+00 -8.0804092966e+00\n  238    0 1.0000000000 -9.6314621256e+00 -8.2555629602e+00\n  239    0 1.0000000000 -9.8159639358e+00 -8.4348080718e+00\n  240    0 1.0000000000 -1.0001218820e+01 -8.6180302527e+00\n  241    0 1.0000000000 -1.0187120702e+01 -8.8051044623e+00\n  242    0 1.0000000000 -1.0373559734e+01 -8.9958948851e+00\n  243    0 1.0000000000 -1.0560422327e+01 -9.1902548557e+00\n  244    0 1.0000000000 -1.0747591188e+01 -9.3880268231e+00\n  245    0 1.0000000000 -1.0934945381e+01 -9.5890423565e+00\n  246    0 1.0000000000 -1.1122360399e+01 -9.7931221905e+00\n  247    0 1.0000000000 -1.1309708245e+01 -1.0000076313e+01\n  248    0 1.0000000000 -1.1496857535e+01 -1.0209704093e+01\n  249    0 1.0000000000 -1.1683673610e+01 -1.0421794455e+01\n  250    0 1.0000000000 -1.1870018663e+01 -1.0636126085e+01\n  251    0 1.0000000000 -1.2055751880e+01 -1.0852467691e+01\n  252    0 1.0000000000 -1.2240729594e+01 -1.1070578295e+01\n  253    0 1.0000000000 -1.2424805448e+01 -1.1290207570e+01\n  254    0 1.0000000000 -1.2607830578e+01 -1.1511096214e+01\n  255    0 1.0000000000 -1.2789653805e+01 -1.1732976367e+01\n  256    0 1.0000000000 -1.2970121834e+01 -1.1955572062e+01\n  257    0 1.0000000000 -1.3149079473e+01 -1.2178599716e+01\n  258    0 1.0000000000 -1.3326369857e+01 -1.2401768652e+01\n  259    0 1.0000000000 -1.3501834684e+01 -1.2624781662e+01\n  260    0 1.0000000000 -1.3675314463e+01 -1.2847335595e+01\n  261    0 1.0000000000 -1.3846648771e+01 -1.3069121980e+01\n  262    0 1.0000000000 -1.4015676514e+01 -1.3289827676e+01\n  263    0 1.0000000000 -1.4182236200e+01 -1.3509135550e+01\n  264    0 1.0000000000 -1.4346166223e+01 -1.3726725176e+01\n  265    0 1.0000000000 -1.4507305147e+01 -1.3942273562e+01\n  266    0 1.0000000000 -1.4665491997e+01 -1.4155455891e+01\n  267    0 1.0000000000 -1.4820566560e+01 -1.4365946283e+01\n  268    0 1.0000000000 -1.4972369683e+01 -1.4573418571e+01\n  269    0 1.0000000000 -1.5120743581e+01 -1.4777547088e+01\n  270    0 1.0000000000 -1.5265532144e+01 -1.4978007470e+01\n  271    0 1.0000000000 -1.5406581243e+01 -1.5174477453e+01\n  272    0 1.0000000000 -1.5543739044e+01 -1.5366637690e+01\n  273    0 1.0000000000 -1.5676856311e+01 -1.5554172556e+01\n  274    0 1.0000000000 -1.5805786720e+01 -1.5736770963e+01\n  275    0 1.0000000000 -1.5930387160e+01 -1.5914127162e+01\n  276    0 1.0000000000 -1.6050518035e+01 -1.6085941540e+01\n  277    0 1.0000000000 -1.6166043565e+01 -1.6251921415e+01\n  278    0 1.0000000000 -1.6276832075e+01 -1.6411781806e+01\n  279    0 1.0000000000 -1.6382756283e+01 -1.6565246201e+01\n  280    0 1.0000000000 -1.6483693578e+01 -1.6712047293e+01\n  281    0 1.0000000000 -1.6579526292e+01 -1.6851927712e+01\n  282    0 1.0000000000 -1.6670141962e+01 -1.6984640718e+01\n  283    0 1.0000000000 -1.6755433581e+01 -1.7109950880e+01\n  284    0 1.0000000000 -1.6835299845e+01 -1.7227634719e+01\n  285    0 1.0000000000 -1.6909645373e+01 -1.7337481332e+01\n  286    0 1.0000000000 -1.6978380936e+01 -1.7439292969e+01\n  287    0 1.0000000000 -1.7041423656e+01 -1.7532885585e+01\n  288    0 1.0000000000 -1.7098697196e+01 -1.7618089358e+01\n  289    0 1.0000000000 -1.7150131943e+01 -1.7694749158e+01\n  290    0 1.0000000000 -1.7195665162e+01 -1.7762724986e+01\n  291    0 1.0000000000 -1.7235241151e+01 -1.7821892368e+01\n  292    0 1.0000000000 -1.7268811364e+01 -1.7872142703e+01\n  293    0 1.0000000000 -1.7296334529e+01 -1.7913383576e+01\n  294    0 1.0000000000 -1.7317776746e+01 -1.7945539010e+01\n  295    0 1.0000000000 -1.7333111562e+01 -1.7968549691e+01\n  296    0 1.0000000000 -1.7342320040e+01 -1.7982373129e+01\n  297    0 1.0000000000 -1.7345390798e+01 -1.7986983782e+01\n