SINGLE-ORBITAL NN+NNN EFFECTIVE MODEL FIT

m=3
eon=0.0
t0=1.0
l_decay=0.5
dl=0.3
pairing=./m=3/pairing.txt
microscopic_orbitals=20

E_eff(k) = eps0 + 2*t1[cos(k.u1)+cos(k.u2)] + 4*t2*cos(k.u1)*cos(k.u2)

eps0     = -1.28264098600004e+01
t1       = -1.17771797555612e+00
t2       = -1.36820699350730e-01

RMSE=6.27439156505596e-01
MAE=5.27918247125849e-01
max_abs_error=1.32313417421019e+00
optimizer_success=True
optimizer_message=Linear least-squares solution
minimum_tracking_continuity=1.0000000000
mean_tracking_continuity=1.0000000000

# k_index idx continuity target fit\n    0    0 1.0000000000 -1.7544405315e+01 -1.8084564560e+01\n    1    0 1.0000000000 -1.7543576664e+01 -1.8083103164e+01\n    2    0 1.0000000000 -1.7541091009e+01 -1.8078720448e+01\n    3    0 1.0000000000 -1.7536949231e+01 -1.8071420824e+01\n    4    0 1.0000000000 -1.7531152804e+01 -1.8061211644e+01\n    5    0 1.0000000000 -1.7523703787e+01 -1.8048103186e+01\n    6    0 1.0000000000 -1.7514604825e+01 -1.8032108650e+01\n    7    0 1.0000000000 -1.7503859149e+01 -1.8013244141e+01\n    8    0 1.0000000000 -1.7491470571e+01 -1.7991528654e+01\n    9    0 1.0000000000 -1.7477443479e+01 -1.7966984055e+01\n   10    0 1.0000000000 -1.7461782841e+01 -1.7939635057e+01\n   11    0 1.0000000000 -1.7444494195e+01 -1.7909509199e+01\n   12    0 1.0000000000 -1.7425583648e+01 -1.7876636816e+01\n   13    0 1.0000000000 -1.7405057870e+01 -1.7841051006e+01\n   14    0 1.0000000000 -1.7382924093e+01 -1.7802787602e+01\n   15    0 1.0000000000 -1.7359190098e+01 -1.7761885132e+01\n   16    0 1.0000000000 -1.7333864220e+01 -1.7718384781e+01\n   17    0 1.0000000000 -1.7306955333e+01 -1.7672330351e+01\n   18    0 1.0000000000 -1.7278472849e+01 -1.7623768213e+01\n   19    0 1.0000000000 -1.7248426708e+01 -1.7572747267e+01\n   20    0 1.0000000000 -1.7216827373e+01 -1.7519318885e+01\n   21    0 1.0000000000 -1.7183685824e+01 -1.7463536867e+01\n   22    0 1.0000000000 -1.7149013548e+01 -1.7405457378e+01\n   23    0 1.0000000000 -1.7112822528e+01 -1.7345138902e+01\n   24    0 1.0000000000 -1.7075125243e+01 -1.7282642172e+01\n   25    0 1.0000000000 -1.7035934652e+01 -1.7218030119e+01\n   26    0 1.0000000000 -1.6995264187e+01 -1.7151367801e+01\n   27    0 1.0000000000 -1.6953127745e+01 -1.7082722341e+01\n   28    0 1.0000000000 -1.6909539677e+01 -1.7012162860e+01\n   29    0 1.0000000000 -1.6864514780e+01 -1.6939760404e+01\n   30    0 1.0000000000 -1.6818068282e+01 -1.6865587878e+01\n   31    0 1.0000000000 -1.6770215840e+01 -1.6789719966e+01\n   32    0 1.0000000000 -1.6720973521e+01 -1.6712233061e+01\n   33    0 1.0000000000 -1.6670357795e+01 -1.6633205185e+01\n   34    0 1.0000000000 -1.6618385525e+01 -1.6552715914e+01\n   35    0 1.0000000000 -1.6565073954e+01 -1.6470846293e+01\n   36    0 1.0000000000 -1.6510440691e+01 -1.6387678758e+01\n   37    0 1.0000000000 -1.6454503705e+01 -1.6303297051e+01\n   38    0 1.0000000000 -1.6397281310e+01 -1.6217786138e+01\n   39    0 1.0000000000 -1.6338792152e+01 -1.6131232120e+01\n   40    0 1.0000000000 -1.6279055197e+01 -1.6043722151e+01\n   41    0 1.0000000000 -1.6218089722e+01 -1.5955344346e+01\n   42    0 1.0000000000 -1.6155915298e+01 -1.5866187693e+01\n   43    0 1.0000000000 -1.6092551781e+01 -1.5776341966e+01\n   44    0 1.0000000000 -1.6028019297e+01 -1.5685897632e+01\n   45    0 1.0000000000 -1.5962338231e+01 -1.5594945760e+01\n   46    0 1.0000000000 -1.5895529212e+01 -1.5503577932e+01\n   47    0 1.0000000000 -1.5827613102e+01 -1.5411886147e+01\n   48    0 1.0000000000 -1.5758610983e+01 -1.5319962730e+01\n   49    0 1.0000000000 -1.5688544142e+01 -1.5227900242e+01\n   50    0 1.0000000000 -1.5617434061e+01 -1.5135791380e+01\n   51    0 1.0000000000 -1.5545302402e+01 -1.5043728892e+01\n   52    0 1.0000000000 -1.5472170993e+01 -1.4951805476e+01\n   53    0 1.0000000000 -1.5398061819e+01 -1.4860113690e+01\n   54    0 1.0000000000 -1.5322997002e+01 -1.4768745862e+01\n   55    0 1.0000000000 -1.5246998798e+01 -1.4677793990e+01\n   56    0 1.0000000000 -1.5170089573e+01 -1.4587349656e+01\n   57    0 1.0000000000 -1.5092291798e+01 -1.4497503929e+01\n   58    0 1.0000000000 -1.5013628036e+01 -1.4408347276e+01\n   59    0 1.0000000000 -1.4934120922e+01 -1.4319969471e+01\n   60    0 1.0000000000 -1.4853793161e+01 -1.4232459502e+01\n   61    0 1.0000000000 -1.4772667504e+01 -1.4145905485e+01\n   62    0 1.0000000000 -1.4690766748e+01 -1.4060394571e+01\n   63    0 1.0000000000 -1.4608113711e+01 -1.3976012864e+01\n   64    0 1.0000000000 -1.4524731232e+01 -1.3892845329e+01\n   65    0 1.0000000000 -1.4440642148e+01 -1.3810975708e+01\n   66    0 1.0000000000 -1.4355869290e+01 -1.3730486437e+01\n   67    0 1.0000000000 -1.4270435470e+01 -1.3651458562e+01\n   68    0 1.0000000000 -1.4184363464e+01 -1.3573971657e+01\n   69    0 1.0000000000 -1.4097676010e+01 -1.3498103744e+01\n   70    0 1.0000000000 -1.4010395788e+01 -1.3423931218e+01\n   71    0 1.0000000000 -1.3922545414e+01 -1.3351528762e+01\n   72    0 1.0000000000 -1.3834147429e+01 -1.3280969281e+01\n   73    0 1.0000000000 -1.3745224288e+01 -1.3212323821e+01\n   74    0 1.0000000000 -1.3655798349e+01 -1.3145661503e+01\n   75    0 1.0000000000 -1.3565891865e+01 -1.3081049450e+01\n   76    0 1.0000000000 -1.3475526972e+01 -1.3018552720e+01\n   77    0 1.0000000000 -1.3384725682e+01 -1.2958234244e+01\n   78    0 1.0000000000 -1.3293509874e+01 -1.2900154756e+01\n   79    0 1.0000000000 -1.3201901283e+01 -1.2844372737e+01\n   80    0 1.0000000000 -1.3109921494e+01 -1.2790944355e+01\n   81    0 1.0000000000 -1.3017591935e+01 -1.2739923409e+01\n   82    0 1.0000000000 -1.2924933869e+01 -1.2691361272e+01\n   83    0 1.0000000000 -1.2831968389e+01 -1.2645306841e+01\n   84    0 1.0000000000 -1.2738716409e+01 -1.2601806490e+01\n   85    0 1.0000000000 -1.2645198669e+01 -1.2560904020e+01\n   86    0 1.0000000000 -1.2551435724e+01 -1.2522640616e+01\n   87    0 1.0000000000 -1.2457447954e+01 -1.2487054806e+01\n   88    0 1.0000000000 -1.2363255567e+01 -1.2454182423e+01\n   89    0 1.0000000000 -1.2268878615e+01 -1.2424056565e+01\n   90    0 1.0000000000 -1.2174337028e+01 -1.2396707568e+01\n   91    0 1.0000000000 -1.2079650672e+01 -1.2372162968e+01\n   92    0 1.0000000000 -1.1984839464e+01 -1.2350447481e+01\n   93    0 1.0000000000 -1.1889923612e+01 -1.2331582972e+01\n   94    0 1.0000000000 -1.1794924141e+01 -1.2315588436e+01\n   95    0 1.0000000000 -1.1699864229e+01 -1.2302479978e+01\n   96    0 1.0000000000 -1.1604773201e+01 -1.2292270798e+01\n   97    0 1.0000000000 -1.1509702498e+01 -1.2284971175e+01\n   98    0 1.0000000000 -1.1414836618e+01 -1.2280588458e+01\n   99    0 1.0000000000 -1.1330294908e+01 -1.2279127063e+01\n  100    0 1.0000000000 -1.1329817463e+01 -1.2278216734e+01\n  101    0 1.0000000000 -1.1328385273e+01 -1.2275486665e+01\n  102    0 1.0000000000 -1.1325998768e+01 -1.2270939605e+01\n  103    0 1.0000000000 -1.1322658666e+01 -1.2264580132e+01\n  104    0 1.0000000000 -1.1318365972e+01 -1.2256414650e+01\n  105    0 1.0000000000 -1.1313121975e+01 -1.2246451380e+01\n  106    0 1.0000000000 -1.1306928252e+01 -1.2234700354e+01\n  107    0 1.0000000000 -1.1299786661e+01 -1.2221173406e+01\n  108    0 1.0000000000 -1.1291699345e+01 -1.2205884155e+01\n  109    0 1.0000000000 -1.1282668729e+01 -1.2188847997e+01\n  110    0 1.0000000000 -1.1272697518e+01 -1.2170082085e+01\n  111    0 1.0000000000 -1.1261788694e+01 -1.2149605315e+01\n  112    0 1.0000000000 -1.1249945518e+01 -1.2127438305e+01\n  113    0 1.0000000000 -1.1237171525e+01 -1.2103603377e+01\n  114    0 1.0000000000 -1.1223470523e+01 -1.2078124529e+01\n  115    0 1.0000000000 -1.1208846591e+01 -1.2051027416e+01\n  116    0 1.0000000000 -1.1193304074e+01 -1.2022339323e+01\n  117    0 1.0000000000 -1.1176847586e+01 -1.1992089137e+01\n  118    0 1.0000000000 -1.1159482001e+01 -1.1960307317e+01\n  119    0 1.0000000000 -1.1141212453e+01 -1.1927025865e+01\n  120    0 1.0000000000 -1.1122044335e+01 -1.1892278291e+01\n  121    0 1.0000000000 -1.1101983291e+01 -1.1856099585e+01\n  122    0 1.0000000000 -1.1081035218e+01 -1.1818526174e+01\n  123    0 1.0000000000 -1.1059206258e+01 -1.1779595892e+01\n  124    0 1.0000000000 -1.1036502797e+01 -1.1739347939e+01\n  125    0 1.0000000000 -1.1012931462e+01 -1.1697822841e+01\n  126    0 1.0000000000 -1.0988499114e+01 -1.1655062410e+01\n  127    0 1.0000000000 -1.0963212847e+01 -1.1611109702e+01\n  128    0 1.0000000000 -1.0937079984e+01 -1.1566008975e+01\n  129    0 1.0000000000 -1.0910108069e+01 -1.1519805639e+01\n  130    0 1.0000000000 -1.0882304868e+01 -1.1472546219e+01\n  131    0 1.0000000000 -1.0853678363e+01 -1.1424278301e+01\n  132    0 1.0000000000 -1.0824236745e+01 -1.1375050486e+01\n  133    0 1.0000000000 -1.0793988413e+01 -1.1324912342e+01\n  134    0 1.0000000000 -1.0762941966e+01 -1.1273914355e+01\n  135    0 1.0000000000 -1.0731106202e+01 -1.1222107875e+01\n  136    0 1.0000000000 -1.0698490111e+01 -1.1169545066e+01\n  137    0 1.0000000000 -1.0665102871e+01 -1.1116278856e+01\n  138    0 1.0000000000 -1.0630953844e+01 -1.1062362878e+01\n  139    0 1.0000000000 -1.0596052568e+01 -1.1007851422e+01\n  140    0 1.0000000000 -1.0560408756e+01 -1.0952799375e+01\n  141    0 1.0000000000 -1.0524032291e+01 -1.0897262172e+01\n  142    0 1.0000000000 -1.0486933216e+01 -1.0841295732e+01\n  143    0 1.0000000000 -1.0449121737e+01 -1.0784956409e+01\n  144    0 1.0000000000 -1.0410608212e+01 -1.0728300933e+01\n  145    0 1.0000000000 -1.0371403148e+01 -1.0671386350e+01\n  146    0 1.0000000000 -1.0331517199e+01 -1.0614269968e+01\n  147    0 1.0000000000 -1.0290961156e+01 -1.0557009300e+01\n  148    0 1.0000000000 -1.0249745949e+01 -1.0499662001e+01\n  149    0 1.0000000000 -1.0207882635e+01 -1.0442285816e+01\n  150    0 1.0000000000 -1.0165382400e+01 -1.0384938518e+01\n  151    0 1.0000000000 -1.0122256554e+01 -1.0327677849e+01\n  152    0 1.0000000000 -1.0078516523e+01 -1.0270561468e+01\n  153    0 1.0000000000 -1.0034173850e+01 -1.0213646885e+01\n  154    0 1.0000000000 -9.9892401882e+00 -1.0156991409e+01\n  155    0 1.0000000000 -9.9437273002e+00 -1.0100652086e+01\n  156    0 1.0000000000 -9.8976470542e+00 -1.0044685646e+01\n  157    0 1.0000000000 -9.8510114222e+00 -9.9891484423e+00\n  158    0 1.0000000000 -9.8038324781e+00 -9.9340963958e+00\n  159    0 1.0000000000 -9.7561223966e+00 -9.8795849395e+00\n  160    0 1.0000000000 -9.7078934532e+00 -9.8256689618e+00\n  161    0 1.0000000000 -9.6591580248e+00 -9.7724027514e+00\n  162    0 1.0000000000 -9.6099285909e+00 -9.7198399430e+00\n  163    0 1.0000000000 -9.5602177374e+00 -9.6680334628e+00\n  164    0 1.0000000000 -9.5100381604e+00 -9.6170354756e+00\n  165    0 1.0000000000 -9.4594026728e+00 -9.5668973320e+00\n  166    0 1.0000000000 -9.4083242131e+00 -9.5176695169e+00\n  167    0 1.0000000000 -9.3568158566e+00 -9.4694015985e+00\n  168    0 1.0000000000 -9.3048908301e+00 -9.4221421785e+00\n  169    0 1.0000000000 -9.2525625309e+00 -9.3759388432e+00\n  170    0 1.0000000000 -9.1998445507e+00 -9.3308381153e+00\n  171    0 1.0000000000 -9.1467507063e+00 -9.2868854076e+00\n  172    0 1.0000000000 -9.0932950784e+00 -9.2441249766e+00\n  173    0 1.0000000000 -9.0394920603e+00 -9.2025998784e+00\n  174    0 1.0000000000 -8.9853564206e+00 -9.1623519254e+00\n  175    0 1.0000000000 -8.9309033831e+00 -9.1234216439e+00\n  176    0 1.0000000000 -8.8761487290e+00 -9.0858482332e+00\n  177    0 1.0000000000 -8.8211089294e+00 -9.0496695266e+00\n  178    0 1.0000000000 -8.7658013175e+00 -9.0149219531e+00\n  179    0 1.0000000000 -8.7102443160e+00 -8.9816405005e+00\n  180    0 1.0000000000 -8.6544577388e+00 -8.9498586804e+00\n  181    0 1.0000000000 -8.5984631967e+00 -8.9196084944e+00\n  182    0 1.0000000000 -8.5422846525e+00 -8.8909204019e+00\n  183    0 1.0000000000 -8.4859491879e+00 -8.8638232893e+00\n  184    0 1.0000000000 -8.4294880873e+00 -8.8383444411e+00\n  185    0 1.0000000000 -8.3729383932e+00 -8.8145095124e+00\n  186    0 1.0000000000 -8.3163451922e+00 -8.7923425030e+00\n  187    0 1.0000000000 -8.2597650559e+00 -8.7718657331e+00\n  188    0 1.0000000000 -8.2032713641e+00 -8.7530998211e+00\n  189    0 1.0000000000 -8.1469628043e+00 -8.7360636627e+00\n  190    0 1.0000000000 -8.0909774243e+00 -8.7207744118e+00\n  191    0 1.0000000000 -8.0355168091e+00 -8.7072474635e+00\n  192    0 1.0000000000 -7.9808895417e+00 -8.6954964382e+00\n  193    0 1.0000000000 -7.9275930647e+00 -8.6855331682e+00\n  194    0 1.0000000000 -7.8764748570e+00 -8.6773676857e+00\n  195    0 1.0000000000 -7.8290579691e+00 -8.6710082127e+00\n  196    0 1.0000000000 -7.7881693002e+00 -8.6664611525e+00\n  197    0 1.0000000000 -7.7588183261e+00 -8.6637310837e+00\n  198    0 1.0000000000 -7.7477936314e+00 -8.6628207552e+00\n  199    0 1.0000000000 -7.7829799107e+00 -8.6646415509e+00\n  200    0 1.0000000000 -7.8729976140e+00 -8.6701037681e+00\n  201    0 1.0000000000 -7.9807906274e+00 -8.6792068913e+00\n  202    0 1.0000000000 -8.0955612829e+00 -8.6919500392e+00\n  203    0 1.0000000000 -8.2139357525e+00 -8.7083319324e+00\n  204    0 1.0000000000 -8.3345855041e+00 -8.7283508485e+00\n  205    0 1.0000000000 -8.4568861190e+00 -8.7520045639e+00\n  206    0 1.0000000000 -8.5805016286e+00 -8.7792902843e+00\n  207    0 1.0000000000 -8.7052304150e+00 -8.8102045623e+00\n  208    0 1.0000000000 -8.8309396883e+00 -8.8447432046e+00\n  209    0 1.0000000000 -8.9575345296e+00 -8.8829011676e+00\n  210    0 1.0000000000 -9.0849419992e+00 -8.9246724426e+00\n  211    0 1.0000000000 -9.2131024150e+00 -8.9700499316e+00\n  212    0 1.0000000000 -9.3419642963e+00 -9.0190253135e+00\n  213    0 1.0000000000 -9.4714812948e+00 -9.0715889020e+00\n  214    0 1.0000000000 -9.6016102574e+00 -9.1277294959e+00\n  215    0 1.0000000000 -9.7323099622e+00 -9.1874342222e+00\n  216    0 1.0000000000 -9.8635402694e+00 -9.2506883734e+00\n  217    0 1.0000000000 -9.9952615367e+00 -9.3174752396e+00\n  218    0 1.0000000000 -1.0127434207e+01 -9.3877759356e+00\n  219    0 1.0000000000 -1.0260018514e+01 -9.4615692259e+00\n  220    0 1.0000000000 -1.0392974265e+01 -9.5388313460e+00\n  221    0 1.0000000000 -1.0526260687e+01 -9.6195358230e+00\n  222    0 1.0000000000 -1.0659836303e+01 -9.7036532959e+00\n  223    0 1.0000000000 -1.0793658847e+01 -9.7911513356e+00\n  224    0 1.0000000000 -1.0927685198e+01 -9.8819942674e+00\n  225    0 1.0000000000 -1.1061871332e+01 -9.9761429959e+00\n  226    0 1.0000000000 -1.1196172284e+01 -1.0073554833e+01\n  227    0 1.0000000000 -1.1330542127e+01 -1.0174183333e+01\n  228    0 1.0000000000 -1.1464933952e+01 -1.0277978127e+01\n  229    0 1.0000000000 -1.1599299865e+01 -1.0384884773e+01\n  230    0 1.0000000000 -1.1733590977e+01 -1.0494844608e+01\n  231    0 1.0000000000 -1.1867757412e+01 -1.0607794608e+01\n  232    0 1.0000000000 -1.2001748313e+01 -1.0723667261e+01\n  233    0 1.0000000000 -1.2135511853e+01 -1.0842390449e+01\n  234    0 1.0000000000 -1.2268995252e+01 -1.0963887339e+01\n  235    0 1.0000000000 -1.2402144793e+01 -1.1088076292e+01\n  236    0 1.0000000000 -1.2534905847e+01 -1.1214870779e+01\n  237    0 1.0000000000 -1.2667222897e+01 -1.1344179312e+01\n  238    0 1.0000000000 -1.2799039568e+01 -1.1475905394e+01\n  239    0 1.0000000000 -1.2930298656e+01 -1.1609947476e+01\n  240    0 1.0000000000 -1.3060942166e+01 -1.1746198938e+01\n  241    0 1.0000000000 -1.3190911344e+01 -1.1884548081e+01\n  242    0 1.0000000000 -1.3320146720e+01 -1.2024878135e+01\n  243    0 1.0000000000 -1.3448588147e+01 -1.2167067286e+01\n  244    0 1.0000000000 -1.3576174851e+01 -1.2310988726e+01\n  245    0 1.0000000000 -1.3702845471e+01 -1.2456510705e+01\n  246    0 1.0000000000 -1.3828538112e+01 -1.2603496619e+01\n  247    0 1.0000000000 -1.3953190397e+01 -1.2751805104e+01\n  248    0 1.0000000000 -1.4076739517e+01 -1.2901290150e+01\n  249    0 1.0000000000 -1.4199122292e+01 -1.3051801240e+01\n  250    0 1.0000000000 -1.4320275223e+01 -1.3203183495e+01\n  251    0 1.0000000000 -1.4440134556e+01 -1.3355277849e+01\n  252    0 1.0000000000 -1.4558636342e+01 -1.3507921232e+01\n  253    0 1.0000000000 -1.4675716499e+01 -1.3660946777e+01\n  254    0 1.0000000000 -1.4791310880e+01 -1.3814184037e+01\n  255    0 1.0000000000 -1.4905355337e+01 -1.3967459228e+01\n  256    0 1.0000000000 -1.5017785788e+01 -1.4120595479e+01\n  257    0 1.0000000000 -1.5128538290e+01 -1.4273413100e+01\n  258    0 1.0000000000 -1.5237549107e+01 -1.4425729869e+01\n  259    0 1.0000000000 -1.5344754781e+01 -1.4577361326e+01\n  260    0 1.0000000000 -1.5450092206e+01 -1.4728121086e+01\n  261    0 1.0000000000 -1.5553498701e+01 -1.4877821164e+01\n  262    0 1.0000000000 -1.5654912084e+01 -1.5026272305e+01\n  263    0 1.0000000000 -1.5754270746e+01 -1.5173284334e+01\n  264    0 1.0000000000 -1.5851513729e+01 -1.5318666510e+01\n  265    0 1.0000000000 -1.5946580795e+01 -1.5462227891e+01\n  266    0 1.0000000000 -1.6039412509e+01 -1.5603777703e+01\n  267    0 1.0000000000 -1.6129950309e+01 -1.5743125721e+01\n  268    0 1.0000000000 -1.6218136585e+01 -1.5880082650e+01\n  269    0 1.0000000000 -1.6303914751e+01 -1.6014460518e+01\n  270    0 1.0000000000 -1.6387229320e+01 -1.6146073059e+01\n  271    0 1.0000000000 -1.6468025980e+01 -1.6274736112e+01\n  272    0 1.0000000000 -1.6546251663e+01 -1.6400268013e+01\n  273    0 1.0000000000 -1.6621854622e+01 -1.6522489985e+01\n  274    0 1.0000000000 -1.6694784498e+01 -1.6641226534e+01\n  275    0 1.0000000000 -1.6764992390e+01 -1.6756305832e+01\n  276    0 1.0000000000 -1.6832430924e+01 -1.6867560101e+01\n  277    0 1.0000000000 -1.6897054322e+01 -1.6974825995e+01\n  278    0 1.0000000000 -1.6958818460e+01 -1.7077944968e+01\n  279    0 1.0000000000 -1.7017680940e+01 -1.7176763634e+01\n  280    0 1.0000000000 -1.7073601141e+01 -1.7271134130e+01\n  281    0 1.0000000000 -1.7126540288e+01 -1.7360914450e+01\n  282    0 1.0000000000 -1.7176461499e+01 -1.7445968784e+01\n  283    0 1.0000000000 -1.7223329846e+01 -1.7526167831e+01\n  284    0 1.0000000000 -1.7267112400e+01 -1.7601389115e+01\n  285    0 1.0000000000 -1.7307778287e+01 -1.7671517264e+01\n  286    0 1.0000000000 -1.7345298727e+01 -1.7736444296e+01\n  287    0 1.0000000000 -1.7379647081e+01 -1.7796069872e+01\n  288    0 1.0000000000 -1.7410798890e+01 -1.7850301542e+01\n  289    0 1.0000000000 -1.7438731910e+01 -1.7899054965e+01\n  290    0 1.0000000000 -1.7463426147e+01 -1.7942254115e+01\n  291    0 1.0000000000 -1.7484863890e+01 -1.7979831468e+01\n  292    0 1.0000000000 -1.7503029730e+01 -1.8011728164e+01\n  293    0 1.0000000000 -1.7517910593e+01 -1.8037894151e+01\n  294    0 1.0000000000 -1.7529495751e+01 -1.8058288310e+01\n  295    0 1.0000000000 -1.7537776846e+01 -1.8072878554e+01\n  296    0 1.0000000000 -1.7542747898e+01 -1.8081641907e+01\n  297    0 1.0000000000 -1.7544405315e+01 -1.8084564560e+01\n