SINGLE-ORBITAL NN+NNN EFFECTIVE MODEL FIT

m=4
eon=0.0
t0=1.0
l_decay=0.5
dl=0.3
pairing=./m=4/pairing.txt
microscopic_orbitals=34

E_eff(k) = eps0 + 2*t1[cos(k.u1)+cos(k.u2)] + 4*t2*cos(k.u1)*cos(k.u2)

eps0     = -1.44191631137709e+01
t1       = -8.17308159404861e-01
t2       = -6.14313276216482e-02

RMSE=4.81657936199690e-01
MAE=3.97960818648486e-01
max_abs_error=1.03234698856439e+00
optimizer_success=True
optimizer_message=Linear least-squares solution
minimum_tracking_continuity=1.0000000000
mean_tracking_continuity=1.0000000000

# k_index idx continuity target fit\n    0    0 1.0000000000 -1.7542231243e+01 -1.7934121062e+01\n    1    0 1.0000000000 -1.7541736940e+01 -1.7933174390e+01\n    2    0 1.0000000000 -1.7540254142e+01 -1.7930335326e+01\n    3    0 1.0000000000 -1.7537783177e+01 -1.7925606729e+01\n    4    0 1.0000000000 -1.7534324595e+01 -1.7918993362e+01\n    5    0 1.0000000000 -1.7529879164e+01 -1.7910501881e+01\n    6    0 1.0000000000 -1.7524447870e+01 -1.7900140839e+01\n    7    0 1.0000000000 -1.7518031918e+01 -1.7887920667e+01\n    8    0 1.0000000000 -1.7510632730e+01 -1.7873853671e+01\n    9    0 1.0000000000 -1.7502251948e+01 -1.7857954014e+01\n   10    0 1.0000000000 -1.7492891426e+01 -1.7840237706e+01\n   11    0 1.0000000000 -1.7482553237e+01 -1.7820722586e+01\n   12    0 1.0000000000 -1.7471239665e+01 -1.7799428304e+01\n   13    0 1.0000000000 -1.7458953209e+01 -1.7776376302e+01\n   14    0 1.0000000000 -1.7445696581e+01 -1.7751589791e+01\n   15    0 1.0000000000 -1.7431472703e+01 -1.7725093728e+01\n   16    0 1.0000000000 -1.7416284705e+01 -1.7696914794e+01\n   17    0 1.0000000000 -1.7400135926e+01 -1.7667081362e+01\n   18    0 1.0000000000 -1.7383029911e+01 -1.7635623471e+01\n   19    0 1.0000000000 -1.7364970411e+01 -1.7602572798e+01\n   20    0 1.0000000000 -1.7345961378e+01 -1.7567962621e+01\n   21    0 1.0000000000 -1.7326006964e+01 -1.7531827789e+01\n   22    0 1.0000000000 -1.7305111524e+01 -1.7494204689e+01\n   23    0 1.0000000000 -1.7283279605e+01 -1.7455131202e+01\n   24    0 1.0000000000 -1.7260515952e+01 -1.7414646673e+01\n   25    0 1.0000000000 -1.7236825501e+01 -1.7372791866e+01\n   26    0 1.0000000000 -1.7212213380e+01 -1.7329608925e+01\n   27    0 1.0000000000 -1.7186684902e+01 -1.7285141332e+01\n   28    0 1.0000000000 -1.7160245567e+01 -1.7239433862e+01\n   29    0 1.0000000000 -1.7132901059e+01 -1.7192532538e+01\n   30    0 1.0000000000 -1.7104657238e+01 -1.7144484587e+01\n   31    0 1.0000000000 -1.7075520147e+01 -1.7095338388e+01\n   32    0 1.0000000000 -1.7045495998e+01 -1.7045143427e+01\n   33    0 1.0000000000 -1.7014591179e+01 -1.6993950247e+01\n   34    0 1.0000000000 -1.6982812245e+01 -1.6941810395e+01\n   35    0 1.0000000000 -1.6950165917e+01 -1.6888776370e+01\n   36    0 1.0000000000 -1.6916659078e+01 -1.6834901575e+01\n   37    0 1.0000000000 -1.6882298773e+01 -1.6780240256e+01\n   38    0 1.0000000000 -1.6847092200e+01 -1.6724847452e+01\n   39    0 1.0000000000 -1.6811046714e+01 -1.6668778940e+01\n   40    0 1.0000000000 -1.6774169817e+01 -1.6612091175e+01\n   41    0 1.0000000000 -1.6736469160e+01 -1.6554841238e+01\n   42    0 1.0000000000 -1.6697952534e+01 -1.6497086773e+01\n   43    0 1.0000000000 -1.6658627873e+01 -1.6438885937e+01\n   44    0 1.0000000000 -1.6618503247e+01 -1.6380297330e+01\n   45    0 1.0000000000 -1.6577586855e+01 -1.6321379947e+01\n   46    0 1.0000000000 -1.6535887031e+01 -1.6262193114e+01\n   47    0 1.0000000000 -1.6493412229e+01 -1.6202796426e+01\n   48    0 1.0000000000 -1.6450171029e+01 -1.6143249690e+01\n   49    0 1.0000000000 -1.6406172126e+01 -1.6083612865e+01\n   50    0 1.0000000000 -1.6361424334e+01 -1.6023946000e+01\n   51    0 1.0000000000 -1.6315936573e+01 -1.5964309175e+01\n   52    0 1.0000000000 -1.6269717872e+01 -1.5904762440e+01\n   53    0 1.0000000000 -1.6222777365e+01 -1.5845365751e+01\n   54    0 1.0000000000 -1.6175124283e+01 -1.5786178918e+01\n   55    0 1.0000000000 -1.6126767954e+01 -1.5727261535e+01\n   56    0 1.0000000000 -1.6077717797e+01 -1.5668672929e+01\n   57    0 1.0000000000 -1.6027983320e+01 -1.5610472092e+01\n   58    0 1.0000000000 -1.5977574114e+01 -1.5552717628e+01\n   59    0 1.0000000000 -1.5926499851e+01 -1.5495467690e+01\n   60    0 1.0000000000 -1.5874770281e+01 -1.5438779926e+01\n   61    0 1.0000000000 -1.5822395223e+01 -1.5382711413e+01\n   62    0 1.0000000000 -1.5769384569e+01 -1.5327318609e+01\n   63    0 1.0000000000 -1.5715748271e+01 -1.5272657290e+01\n   64    0 1.0000000000 -1.5661496347e+01 -1.5218782495e+01\n   65    0 1.0000000000 -1.5606638869e+01 -1.5165748470e+01\n   66    0 1.0000000000 -1.5551185963e+01 -1.5113608618e+01\n   67    0 1.0000000000 -1.5495147805e+01 -1.5062415438e+01\n   68    0 1.0000000000 -1.5438534616e+01 -1.5012220477e+01\n   69    0 1.0000000000 -1.5381356661e+01 -1.4963074278e+01\n   70    0 1.0000000000 -1.5323624242e+01 -1.4915026327e+01\n   71    0 1.0000000000 -1.5265347693e+01 -1.4868125003e+01\n   72    0 1.0000000000 -1.5206537383e+01 -1.4822417533e+01\n   73    0 1.0000000000 -1.5147203705e+01 -1.4777949940e+01\n   74    0 1.0000000000 -1.5087357078e+01 -1.4734766999e+01\n   75    0 1.0000000000 -1.5027007939e+01 -1.4692912192e+01\n   76    0 1.0000000000 -1.4966166742e+01 -1.4652427663e+01\n   77    0 1.0000000000 -1.4904843953e+01 -1.4613354176e+01\n   78    0 1.0000000000 -1.4843050050e+01 -1.4575731076e+01\n   79    0 1.0000000000 -1.4780795513e+01 -1.4539596245e+01\n   80    0 1.0000000000 -1.4718090828e+01 -1.4504986067e+01\n   81    0 1.0000000000 -1.4654946478e+01 -1.4471935394e+01\n   82    0 1.0000000000 -1.4591372945e+01 -1.4440477503e+01\n   83    0 1.0000000000 -1.4527380703e+01 -1.4410644071e+01\n   84    0 1.0000000000 -1.4462980216e+01 -1.4382465137e+01\n   85    0 1.0000000000 -1.4398181937e+01 -1.4355969074e+01\n   86    0 1.0000000000 -1.4332996304e+01 -1.4331182563e+01\n   87    0 1.0000000000 -1.4267433741e+01 -1.4308130561e+01\n   88    0 1.0000000000 -1.4201504655e+01 -1.4286836279e+01\n   89    0 1.0000000000 -1.4135219437e+01 -1.4267321159e+01\n   90    0 1.0000000000 -1.4068588470e+01 -1.4249604851e+01\n   91    0 1.0000000000 -1.4001622130e+01 -1.4233705194e+01\n   92    0 1.0000000000 -1.3934330811e+01 -1.4219638198e+01\n   93    0 1.0000000000 -1.3866724964e+01 -1.4207418026e+01\n   94    0 1.0000000000 -1.3798815187e+01 -1.4197056984e+01\n   95    0 1.0000000000 -1.3730612455e+01 -1.4188565504e+01\n   96    0 1.0000000000 -1.3662128816e+01 -1.4181952136e+01\n   97    0 1.0000000000 -1.3593380127e+01 -1.4177223539e+01\n   98    0 1.0000000000 -1.3524404529e+01 -1.4174384476e+01\n   99    0 1.0000000000 -1.3457165752e+01 -1.4173437803e+01\n  100    0 1.0000000000 -1.3456815736e+01 -1.4172738556e+01\n  101    0 1.0000000000 -1.3455765283e+01 -1.4170641516e+01\n  102    0 1.0000000000 -1.3454014601e+01 -1.4167148797e+01\n  103    0 1.0000000000 -1.3451564038e+01 -1.4162263915e+01\n  104    0 1.0000000000 -1.3448414080e+01 -1.4155991789e+01\n  105    0 1.0000000000 -1.3444565350e+01 -1.4148338733e+01\n  106    0 1.0000000000 -1.3440018608e+01 -1.4139312455e+01\n  107    0 1.0000000000 -1.3434774751e+01 -1.4128922043e+01\n  108    0 1.0000000000 -1.3428834813e+01 -1.4117177959e+01\n  109    0 1.0000000000 -1.3422199963e+01 -1.4104092028e+01\n  110    0 1.0000000000 -1.3414871508e+01 -1.4089677427e+01\n  111    0 1.0000000000 -1.3406850888e+01 -1.4073948670e+01\n  112    0 1.0000000000 -1.3398139677e+01 -1.4056921594e+01\n  113    0 1.0000000000 -1.3388739585e+01 -1.4038613345e+01\n  114    0 1.0000000000 -1.3378652452e+01 -1.4019042357e+01\n  115    0 1.0000000000 -1.3367880254e+01 -1.3998228337e+01\n  116    0 1.0000000000 -1.3356425096e+01 -1.3976192243e+01\n  117    0 1.0000000000 -1.3344289212e+01 -1.3952956262e+01\n  118    0 1.0000000000 -1.3331474969e+01 -1.3928543793e+01\n  119    0 1.0000000000 -1.3317984861e+01 -1.3902979415e+01\n  120    0 1.0000000000 -1.3303821510e+01 -1.3876288870e+01\n  121    0 1.0000000000 -1.3288987662e+01 -1.3848499034e+01\n  122    0 1.0000000000 -1.3273486191e+01 -1.3819637888e+01\n  123    0 1.0000000000 -1.3257320094e+01 -1.3789734493e+01\n  124    0 1.0000000000 -1.3240492492e+01 -1.3758818959e+01\n  125    0 1.0000000000 -1.3223006625e+01 -1.3726922416e+01\n  126    0 1.0000000000 -1.3204865855e+01 -1.3694076980e+01\n  127    0 1.0000000000 -1.3186073662e+01 -1.3660315725e+01\n  128    0 1.0000000000 -1.3166633644e+01 -1.3625672644e+01\n  129    0 1.0000000000 -1.3146549513e+01 -1.3590182621e+01\n  130    0 1.0000000000 -1.3125825098e+01 -1.3553881391e+01\n  131    0 1.0000000000 -1.3104464338e+01 -1.3516805506e+01\n  132    0 1.0000000000 -1.3082471285e+01 -1.3478992299e+01\n  133    0 1.0000000000 -1.3059850099e+01 -1.3440479844e+01\n  134    0 1.0000000000 -1.3036605048e+01 -1.3401306920e+01\n  135    0 1.0000000000 -1.3012740507e+01 -1.3361512971e+01\n  136    0 1.0000000000 -1.2988260955e+01 -1.3321138066e+01\n  137    0 1.0000000000 -1.2963170971e+01 -1.3280222859e+01\n  138    0 1.0000000000 -1.2937475239e+01 -1.3238808548e+01\n  139    0 1.0000000000 -1.2911178537e+01 -1.3196936834e+01\n  140    0 1.0000000000 -1.2884285742e+01 -1.3154649879e+01\n  141    0 1.0000000000 -1.2856801828e+01 -1.3111990261e+01\n  142    0 1.0000000000 -1.2828731857e+01 -1.3069000935e+01\n  143    0 1.0000000000 -1.2800080986e+01 -1.3025725188e+01\n  144    0 1.0000000000 -1.2770854460e+01 -1.2982206594e+01\n  145    0 1.0000000000 -1.2741057609e+01 -1.2938488974e+01\n  146    0 1.0000000000 -1.2710695851e+01 -1.2894616347e+01\n  147    0 1.0000000000 -1.2679774682e+01 -1.2850632890e+01\n  148    0 1.0000000000 -1.2648299685e+01 -1.2806582889e+01\n  149    0 1.0000000000 -1.2616276515e+01 -1.2762510700e+01\n  150    0 1.0000000000 -1.2583710908e+01 -1.2718460700e+01\n  151    0 1.0000000000 -1.2550608673e+01 -1.2674477242e+01\n  152    0 1.0000000000 -1.2516975689e+01 -1.2630604616e+01\n  153    0 1.0000000000 -1.2482817907e+01 -1.2586886996e+01\n  154    0 1.0000000000 -1.2448141345e+01 -1.2543368402e+01\n  155    0 1.0000000000 -1.2412952087e+01 -1.2500092655e+01\n  156    0 1.0000000000 -1.2377256280e+01 -1.2457103329e+01\n  157    0 1.0000000000 -1.2341060131e+01 -1.2414443711e+01\n  158    0 1.0000000000 -1.2304369907e+01 -1.2372156755e+01\n  159    0 1.0000000000 -1.2267191931e+01 -1.2330285042e+01\n  160    0 1.0000000000 -1.2229532581e+01 -1.2288870731e+01\n  161    0 1.0000000000 -1.2191398287e+01 -1.2247955524e+01\n  162    0 1.0000000000 -1.2152795528e+01 -1.2207580619e+01\n  163    0 1.0000000000 -1.2113730832e+01 -1.2167786670e+01\n  164    0 1.0000000000 -1.2074210772e+01 -1.2128613746e+01\n  165    0 1.0000000000 -1.2034241964e+01 -1.2090101291e+01\n  166    0 1.0000000000 -1.1993831067e+01 -1.2052288084e+01\n  167    0 1.0000000000 -1.1952984776e+01 -1.2015212199e+01\n  168    0 1.0000000000 -1.1911709827e+01 -1.1978910969e+01\n  169    0 1.0000000000 -1.1870012987e+01 -1.1943420946e+01\n  170    0 1.0000000000 -1.1827901058e+01 -1.1908777865e+01\n  171    0 1.0000000000 -1.1785380874e+01 -1.1875016610e+01\n  172    0 1.0000000000 -1.1742459295e+01 -1.1842171174e+01\n  173    0 1.0000000000 -1.1699143212e+01 -1.1810274631e+01\n  174    0 1.0000000000 -1.1655439538e+01 -1.1779359097e+01\n  175    0 1.0000000000 -1.1611355212e+01 -1.1749455702e+01\n  176    0 1.0000000000 -1.1566897196e+01 -1.1720594556e+01\n  177    0 1.0000000000 -1.1522072473e+01 -1.1692804720e+01\n  178    0 1.0000000000 -1.1476888047e+01 -1.1666114175e+01\n  179    0 1.0000000000 -1.1431350941e+01 -1.1640549797e+01\n  180    0 1.0000000000 -1.1385468201e+01 -1.1616137327e+01\n  181    0 1.0000000000 -1.1339246893e+01 -1.1592901347e+01\n  182    0 1.0000000000 -1.1292694107e+01 -1.1570865253e+01\n  183    0 1.0000000000 -1.1245816963e+01 -1.1550051232e+01\n  184    0 1.0000000000 -1.1198622613e+01 -1.1530480245e+01\n  185    0 1.0000000000 -1.1151118254e+01 -1.1512171996e+01\n  186    0 1.0000000000 -1.1103311148e+01 -1.1495144920e+01\n  187    0 1.0000000000 -1.1055208642e+01 -1.1479416163e+01\n  188    0 1.0000000000 -1.1006818217e+01 -1.1465001562e+01\n  189    0 1.0000000000 -1.0958147563e+01 -1.1451915631e+01\n  190    0 1.0000000000 -1.0909204709e+01 -1.1440171547e+01\n  191    0 1.0000000000 -1.0859998265e+01 -1.1429781135e+01\n  192    0 1.0000000000 -1.0810537919e+01 -1.1420754857e+01\n  193    0 1.0000000000 -1.0760835501e+01 -1.1413101801e+01\n  194    0 1.0000000000 -1.0710907637e+01 -1.1406829675e+01\n  195    0 1.0000000000 -1.0660783585e+01 -1.1401944793e+01\n  196    0 1.0000000000 -1.0610535710e+01 -1.1398452074e+01\n  197    0 1.0000000000 -1.0560477905e+01 -1.1396355034e+01\n  198    0 1.0000000000 -1.0517844771e+01 -1.1395655787e+01\n  199    0 1.0000000000 -1.0607298516e+01 -1.1397054344e+01\n  200    0 1.0000000000 -1.0709259850e+01 -1.1401249357e+01\n  201    0 1.0000000000 -1.0811643525e+01 -1.1408238837e+01\n  202    0 1.0000000000 -1.0914213202e+01 -1.1418019467e+01\n  203    0 1.0000000000 -1.1016907751e+01 -1.1430586587e+01\n  204    0 1.0000000000 -1.1119694039e+01 -1.1445934173e+01\n  205    0 1.0000000000 -1.1222546530e+01 -1.1464054826e+01\n  206    0 1.0000000000 -1.1325442260e+01 -1.1484939738e+01\n  207    0 1.0000000000 -1.1428359181e+01 -1.1508578667e+01\n  208    0 1.0000000000 -1.1531275508e+01 -1.1534959905e+01\n  209    0 1.0000000000 -1.1634169419e+01 -1.1564070238e+01\n  210    0 1.0000000000 -1.1737018914e+01 -1.1595894908e+01\n  211    0 1.0000000000 -1.1839801736e+01 -1.1630417568e+01\n  212    0 1.0000000000 -1.1942495329e+01 -1.1667620236e+01\n  213    0 1.0000000000 -1.2045076819e+01 -1.1707483243e+01\n  214    0 1.0000000000 -1.2147522996e+01 -1.1749985186e+01\n  215    0 1.0000000000 -1.2249810314e+01 -1.1795102870e+01\n  216    0 1.0000000000 -1.2351914886e+01 -1.1842811254e+01\n  217    0 1.0000000000 -1.2453812488e+01 -1.1893083395e+01\n  218    0 1.0000000000 -1.2555478559e+01 -1.1945890387e+01\n  219    0 1.0000000000 -1.2656888208e+01 -1.2001201306e+01\n  220    0 1.0000000000 -1.2758016219e+01 -1.2058983150e+01\n  221    0 1.0000000000 -1.2858837060e+01 -1.2119200782e+01\n  222    0 1.0000000000 -1.2959324886e+01 -1.2181816871e+01\n  223    0 1.0000000000 -1.3059453555e+01 -1.2246791837e+01\n  224    0 1.0000000000 -1.3159196629e+01 -1.2314083796e+01\n  225    0 1.0000000000 -1.3258527390e+01 -1.2383648506e+01\n  226    0 1.0000000000 -1.3357418848e+01 -1.2455439319e+01\n  227    0 1.0000000000 -1.3455843753e+01 -1.2529407134e+01\n  228    0 1.0000000000 -1.3553774603e+01 -1.2605500350e+01\n  229    0 1.0000000000 -1.3651183664e+01 -1.2683664830e+01\n  230    0 1.0000000000 -1.3748042974e+01 -1.2763843860e+01\n  231    0 1.0000000000 -1.3844324362e+01 -1.2845978123e+01\n  232    0 1.0000000000 -1.3939999459e+01 -1.2930005668e+01\n  233    0 1.0000000000 -1.4035039716e+01 -1.3015861892e+01\n  234    0 1.0000000000 -1.4129416413e+01 -1.3103479522e+01\n  235    0 1.0000000000 -1.4223100678e+01 -1.3192788607e+01\n  236    0 1.0000000000 -1.4316063505e+01 -1.3283716516e+01\n  237    0 1.0000000000 -1.4408275763e+01 -1.3376187938e+01\n  238    0 1.0000000000 -1.4499708221e+01 -1.3470124895e+01\n  239    0 1.0000000000 -1.4590331560e+01 -1.3565446760e+01\n  240    0 1.0000000000 -1.4680116390e+01 -1.3662070279e+01\n  241    0 1.0000000000 -1.4769033271e+01 -1.3759909608e+01\n  242    0 1.0000000000 -1.4857052732e+01 -1.3858876349e+01\n  243    0 1.0000000000 -1.4944145285e+01 -1.3958879600e+01\n  244    0 1.0000000000 -1.5030281449e+01 -1.4059826015e+01\n  245    0 1.0000000000 -1.5115431765e+01 -1.4161619860e+01\n  246    0 1.0000000000 -1.5199566822e+01 -1.4264163093e+01\n  247    0 1.0000000000 -1.5282657269e+01 -1.4367355443e+01\n  248    0 1.0000000000 -1.5364673843e+01 -1.4471094497e+01\n  249    0 1.0000000000 -1.5445587384e+01 -1.4575275798e+01\n  250    0 1.0000000000 -1.5525368861e+01 -1.4679792951e+01\n  251    0 1.0000000000 -1.5603989386e+01 -1.4784537736e+01\n  252    0 1.0000000000 -1.5681420244e+01 -1.4889400229e+01\n  253    0 1.0000000000 -1.5757632907e+01 -1.4994268928e+01\n  254    0 1.0000000000 -1.5832599061e+01 -1.5099030895e+01\n  255    0 1.0000000000 -1.5906290623e+01 -1.5203571892e+01\n  256    0 1.0000000000 -1.5978679767e+01 -1.5307776537e+01\n  257    0 1.0000000000 -1.6049738944e+01 -1.5411528459e+01\n  258    0 1.0000000000 -1.6119440904e+01 -1.5514710459e+01\n  259    0 1.0000000000 -1.6187758716e+01 -1.5617204683e+01\n  260    0 1.0000000000 -1.6254665796e+01 -1.5718892796e+01\n  261    0 1.0000000000 -1.6320135922e+01 -1.5819656159e+01\n  262    0 1.0000000000 -1.6384143258e+01 -1.5919376018e+01\n  263    0 1.0000000000 -1.6446662379e+01 -1.6017933691e+01\n  264    0 1.0000000000 -1.6507668288e+01 -1.6115210760e+01\n  265    0 1.0000000000 -1.6567136439e+01 -1.6211089272e+01\n  266    0 1.0000000000 -1.6625042761e+01 -1.6305451932e+01\n  267    0 1.0000000000 -1.6681363674e+01 -1.6398182311e+01\n  268    0 1.0000000000 -1.6736076113e+01 -1.6489165044e+01\n  269    0 1.0000000000 -1.6789157547e+01 -1.6578286037e+01\n  270    0 1.0000000000 -1.6840586000e+01 -1.6665432675e+01\n  271    0 1.0000000000 -1.6890340071e+01 -1.6750494022e+01\n  272    0 1.0000000000 -1.6938398953e+01 -1.6833361032e+01\n  273    0 1.0000000000 -1.6984742451e+01 -1.6913926748e+01\n  274    0 1.0000000000 -1.7029351001e+01 -1.6992086507e+01\n  275    0 1.0000000000 -1.7072205688e+01 -1.7067738141e+01\n  276    0 1.0000000000 -1.7113288266e+01 -1.7140782170e+01\n  277    0 1.0000000000 -1.7152581170e+01 -1.7211122003e+01\n  278    0 1.0000000000 -1.7190067539e+01 -1.7278664121e+01\n  279    0 1.0000000000 -1.7225731224e+01 -1.7343318267e+01\n  280    0 1.0000000000 -1.7259556812e+01 -1.7404997624e+01\n  281    0 1.0000000000 -1.7291529632e+01 -1.7463618994e+01\n  282    0 1.0000000000 -1.7321635777e+01 -1.7519102959e+01\n  283    0 1.0000000000 -1.7349862112e+01 -1.7571374052e+01\n  284    0 1.0000000000 -1.7376196287e+01 -1.7620360906e+01\n  285    0 1.0000000000 -1.7400626754e+01 -1.7665996401e+01\n  286    0 1.0000000000 -1.7423142771e+01 -1.7708217809e+01\n  287    0 1.0000000000 -1.7443734418e+01 -1.7746966917e+01\n  288    0 1.0000000000 -1.7462392603e+01 -1.7782190157e+01\n  289    0 1.0000000000 -1.7479109075e+01 -1.7813838710e+01\n  290    0 1.0000000000 -1.7493876427e+01 -1.7841868616e+01\n  291    0 1.0000000000 -1.7506688108e+01 -1.7866240863e+01\n  292    0 1.0000000000 -1.7517538426e+01 -1.7886921472e+01\n  293    0 1.0000000000 -1.7526422556e+01 -1.7903881566e+01\n  294    0 1.0000000000 -1.7533336544e+01 -1.7917097435e+01\n  295    0 1.0000000000 -1.7538277308e+01 -1.7926550586e+01\n  296    0 1.0000000000 -1.7541242649e+01 -1.7932227780e+01\n  297    0 1.0000000000 -1.7542231243e+01 -1.7934121062e+01\n