SINGLE-ORBITAL NN+NNN EFFECTIVE MODEL FIT

m=5
eon=0.0
t0=1.0
l_decay=0.5
dl=0.3
pairing=./m=5/pairing.txt
microscopic_orbitals=52

E_eff(k) = eps0 + 2*t1[cos(k.u1)+cos(k.u2)] + 4*t2*cos(k.u1)*cos(k.u2)

eps0     = -1.53745074566800e+01
t1       = -5.84469413040647e-01
t2       = -3.07433286315911e-02

RMSE=3.62759312583376e-01
MAE=2.96646186416792e-01
max_abs_error=7.85121679833919e-01
optimizer_success=True
optimizer_message=Linear least-squares solution
minimum_tracking_continuity=1.0000000000
mean_tracking_continuity=1.0000000000

# k_index idx continuity target fit\n    0    0 1.0000000000 -1.7549994397e+01 -1.7835358423e+01\n    1    0 1.0000000000 -1.7549670152e+01 -1.7834708000e+01\n    2    0 1.0000000000 -1.7548697464e+01 -1.7832757386e+01\n    3    0 1.0000000000 -1.7547076476e+01 -1.7829508545e+01\n    4    0 1.0000000000 -1.7544807429e+01 -1.7824964748e+01\n    5    0 1.0000000000 -1.7541890657e+01 -1.7819130571e+01\n    6    0 1.0000000000 -1.7538326591e+01 -1.7812011888e+01\n    7    0 1.0000000000 -1.7534115757e+01 -1.7803615867e+01\n    8    0 1.0000000000 -1.7529258775e+01 -1.7793950962e+01\n    9    0 1.0000000000 -1.7523756362e+01 -1.7783026904e+01\n   10    0 1.0000000000 -1.7517609330e+01 -1.7770854694e+01\n   11    0 1.0000000000 -1.7510818582e+01 -1.7757446588e+01\n   12    0 1.0000000000 -1.7503385120e+01 -1.7742816086e+01\n   13    0 1.0000000000 -1.7495310036e+01 -1.7726977921e+01\n   14    0 1.0000000000 -1.7486594517e+01 -1.7709948040e+01\n   15    0 1.0000000000 -1.7477239844e+01 -1.7691743590e+01\n   16    0 1.0000000000 -1.7467247389e+01 -1.7672382902e+01\n   17    0 1.0000000000 -1.7456618617e+01 -1.7651885471e+01\n   18    0 1.0000000000 -1.7445355086e+01 -1.7630271935e+01\n   19    0 1.0000000000 -1.7433458443e+01 -1.7607564058e+01\n   20    0 1.0000000000 -1.7420930427e+01 -1.7583784705e+01\n   21    0 1.0000000000 -1.7407772867e+01 -1.7558957819e+01\n   22    0 1.0000000000 -1.7393987682e+01 -1.7533108399e+01\n   23    0 1.0000000000 -1.7379576879e+01 -1.7506262473e+01\n   24    0 1.0000000000 -1.7364542553e+01 -1.7478447073e+01\n   25    0 1.0000000000 -1.7348886888e+01 -1.7449690207e+01\n   26    0 1.0000000000 -1.7332612154e+01 -1.7420020829e+01\n   27    0 1.0000000000 -1.7315720708e+01 -1.7389468815e+01\n   28    0 1.0000000000 -1.7298214990e+01 -1.7358064929e+01\n   29    0 1.0000000000 -1.7280097528e+01 -1.7325840790e+01\n   30    0 1.0000000000 -1.7261370931e+01 -1.7292828846e+01\n   31    0 1.0000000000 -1.7242037892e+01 -1.7259062338e+01\n   32    0 1.0000000000 -1.7222101188e+01 -1.7224575265e+01\n   33    0 1.0000000000 -1.7201563672e+01 -1.7189402353e+01\n   34    0 1.0000000000 -1.7180428284e+01 -1.7153579018e+01\n   35    0 1.0000000000 -1.7158698037e+01 -1.7117141331e+01\n   36    0 1.0000000000 -1.7136376028e+01 -1.7080125981e+01\n   37    0 1.0000000000 -1.7113465427e+01 -1.7042570241e+01\n   38    0 1.0000000000 -1.7089969483e+01 -1.7004511925e+01\n   39    0 1.0000000000 -1.7065891519e+01 -1.6965989355e+01\n   40    0 1.0000000000 -1.7041234934e+01 -1.6927041320e+01\n   41    0 1.0000000000 -1.7016003198e+01 -1.6887707038e+01\n   42    0 1.0000000000 -1.6990199856e+01 -1.6848026114e+01\n   43    0 1.0000000000 -1.6963828522e+01 -1.6808038504e+01\n   44    0 1.0000000000 -1.6936892881e+01 -1.6767784472e+01\n   45    0 1.0000000000 -1.6909396685e+01 -1.6727304550e+01\n   46    0 1.0000000000 -1.6881343758e+01 -1.6686639499e+01\n   47    0 1.0000000000 -1.6852737986e+01 -1.6645830264e+01\n   48    0 1.0000000000 -1.6823583323e+01 -1.6604917937e+01\n   49    0 1.0000000000 -1.6793883787e+01 -1.6563943714e+01\n   50    0 1.0000000000 -1.6763643457e+01 -1.6522948851e+01\n   51    0 1.0000000000 -1.6732866477e+01 -1.6481974628e+01\n   52    0 1.0000000000 -1.6701557048e+01 -1.6441062301e+01\n   53    0 1.0000000000 -1.6669719433e+01 -1.6400253067e+01\n   54    0 1.0000000000 -1.6637357952e+01 -1.6359588015e+01\n   55    0 1.0000000000 -1.6604476981e+01 -1.6319108094e+01\n   56    0 1.0000000000 -1.6571080953e+01 -1.6278854062e+01\n   57    0 1.0000000000 -1.6537174354e+01 -1.6238866452e+01\n   58    0 1.0000000000 -1.6502761724e+01 -1.6199185528e+01\n   59    0 1.0000000000 -1.6467847652e+01 -1.6159851245e+01\n   60    0 1.0000000000 -1.6432436780e+01 -1.6120903210e+01\n   61    0 1.0000000000 -1.6396533798e+01 -1.6082380640e+01\n   62    0 1.0000000000 -1.6360143442e+01 -1.6044322324e+01\n   63    0 1.0000000000 -1.6323270497e+01 -1.6006766584e+01\n   64    0 1.0000000000 -1.6285919791e+01 -1.5969751235e+01\n   65    0 1.0000000000 -1.6248096196e+01 -1.5933313548e+01\n   66    0 1.0000000000 -1.6209804626e+01 -1.5897490212e+01\n   67    0 1.0000000000 -1.6171050035e+01 -1.5862317300e+01\n   68    0 1.0000000000 -1.6131837419e+01 -1.5827830227e+01\n   69    0 1.0000000000 -1.6092171808e+01 -1.5794063719e+01\n   70    0 1.0000000000 -1.6052058273e+01 -1.5761051775e+01\n   71    0 1.0000000000 -1.6011501918e+01 -1.5728827637e+01\n   72    0 1.0000000000 -1.5970507881e+01 -1.5697423750e+01\n   73    0 1.0000000000 -1.5929081333e+01 -1.5666871736e+01\n   74    0 1.0000000000 -1.5887227477e+01 -1.5637202359e+01\n   75    0 1.0000000000 -1.5844951543e+01 -1.5608445492e+01\n   76    0 1.0000000000 -1.5802258794e+01 -1.5580630092e+01\n   77    0 1.0000000000 -1.5759154516e+01 -1.5553784166e+01\n   78    0 1.0000000000 -1.5715644023e+01 -1.5527934747e+01\n   79    0 1.0000000000 -1.5671732653e+01 -1.5503107861e+01\n   80    0 1.0000000000 -1.5627425768e+01 -1.5479328507e+01\n   81    0 1.0000000000 -1.5582728749e+01 -1.5456620630e+01\n   82    0 1.0000000000 -1.5537647000e+01 -1.5435007095e+01\n   83    0 1.0000000000 -1.5492185943e+01 -1.5414509663e+01\n   84    0 1.0000000000 -1.5446351019e+01 -1.5395148976e+01\n   85    0 1.0000000000 -1.5400147683e+01 -1.5376944526e+01\n   86    0 1.0000000000 -1.5353581408e+01 -1.5359914644e+01\n   87    0 1.0000000000 -1.5306657678e+01 -1.5344076479e+01\n   88    0 1.0000000000 -1.5259381993e+01 -1.5329445978e+01\n   89    0 1.0000000000 -1.5211759860e+01 -1.5316037871e+01\n   90    0 1.0000000000 -1.5163796800e+01 -1.5303865661e+01\n   91    0 1.0000000000 -1.5115498340e+01 -1.5292941604e+01\n   92    0 1.0000000000 -1.5066870017e+01 -1.5283276699e+01\n   93    0 1.0000000000 -1.5017917372e+01 -1.5274880678e+01\n   94    0 1.0000000000 -1.4968645953e+01 -1.5267761994e+01\n   95    0 1.0000000000 -1.4919061314e+01 -1.5261927817e+01\n   96    0 1.0000000000 -1.4869169014e+01 -1.5257384020e+01\n   97    0 1.0000000000 -1.4818974625e+01 -1.5254135179e+01\n   98    0 1.0000000000 -1.4768483796e+01 -1.5252184565e+01\n   99    0 1.0000000000 -1.4717721940e+01 -1.5251534142e+01\n  100    0 1.0000000000 -1.4717462784e+01 -1.5251007543e+01\n  101    0 1.0000000000 -1.4716689009e+01 -1.5249428275e+01\n  102    0 1.0000000000 -1.4715400721e+01 -1.5246797929e+01\n  103    0 1.0000000000 -1.4713598095e+01 -1.5243119154e+01\n  104    0 1.0000000000 -1.4711281376e+01 -1.5238395653e+01\n  105    0 1.0000000000 -1.4708450880e+01 -1.5232632183e+01\n  106    0 1.0000000000 -1.4705106990e+01 -1.5225834547e+01\n  107    0 1.0000000000 -1.4701250162e+01 -1.5218009589e+01\n  108    0 1.0000000000 -1.4696880917e+01 -1.5209165190e+01\n  109    0 1.0000000000 -1.4691999850e+01 -1.5199310253e+01\n  110    0 1.0000000000 -1.4686607621e+01 -1.5188454703e+01\n  111    0 1.0000000000 -1.4680704961e+01 -1.5176609471e+01\n  112    0 1.0000000000 -1.4674292668e+01 -1.5163786482e+01\n  113    0 1.0000000000 -1.4667371611e+01 -1.5149998649e+01\n  114    0 1.0000000000 -1.4659942724e+01 -1.5135259855e+01\n  115    0 1.0000000000 -1.4652007011e+01 -1.5119584941e+01\n  116    0 1.0000000000 -1.4643565542e+01 -1.5102989690e+01\n  117    0 1.0000000000 -1.4634619455e+01 -1.5085490812e+01\n  118    0 1.0000000000 -1.4625169954e+01 -1.5067105927e+01\n  119    0 1.0000000000 -1.4615218312e+01 -1.5047853547e+01\n  120    0 1.0000000000 -1.4604765865e+01 -1.5027753058e+01\n  121    0 1.0000000000 -1.4593814015e+01 -1.5006824698e+01\n  122    0 1.0000000000 -1.4582364232e+01 -1.4985089542e+01\n  123    0 1.0000000000 -1.4570418049e+01 -1.4962569474e+01\n  124    0 1.0000000000 -1.4557977061e+01 -1.4939287170e+01\n  125    0 1.0000000000 -1.4545042932e+01 -1.4915266074e+01\n  126    0 1.0000000000 -1.4531617386e+01 -1.4890530373e+01\n  127    0 1.0000000000 -1.4517702210e+01 -1.4865104974e+01\n  128    0 1.0000000000 -1.4503299255e+01 -1.4839015477e+01\n  129    0 1.0000000000 -1.4488410431e+01 -1.4812288153e+01\n  130    0 1.0000000000 -1.4473037714e+01 -1.4784949914e+01\n  131    0 1.0000000000 -1.4457183135e+01 -1.4757028287e+01\n  132    0 1.0000000000 -1.4440848790e+01 -1.4728551386e+01\n  133    0 1.0000000000 -1.4424036831e+01 -1.4699547887e+01\n  134    0 1.0000000000 -1.4406749471e+01 -1.4670046992e+01\n  135    0 1.0000000000 -1.4388988981e+01 -1.4640078407e+01\n  136    0 1.0000000000 -1.4370757688e+01 -1.4609672308e+01\n  137    0 1.0000000000 -1.4352057978e+01 -1.4578859310e+01\n  138    0 1.0000000000 -1.4332892292e+01 -1.4547670440e+01\n  139    0 1.0000000000 -1.4313263127e+01 -1.4516137103e+01\n  140    0 1.0000000000 -1.4293173034e+01 -1.4484291049e+01\n  141    0 1.0000000000 -1.4272624619e+01 -1.4452164346e+01\n  142    0 1.0000000000 -1.4251620542e+01 -1.4419789342e+01\n  143    0 1.0000000000 -1.4230163513e+01 -1.4387198636e+01\n  144    0 1.0000000000 -1.4208256297e+01 -1.4354425043e+01\n  145    0 1.0000000000 -1.4185901709e+01 -1.4321501565e+01\n  146    0 1.0000000000 -1.4163102613e+01 -1.4288461352e+01\n  147    0 1.0000000000 -1.4139861923e+01 -1.4255337674e+01\n  148    0 1.0000000000 -1.4116182604e+01 -1.4222163882e+01\n  149    0 1.0000000000 -1.4092067667e+01 -1.4188973380e+01\n  150    0 1.0000000000 -1.4067520169e+01 -1.4155799588e+01\n  151    0 1.0000000000 -1.4042543216e+01 -1.4122675909e+01\n  152    0 1.0000000000 -1.4017139958e+01 -1.4089635696e+01\n  153    0 1.0000000000 -1.3991313590e+01 -1.4056712218e+01\n  154    0 1.0000000000 -1.3965067350e+01 -1.4023938626e+01\n  155    0 1.0000000000 -1.3938404520e+01 -1.3991347919e+01\n  156    0 1.0000000000 -1.3911328425e+01 -1.3958972915e+01\n  157    0 1.0000000000 -1.3883842428e+01 -1.3926846212e+01\n  158    0 1.0000000000 -1.3855949937e+01 -1.3895000158e+01\n  159    0 1.0000000000 -1.3827654395e+01 -1.3863466821e+01\n  160    0 1.0000000000 -1.3798959288e+01 -1.3832277951e+01\n  161    0 1.0000000000 -1.3769868138e+01 -1.3801464954e+01\n  162    0 1.0000000000 -1.3740384503e+01 -1.3771058854e+01\n  163    0 1.0000000000 -1.3710511981e+01 -1.3741090269e+01\n  164    0 1.0000000000 -1.3680254201e+01 -1.3711589374e+01\n  165    0 1.0000000000 -1.3649614832e+01 -1.3682585875e+01\n  166    0 1.0000000000 -1.3618597573e+01 -1.3654108975e+01\n  167    0 1.0000000000 -1.3587206158e+01 -1.3626187348e+01\n  168    0 1.0000000000 -1.3555444355e+01 -1.3598849108e+01\n  169    0 1.0000000000 -1.3523315963e+01 -1.3572121784e+01\n  170    0 1.0000000000 -1.3490824813e+01 -1.3546032288e+01\n  171    0 1.0000000000 -1.3457974769e+01 -1.3520606888e+01\n  172    0 1.0000000000 -1.3424769723e+01 -1.3495871187e+01\n  173    0 1.0000000000 -1.3391213601e+01 -1.3471850091e+01\n  174    0 1.0000000000 -1.3357310361e+01 -1.3448567787e+01\n  175    0 1.0000000000 -1.3323063990e+01 -1.3426047719e+01\n  176    0 1.0000000000 -1.3288478509e+01 -1.3404312563e+01\n  177    0 1.0000000000 -1.3253557973e+01 -1.3383384203e+01\n  178    0 1.0000000000 -1.3218306473e+01 -1.3363283714e+01\n  179    0 1.0000000000 -1.3182728138e+01 -1.3344031334e+01\n  180    0 1.0000000000 -1.3146827142e+01 -1.3325646449e+01\n  181    0 1.0000000000 -1.3110607704e+01 -1.3308147571e+01\n  182    0 1.0000000000 -1.3074074105e+01 -1.3291552320e+01\n  183    0 1.0000000000 -1.3037230694e+01 -1.3275877406e+01\n  184    0 1.0000000000 -1.3000081907e+01 -1.3261138612e+01\n  185    0 1.0000000000 -1.2962632296e+01 -1.3247350779e+01\n  186    0 1.0000000000 -1.2924886570e+01 -1.3234527791e+01\n  187    0 1.0000000000 -1.2886849655e+01 -1.3222682558e+01\n  188    0 1.0000000000 -1.2848526796e+01 -1.3211827008e+01\n  189    0 1.0000000000 -1.2809923730e+01 -1.3201972072e+01\n  190    0 1.0000000000 -1.2771046975e+01 -1.3193127672e+01\n  191    0 1.0000000000 -1.2731904384e+01 -1.3185302715e+01\n  192    0 1.0000000000 -1.2692506227e+01 -1.3178505078e+01\n  193    0 1.0000000000 -1.2652867563e+01 -1.3172741608e+01\n  194    0 1.0000000000 -1.2613014104e+01 -1.3168018107e+01\n  195    0 1.0000000000 -1.2572999420e+01 -1.3164339332e+01\n  196    0 1.0000000000 -1.2532971087e+01 -1.3161708986e+01\n  197    0 1.0000000000 -1.2493584348e+01 -1.3160129718e+01\n  198    0 1.0000000000 -1.2464262386e+01 -1.3159603119e+01\n  199    0 1.0000000000 -1.2533388975e+01 -1.3160656349e+01\n  200    0 1.0000000000 -1.2614706929e+01 -1.3163815351e+01\n  201    0 1.0000000000 -1.2696344104e+01 -1.3169078066e+01\n  202    0 1.0000000000 -1.2777920842e+01 -1.3176441055e+01\n  203    0 1.0000000000 -1.2859347806e+01 -1.3185899500e+01\n  204    0 1.0000000000 -1.2940585768e+01 -1.3197447198e+01\n  205    0 1.0000000000 -1.3021609913e+01 -1.3211076549e+01\n  206    0 1.0000000000 -1.3102400797e+01 -1.3226778554e+01\n  207    0 1.0000000000 -1.3182941300e+01 -1.3244542801e+01\n  208    0 1.0000000000 -1.3263215414e+01 -1.3264357456e+01\n  209    0 1.0000000000 -1.3343207685e+01 -1.3286209248e+01\n  210    0 1.0000000000 -1.3422902939e+01 -1.3310083457e+01\n  211    0 1.0000000000 -1.3502286135e+01 -1.3335963900e+01\n  212    0 1.0000000000 -1.3581342282e+01 -1.3363832914e+01\n  213    0 1.0000000000 -1.3660056392e+01 -1.3393671342e+01\n  214    0 1.0000000000 -1.3738413450e+01 -1.3425458516e+01\n  215    0 1.0000000000 -1.3816398402e+01 -1.3459172236e+01\n  216    0 1.0000000000 -1.3893996141e+01 -1.3494788760e+01\n  217    0 1.0000000000 -1.3971191503e+01 -1.3532282782e+01\n  218    0 1.0000000000 -1.4047969268e+01 -1.3571627416e+01\n  219    0 1.0000000000 -1.4124314158e+01 -1.3612794179e+01\n  220    0 1.0000000000 -1.4200210838e+01 -1.3655752976e+01\n  221    0 1.0000000000 -1.4275643920e+01 -1.3700472083e+01\n  222    0 1.0000000000 -1.4350597969e+01 -1.3746918133e+01\n  223    0 1.0000000000 -1.4425057502e+01 -1.3795056105e+01\n  224    0 1.0000000000 -1.4499006994e+01 -1.3844849309e+01\n  225    0 1.0000000000 -1.4572430889e+01 -1.3896259375e+01\n  226    0 1.0000000000 -1.4645313595e+01 -1.3949246248e+01\n  227    0 1.0000000000 -1.4717639499e+01 -1.4003768176e+01\n  228    0 1.0000000000 -1.4789392968e+01 -1.4059781712e+01\n  229    0 1.0000000000 -1.4860558354e+01 -1.4117241705e+01\n  230    0 1.0000000000 -1.4931120005e+01 -1.4176101304e+01\n  231    0 1.0000000000 -1.5001062267e+01 -1.4236311959e+01\n  232    0 1.0000000000 -1.5070369492e+01 -1.4297823429e+01\n  233    0 1.0000000000 -1.5139026045e+01 -1.4360583789e+01\n  234    0 1.0000000000 -1.5207016310e+01 -1.4424539441e+01\n  235    0 1.0000000000 -1.5274324697e+01 -1.4489635133e+01\n  236    0 1.0000000000 -1.5340935652e+01 -1.4555813972e+01\n  237    0 1.0000000000 -1.5406833658e+01 -1.4623017455e+01\n  238    0 1.0000000000 -1.5472003247e+01 -1.4691185484e+01\n  239    0 1.0000000000 -1.5536429005e+01 -1.4760256408e+01\n  240    0 1.0000000000 -1.5600095582e+01 -1.4830167047e+01\n  241    0 1.0000000000 -1.5662987696e+01 -1.4900852735e+01\n  242    0 1.0000000000 -1.5725090143e+01 -1.4972247362e+01\n  243    0 1.0000000000 -1.5786387803e+01 -1.5044283418e+01\n  244    0 1.0000000000 -1.5846865648e+01 -1.5116892046e+01\n  245    0 1.0000000000 -1.5906508750e+01 -1.5190003094e+01\n  246    0 1.0000000000 -1.5965302289e+01 -1.5263545175e+01\n  247    0 1.0000000000 -1.6023231560e+01 -1.5337445730e+01\n  248    0 1.0000000000 -1.6080281980e+01 -1.5411631095e+01\n  249    0 1.0000000000 -1.6136439098e+01 -1.5486026571e+01\n  250    0 1.0000000000 -1.6191688599e+01 -1.5560556500e+01\n  251    0 1.0000000000 -1.6246016318e+01 -1.5635144348e+01\n  252    0 1.0000000000 -1.6299408239e+01 -1.5709712778e+01\n  253    0 1.0000000000 -1.6351850510e+01 -1.5784183750e+01\n  254    0 1.0000000000 -1.6403329450e+01 -1.5858478599e+01\n  255    0 1.0000000000 -1.6453831551e+01 -1.5932518140e+01\n  256    0 1.0000000000 -1.6503343493e+01 -1.6006222756e+01\n  257    0 1.0000000000 -1.6551852145e+01 -1.6079512504e+01\n  258    0 1.0000000000 -1.6599344579e+01 -1.6152307219e+01\n  259    0 1.0000000000 -1.6645808070e+01 -1.6224526616e+01\n  260    0 1.0000000000 -1.6691230112e+01 -1.6296090403e+01\n  261    0 1.0000000000 -1.6735598417e+01 -1.6366918392e+01\n  262    0 1.0000000000 -1.6778900929e+01 -1.6436930608e+01\n  263    0 1.0000000000 -1.6821125827e+01 -1.6506047412e+01\n  264    0 1.0000000000 -1.6862261535e+01 -1.6574189611e+01\n  265    0 1.0000000000 -1.6902296724e+01 -1.6641278581e+01\n  266    0 1.0000000000 -1.6941220326e+01 -1.6707236382e+01\n  267    0 1.0000000000 -1.6979021535e+01 -1.6771985884e+01\n  268    0 1.0000000000 -1.7015689816e+01 -1.6835450883e+01\n  269    0 1.0000000000 -1.7051214913e+01 -1.6897556225e+01\n  270    0 1.0000000000 -1.7085586851e+01 -1.6958227925e+01\n  271    0 1.0000000000 -1.7118795946e+01 -1.7017393289e+01\n  272    0 1.0000000000 -1.7150832810e+01 -1.7074981032e+01\n  273    0 1.0000000000 -1.7181688357e+01 -1.7130921401e+01\n  274    0 1.0000000000 -1.7211353808e+01 -1.7185146286e+01\n  275    0 1.0000000000 -1.7239820698e+01 -1.7237589344e+01\n  276    0 1.0000000000 -1.7267080881e+01 -1.7288186106e+01\n  277    0 1.0000000000 -1.7293126532e+01 -1.7336874094e+01\n  278    0 1.0000000000 -1.7317950157e+01 -1.7383592927e+01\n  279    0 1.0000000000 -1.7341544598e+01 -1.7428284429e+01\n  280    0 1.0000000000 -1.7363903030e+01 -1.7470892731e+01\n  281    0 1.0000000000 -1.7385018975e+01 -1.7511364376e+01\n  282    0 1.0000000000 -1.7404886301e+01 -1.7549648406e+01\n  283    0 1.0000000000 -1.7423499227e+01 -1.7585696465e+01\n  284    0 1.0000000000 -1.7440852325e+01 -1.7619462879e+01\n  285    0 1.0000000000 -1.7456940529e+01 -1.7650904744e+01\n  286    0 1.0000000000 -1.7471759131e+01 -1.7679982004e+01\n  287    0 1.0000000000 -1.7485303792e+01 -1.7706657524e+01\n  288    0 1.0000000000 -1.7497570536e+01 -1.7730897162e+01\n  289    0 1.0000000000 -1.7508555761e+01 -1.7752669829e+01\n  290    0 1.0000000000 -1.7518256237e+01 -1.7771947549e+01\n  291    0 1.0000000000 -1.7526669108e+01 -1.7788705512e+01\n  292    0 1.0000000000 -1.7533791895e+01 -1.7802922122e+01\n  293    0 1.0000000000 -1.7539622499e+01 -1.7814579033e+01\n  294    0 1.0000000000 -1.7544159199e+01 -1.7823661188e+01\n  295    0 1.0000000000 -1.7547400657e+01 -1.7830156848e+01\n  296    0 1.0000000000 -1.7549345914e+01 -1.7834057609e+01\n  297    0 1.0000000000 -1.7549994397e+01 -1.7835358423e+01\n