SINGLE-ORBITAL NN+NNN EFFECTIVE MODEL FIT

m=6
eon=0.0
t0=1.0
l_decay=0.5
dl=0.3
pairing=./m=6/pairing.txt
microscopic_orbitals=74

E_eff(k) = eps0 + 2*t1[cos(k.u1)+cos(k.u2)] + 4*t2*cos(k.u1)*cos(k.u2)

eps0     = -1.59553156007156e+01
t1       = -4.33003999322386e-01
t2       = -1.67316808211441e-02

RMSE=2.76708052998983e-01
MAE=2.24543912402250e-01
max_abs_error=6.02249189163359e-01
optimizer_success=True
optimizer_message=Linear least-squares solution
minimum_tracking_continuity=1.0000000000
mean_tracking_continuity=1.0000000000

# k_index idx continuity target fit\n    0    0 1.0000000000 -1.7541488108e+01 -1.7754258321e+01\n    1    0 1.0000000000 -1.7541260054e+01 -1.7753788628e+01\n    2    0 1.0000000000 -1.7540575918e+01 -1.7752380022e+01\n    3    0 1.0000000000 -1.7539435770e+01 -1.7750033921e+01\n    4    0 1.0000000000 -1.7537839730e+01 -1.7746752687e+01\n    5    0 1.0000000000 -1.7535787963e+01 -1.7742539624e+01\n    6    0 1.0000000000 -1.7533280684e+01 -1.7737398975e+01\n    7    0 1.0000000000 -1.7530318153e+01 -1.7731335916e+01\n    8    0 1.0000000000 -1.7526900681e+01 -1.7724356552e+01\n    9    0 1.0000000000 -1.7523028622e+01 -1.7716467910e+01\n   10    0 1.0000000000 -1.7518702379e+01 -1.7707677933e+01\n   11    0 1.0000000000 -1.7513922404e+01 -1.7697995473e+01\n   12    0 1.0000000000 -1.7508689193e+01 -1.7687430279e+01\n   13    0 1.0000000000 -1.7503003291e+01 -1.7675992988e+01\n   14    0 1.0000000000 -1.7496865288e+01 -1.7663695118e+01\n   15    0 1.0000000000 -1.7490275823e+01 -1.7650549051e+01\n   16    0 1.0000000000 -1.7483235578e+01 -1.7636568025e+01\n   17    0 1.0000000000 -1.7475745285e+01 -1.7621766116e+01\n   18    0 1.0000000000 -1.7467805720e+01 -1.7606158230e+01\n   19    0 1.0000000000 -1.7459417706e+01 -1.7589760082e+01\n   20    0 1.0000000000 -1.7450582111e+01 -1.7572588183e+01\n   21    0 1.0000000000 -1.7441299848e+01 -1.7554659825e+01\n   22    0 1.0000000000 -1.7431571876e+01 -1.7535993059e+01\n   23    0 1.0000000000 -1.7421399201e+01 -1.7516606681e+01\n   24    0 1.0000000000 -1.7410782871e+01 -1.7496520213e+01\n   25    0 1.0000000000 -1.7399723980e+01 -1.7475753879e+01\n   26    0 1.0000000000 -1.7388223666e+01 -1.7454328589e+01\n   27    0 1.0000000000 -1.7376283112e+01 -1.7432265916e+01\n   28    0 1.0000000000 -1.7363903543e+01 -1.7409588076e+01\n   29    0 1.0000000000 -1.7351086230e+01 -1.7386317904e+01\n   30    0 1.0000000000 -1.7337832486e+01 -1.7362478831e+01\n   31    0 1.0000000000 -1.7324143666e+01 -1.7338094860e+01\n   32    0 1.0000000000 -1.7310021169e+01 -1.7313190544e+01\n   33    0 1.0000000000 -1.7295466437e+01 -1.7287790960e+01\n   34    0 1.0000000000 -1.7280480953e+01 -1.7261921683e+01\n   35    0 1.0000000000 -1.7265066240e+01 -1.7235608761e+01\n   36    0 1.0000000000 -1.7249223866e+01 -1.7208878689e+01\n   37    0 1.0000000000 -1.7232955436e+01 -1.7181758382e+01\n   38    0 1.0000000000 -1.7216262600e+01 -1.7154275147e+01\n   39    0 1.0000000000 -1.7199147045e+01 -1.7126456659e+01\n   40    0 1.0000000000 -1.7181610497e+01 -1.7098330927e+01\n   41    0 1.0000000000 -1.7163654726e+01 -1.7069926273e+01\n   42    0 1.0000000000 -1.7145281536e+01 -1.7041271296e+01\n   43    0 1.0000000000 -1.7126492773e+01 -1.7012394851e+01\n   44    0 1.0000000000 -1.7107290320e+01 -1.6983326014e+01\n   45    0 1.0000000000 -1.7087676098e+01 -1.6954094053e+01\n   46    0 1.0000000000 -1.7067652065e+01 -1.6924728405e+01\n   47    0 1.0000000000 -1.7047220217e+01 -1.6895258636e+01\n   48    0 1.0000000000 -1.7026382585e+01 -1.6865714421e+01\n   49    0 1.0000000000 -1.7005141237e+01 -1.6836125508e+01\n   50    0 1.0000000000 -1.6983498277e+01 -1.6806521691e+01\n   51    0 1.0000000000 -1.6961455844e+01 -1.6776932778e+01\n   52    0 1.0000000000 -1.6939016111e+01 -1.6747388563e+01\n   53    0 1.0000000000 -1.6916181285e+01 -1.6717918794e+01\n   54    0 1.0000000000 -1.6892953609e+01 -1.6688553145e+01\n   55    0 1.0000000000 -1.6869335356e+01 -1.6659321185e+01\n   56    0 1.0000000000 -1.6845328834e+01 -1.6630252347e+01\n   57    0 1.0000000000 -1.6820936382e+01 -1.6601375902e+01\n   58    0 1.0000000000 -1.6796160373e+01 -1.6572720926e+01\n   59    0 1.0000000000 -1.6771003208e+01 -1.6544316272e+01\n   60    0 1.0000000000 -1.6745467322e+01 -1.6516190540e+01\n   61    0 1.0000000000 -1.6719555177e+01 -1.6488372051e+01\n   62    0 1.0000000000 -1.6693269268e+01 -1.6460888817e+01\n   63    0 1.0000000000 -1.6666612116e+01 -1.6433768510e+01\n   64    0 1.0000000000 -1.6639586274e+01 -1.6407038438e+01\n   65    0 1.0000000000 -1.6612194320e+01 -1.6380725516e+01\n   66    0 1.0000000000 -1.6584438862e+01 -1.6354856238e+01\n   67    0 1.0000000000 -1.6556322533e+01 -1.6329456654e+01\n   68    0 1.0000000000 -1.6527847995e+01 -1.6304552339e+01\n   69    0 1.0000000000 -1.6499017935e+01 -1.6280168368e+01\n   70    0 1.0000000000 -1.6469835063e+01 -1.6256329294e+01\n   71    0 1.0000000000 -1.6440302118e+01 -1.6233059122e+01\n   72    0 1.0000000000 -1.6410421861e+01 -1.6210381283e+01\n   73    0 1.0000000000 -1.6380197077e+01 -1.6188318610e+01\n   74    0 1.0000000000 -1.6349630575e+01 -1.6166893320e+01\n   75    0 1.0000000000 -1.6318725185e+01 -1.6146126986e+01\n   76    0 1.0000000000 -1.6287483761e+01 -1.6126040517e+01\n   77    0 1.0000000000 -1.6255909179e+01 -1.6106654140e+01\n   78    0 1.0000000000 -1.6224004334e+01 -1.6087987374e+01\n   79    0 1.0000000000 -1.6191772143e+01 -1.6070059016e+01\n   80    0 1.0000000000 -1.6159215542e+01 -1.6052887117e+01\n   81    0 1.0000000000 -1.6126337489e+01 -1.6036488969e+01\n   82    0 1.0000000000 -1.6093140957e+01 -1.6020881082e+01\n   83    0 1.0000000000 -1.6059628940e+01 -1.6006079174e+01\n   84    0 1.0000000000 -1.6025804450e+01 -1.5992098147e+01\n   85    0 1.0000000000 -1.5991670515e+01 -1.5978952080e+01\n   86    0 1.0000000000 -1.5957230182e+01 -1.5966654210e+01\n   87    0 1.0000000000 -1.5922486514e+01 -1.5955216920e+01\n   88    0 1.0000000000 -1.5887442590e+01 -1.5944651725e+01\n   89    0 1.0000000000 -1.5852101505e+01 -1.5934969265e+01\n   90    0 1.0000000000 -1.5816466374e+01 -1.5926179289e+01\n   91    0 1.0000000000 -1.5780540327e+01 -1.5918290647e+01\n   92    0 1.0000000000 -1.5744326517e+01 -1.5911311282e+01\n   93    0 1.0000000000 -1.5707828123e+01 -1.5905248223e+01\n   94    0 1.0000000000 -1.5671048364e+01 -1.5900107574e+01\n   95    0 1.0000000000 -1.5633990537e+01 -1.5895894512e+01\n   96    0 1.0000000000 -1.5596658117e+01 -1.5892613278e+01\n   97    0 1.0000000000 -1.5559055193e+01 -1.5890267177e+01\n   98    0 1.0000000000 -1.5521189499e+01 -1.5888858571e+01\n   99    0 1.0000000000 -1.5484686644e+01 -1.5888388877e+01\n  100    0 1.0000000000 -1.5484474930e+01 -1.5887986574e+01\n  101    0 1.0000000000 -1.5483876385e+01 -1.5886780068e+01\n  102    0 1.0000000000 -1.5482891067e+01 -1.5884770576e+01\n  103    0 1.0000000000 -1.5481519070e+01 -1.5881960119e+01\n  104    0 1.0000000000 -1.5479760528e+01 -1.5878351529e+01\n  105    0 1.0000000000 -1.5477615613e+01 -1.5873948438e+01\n  106    0 1.0000000000 -1.5475084532e+01 -1.5868755280e+01\n  107    0 1.0000000000 -1.5472167533e+01 -1.5862777285e+01\n  108    0 1.0000000000 -1.5468864900e+01 -1.5856020471e+01\n  109    0 1.0000000000 -1.5465176956e+01 -1.5848491643e+01\n  110    0 1.0000000000 -1.5461104060e+01 -1.5840198380e+01\n  111    0 1.0000000000 -1.5456646610e+01 -1.5831149034e+01\n  112    0 1.0000000000 -1.5451805040e+01 -1.5821352717e+01\n  113    0 1.0000000000 -1.5446579823e+01 -1.5810819292e+01\n  114    0 1.0000000000 -1.5440971469e+01 -1.5799559366e+01\n  115    0 1.0000000000 -1.5434980524e+01 -1.5787584277e+01\n  116    0 1.0000000000 -1.5428607572e+01 -1.5774906082e+01\n  117    0 1.0000000000 -1.5421853233e+01 -1.5761537548e+01\n  118    0 1.0000000000 -1.5414718166e+01 -1.5747492135e+01\n  119    0 1.0000000000 -1.5407203064e+01 -1.5732783986e+01\n  120    0 1.0000000000 -1.5399308658e+01 -1.5717427912e+01\n  121    0 1.0000000000 -1.5391035714e+01 -1.5701439373e+01\n  122    0 1.0000000000 -1.5382385036e+01 -1.5684834469e+01\n  123    0 1.0000000000 -1.5373357463e+01 -1.5667629920e+01\n  124    0 1.0000000000 -1.5363953870e+01 -1.5649843050e+01\n  125    0 1.0000000000 -1.5354175166e+01 -1.5631491768e+01\n  126    0 1.0000000000 -1.5344022299e+01 -1.5612594553e+01\n  127    0 1.0000000000 -1.5333496249e+01 -1.5593170431e+01\n  128    0 1.0000000000 -1.5322598032e+01 -1.5573238963e+01\n  129    0 1.0000000000 -1.5311328699e+01 -1.5552820217e+01\n  130    0 1.0000000000 -1.5299689335e+01 -1.5531934753e+01\n  131    0 1.0000000000 -1.5287681061e+01 -1.5510603601e+01\n  132    0 1.0000000000 -1.5275305029e+01 -1.5488848240e+01\n  133    0 1.0000000000 -1.5262562428e+01 -1.5466690575e+01\n  134    0 1.0000000000 -1.5249454480e+01 -1.5444152917e+01\n  135    0 1.0000000000 -1.5235982437e+01 -1.5421257960e+01\n  136    0 1.0000000000 -1.5222147589e+01 -1.5398028758e+01\n  137    0 1.0000000000 -1.5207951255e+01 -1.5374488699e+01\n  138    0 1.0000000000 -1.5193394788e+01 -1.5350661487e+01\n  139    0 1.0000000000 -1.5178479573e+01 -1.5326571114e+01\n  140    0 1.0000000000 -1.5163207028e+01 -1.5302241837e+01\n  141    0 1.0000000000 -1.5147578601e+01 -1.5277698153e+01\n  142    0 1.0000000000 -1.5131595772e+01 -1.5252964776e+01\n  143    0 1.0000000000 -1.5115260051e+01 -1.5228066609e+01\n  144    0 1.0000000000 -1.5098572981e+01 -1.5203028725e+01\n  145    0 1.0000000000 -1.5081536134e+01 -1.5177876332e+01\n  146    0 1.0000000000 -1.5064151111e+01 -1.5152634759e+01\n  147    0 1.0000000000 -1.5046419544e+01 -1.5127329420e+01\n  148    0 1.0000000000 -1.5028343095e+01 -1.5101985797e+01\n  149    0 1.0000000000 -1.5009923454e+01 -1.5076629407e+01\n  150    0 1.0000000000 -1.4991162339e+01 -1.5051285784e+01\n  151    0 1.0000000000 -1.4972061498e+01 -1.5025980445e+01\n  152    0 1.0000000000 -1.4952622706e+01 -1.5000738872e+01\n  153    0 1.0000000000 -1.4932847766e+01 -1.4975586480e+01\n  154    0 1.0000000000 -1.4912738508e+01 -1.4950548595e+01\n  155    0 1.0000000000 -1.4892296789e+01 -1.4925650429e+01\n  156    0 1.0000000000 -1.4871524492e+01 -1.4900917051e+01\n  157    0 1.0000000000 -1.4850423528e+01 -1.4876373367e+01\n  158    0 1.0000000000 -1.4828995831e+01 -1.4852044090e+01\n  159    0 1.0000000000 -1.4807243363e+01 -1.4827953717e+01\n  160    0 1.0000000000 -1.4785168109e+01 -1.4804126505e+01\n  161    0 1.0000000000 -1.4762772079e+01 -1.4780586446e+01\n  162    0 1.0000000000 -1.4740057309e+01 -1.4757357244e+01\n  163    0 1.0000000000 -1.4717025858e+01 -1.4734462287e+01\n  164    0 1.0000000000 -1.4693679806e+01 -1.4711924629e+01\n  165    0 1.0000000000 -1.4670021259e+01 -1.4689766964e+01\n  166    0 1.0000000000 -1.4646052345e+01 -1.4668011603e+01\n  167    0 1.0000000000 -1.4621775213e+01 -1.4646680451e+01\n  168    0 1.0000000000 -1.4597192036e+01 -1.4625794987e+01\n  169    0 1.0000000000 -1.4572305007e+01 -1.4605376241e+01\n  170    0 1.0000000000 -1.4547116341e+01 -1.4585444773e+01\n  171    0 1.0000000000 -1.4521628272e+01 -1.4566020652e+01\n  172    0 1.0000000000 -1.4495843056e+01 -1.4547123436e+01\n  173    0 1.0000000000 -1.4469762968e+01 -1.4528772154e+01\n  174    0 1.0000000000 -1.4443390305e+01 -1.4510985284e+01\n  175    0 1.0000000000 -1.4416727379e+01 -1.4493780735e+01\n  176    0 1.0000000000 -1.4389776524e+01 -1.4477175831e+01\n  177    0 1.0000000000 -1.4362540093e+01 -1.4461187293e+01\n  178    0 1.0000000000 -1.4335020456e+01 -1.4445831218e+01\n  179    0 1.0000000000 -1.4307220001e+01 -1.4431123069e+01\n  180    0 1.0000000000 -1.4279141136e+01 -1.4417077656e+01\n  181    0 1.0000000000 -1.4250786285e+01 -1.4403709122e+01\n  182    0 1.0000000000 -1.4222157892e+01 -1.4391030927e+01\n  183    0 1.0000000000 -1.4193258419e+01 -1.4379055838e+01\n  184    0 1.0000000000 -1.4164090347e+01 -1.4367795912e+01\n  185    0 1.0000000000 -1.4134656180e+01 -1.4357262488e+01\n  186    0 1.0000000000 -1.4104958443e+01 -1.4347466170e+01\n  187    0 1.0000000000 -1.4074999688e+01 -1.4338416824e+01\n  188    0 1.0000000000 -1.4044782500e+01 -1.4330123562e+01\n  189    0 1.0000000000 -1.4014309509e+01 -1.4322594733e+01\n  190    0 1.0000000000 -1.3983583406e+01 -1.4315837919e+01\n  191    0 1.0000000000 -1.3952606980e+01 -1.4309859924e+01\n  192    0 1.0000000000 -1.3921383190e+01 -1.4304666766e+01\n  193    0 1.0000000000 -1.3889915324e+01 -1.4300263676e+01\n  194    0 1.0000000000 -1.3858207402e+01 -1.4296655085e+01\n  195    0 1.0000000000 -1.3826265388e+01 -1.4293844629e+01\n  196    0 1.0000000000 -1.3794102151e+01 -1.4291835136e+01\n  197    0 1.0000000000 -1.3761773411e+01 -1.4290628630e+01\n  198    0 1.0000000000 -1.3734641536e+01 -1.4290226327e+01\n  199    0 1.0000000000 -1.3794125984e+01 -1.4291030951e+01\n  200    0 1.0000000000 -1.3859224688e+01 -1.4293444216e+01\n  201    0 1.0000000000 -1.3924074850e+01 -1.4297464303e+01\n  202    0 1.0000000000 -1.3988644469e+01 -1.4303088175e+01\n  203    0 1.0000000000 -1.4052920085e+01 -1.4310311584e+01\n  204    0 1.0000000000 -1.4116891217e+01 -1.4319129062e+01\n  205    0 1.0000000000 -1.4180548200e+01 -1.4329533925e+01\n  206    0 1.0000000000 -1.4243881657e+01 -1.4341518265e+01\n  207    0 1.0000000000 -1.4306882326e+01 -1.4355072954e+01\n  208    0 1.0000000000 -1.4369540986e+01 -1.4370187638e+01\n  209    0 1.0000000000 -1.4431848433e+01 -1.4386850733e+01\n  210    0 1.0000000000 -1.4493795464e+01 -1.4405049425e+01\n  211    0 1.0000000000 -1.4555372871e+01 -1.4424769665e+01\n  212    0 1.0000000000 -1.4616571442e+01 -1.4445996166e+01\n  213    0 1.0000000000 -1.4677381953e+01 -1.4468712400e+01\n  214    0 1.0000000000 -1.4737795176e+01 -1.4492900599e+01\n  215    0 1.0000000000 -1.4797801878e+01 -1.4518541743e+01\n  216    0 1.0000000000 -1.4857392820e+01 -1.4545615569e+01\n  217    0 1.0000000000 -1.4916558765e+01 -1.4574100559e+01\n  218    0 1.0000000000 -1.4975290473e+01 -1.4603973948e+01\n  219    0 1.0000000000 -1.5033578711e+01 -1.4635211714e+01\n  220    0 1.0000000000 -1.5091414249e+01 -1.4667788584e+01\n  221    0 1.0000000000 -1.5148787868e+01 -1.4701678032e+01\n  222    0 1.0000000000 -1.5205690359e+01 -1.4736852281e+01\n  223    0 1.0000000000 -1.5262112527e+01 -1.4773282307e+01\n  224    0 1.0000000000 -1.5318045194e+01 -1.4810937837e+01\n  225    0 1.0000000000 -1.5373479202e+01 -1.4849787362e+01\n  226    0 1.0000000000 -1.5428405418e+01 -1.4889798136e+01\n  227    0 1.0000000000 -1.5482814730e+01 -1.4930936187e+01\n  228    0 1.0000000000 -1.5536698059e+01 -1.4973166322e+01\n  229    0 1.0000000000 -1.5590046355e+01 -1.5016452144e+01\n  230    0 1.0000000000 -1.5642850606e+01 -1.5060756057e+01\n  231    0 1.0000000000 -1.5695101834e+01 -1.5106039283e+01\n  232    0 1.0000000000 -1.5746791105e+01 -1.5152261878e+01\n  233    0 1.0000000000 -1.5797909528e+01 -1.5199382749e+01\n  234    0 1.0000000000 -1.5848448259e+01 -1.5247359673e+01\n  235    0 1.0000000000 -1.5898398505e+01 -1.5296149316e+01\n  236    0 1.0000000000 -1.5947751527e+01 -1.5345707264e+01\n  237    0 1.0000000000 -1.5996498642e+01 -1.5395988039e+01\n  238    0 1.0000000000 -1.6044631226e+01 -1.5446945135e+01\n  239    0 1.0000000000 -1.6092140721e+01 -1.5498531045e+01\n  240    0 1.0000000000 -1.6139018633e+01 -1.5550697292e+01\n  241    0 1.0000000000 -1.6185256538e+01 -1.5603394468e+01\n  242    0 1.0000000000 -1.6230846086e+01 -1.5656572267e+01\n  243    0 1.0000000000 -1.6275779001e+01 -1.5710179525e+01\n  244    0 1.0000000000 -1.6320047088e+01 -1.5764164267e+01\n  245    0 1.0000000000 -1.6363642233e+01 -1.5818473745e+01\n  246    0 1.0000000000 -1.6406556409e+01 -1.5873054486e+01\n  247    0 1.0000000000 -1.6448781677e+01 -1.5927852345e+01\n  248    0 1.0000000000 -1.6490310190e+01 -1.5982812551e+01\n  249    0 1.0000000000 -1.6531134195e+01 -1.6037879765e+01\n  250    0 1.0000000000 -1.6571246039e+01 -1.6092998131e+01\n  251    0 1.0000000000 -1.6610638170e+01 -1.6148111338e+01\n  252    0 1.0000000000 -1.6649303139e+01 -1.6203162679e+01\n  253    0 1.0000000000 -1.6687233605e+01 -1.6258095110e+01\n  254    0 1.0000000000 -1.6724422340e+01 -1.6312851319e+01\n  255    0 1.0000000000 -1.6760862226e+01 -1.6367373788e+01\n  256    0 1.0000000000 -1.6796546263e+01 -1.6421604861e+01\n  257    0 1.0000000000 -1.6831467572e+01 -1.6475486815e+01\n  258    0 1.0000000000 -1.6865619393e+01 -1.6528961928e+01\n  259    0 1.0000000000 -1.6898995096e+01 -1.6581972554e+01\n  260    0 1.0000000000 -1.6931588174e+01 -1.6634461193e+01\n  261    0 1.0000000000 -1.6963392256e+01 -1.6686370569e+01\n  262    0 1.0000000000 -1.6994401100e+01 -1.6737643703e+01\n  263    0 1.0000000000 -1.7024608605e+01 -1.6788223992e+01\n  264    0 1.0000000000 -1.7054008806e+01 -1.6838055280e+01\n  265    0 1.0000000000 -1.7082595880e+01 -1.6887081945e+01\n  266    0 1.0000000000 -1.7110364151e+01 -1.6935248968e+01\n  267    0 1.0000000000 -1.7137308086e+01 -1.6982502016e+01\n  268    0 1.0000000000 -1.7163422305e+01 -1.7028787519e+01\n  269    0 1.0000000000 -1.7188701577e+01 -1.7074052749e+01\n  270    0 1.0000000000 -1.7213140827e+01 -1.7118245897e+01\n  271    0 1.0000000000 -1.7236735136e+01 -1.7161316148e+01\n  272    0 1.0000000000 -1.7259479742e+01 -1.7203213761e+01\n  273    0 1.0000000000 -1.7281370046e+01 -1.7243890145e+01\n  274    0 1.0000000000 -1.7302401611e+01 -1.7283297930e+01\n  275    0 1.0000000000 -1.7322570166e+01 -1.7321391044e+01\n  276    0 1.0000000000 -1.7341871604e+01 -1.7358124784e+01\n  277    0 1.0000000000 -1.7360301989e+01 -1.7393455884e+01\n  278    0 1.0000000000 -1.7377857556e+01 -1.7427342591e+01\n  279    0 1.0000000000 -1.7394534711e+01 -1.7459744722e+01\n  280    0 1.0000000000 -1.7410330035e+01 -1.7490623737e+01\n  281    0 1.0000000000 -1.7425240285e+01 -1.7519942799e+01\n  282    0 1.0000000000 -1.7439262393e+01 -1.7547666833e+01\n  283    0 1.0000000000 -1.7452393471e+01 -1.7573762583e+01\n  284    0 1.0000000000 -1.7464630811e+01 -1.7598198672e+01\n  285    0 1.0000000000 -1.7475971886e+01 -1.7620945648e+01\n  286    0 1.0000000000 -1.7486414352e+01 -1.7641976036e+01\n  287    0 1.0000000000 -1.7495956047e+01 -1.7661264387e+01\n  288    0 1.0000000000 -1.7504594995e+01 -1.7678787313e+01\n  289    0 1.0000000000 -1.7512329404e+01 -1.7694523535e+01\n  290    0 1.0000000000 -1.7519157669e+01 -1.7708453915e+01\n  291    0 1.0000000000 -1.7525078373e+01 -1.7720561486e+01\n  292    0 1.0000000000 -1.7530090285e+01 -1.7730831487e+01\n  293    0 1.0000000000 -1.7534192362e+01 -1.7739251384e+01\n  294    0 1.0000000000 -1.7537383753e+01 -1.7745810892e+01\n  295    0 1.0000000000 -1.7539663792e+01 -1.7750501994e+01\n  296    0 1.0000000000 -1.7541032005e+01 -1.7753318952e+01\n  297    0 1.0000000000 -1.7541488108e+01 -1.7754258321e+01\n