SINGLE-ORBITAL NN+NNN EFFECTIVE MODEL FIT

m=7
eon=0.0
t0=1.0
l_decay=0.5
dl=0.3
pairing=./m=7/pairing.txt
microscopic_orbitals=100

E_eff(k) = eps0 + 2*t1[cos(k.u1)+cos(k.u2)] + 4*t2*cos(k.u1)*cos(k.u2)

eps0     = -1.63502156779005e+01
t1       = -3.31329745182238e-01
t2       = -9.97537099130391e-03

RMSE=2.15893837467480e-01
MAE=1.74363967652692e-01
max_abs_error=4.71428529106557e-01
optimizer_success=True
optimizer_message=Linear least-squares solution
minimum_tracking_continuity=1.0000000000
mean_tracking_continuity=1.0000000000

# k_index idx continuity target fit\n    0    0 1.0000000000 -1.7551876617e+01 -1.7715436143e+01\n    1    0 1.0000000000 -1.7551707826e+01 -1.7715082433e+01\n    2    0 1.0000000000 -1.7551201466e+01 -1.7714021660e+01\n    3    0 1.0000000000 -1.7550357576e+01 -1.7712254892e+01\n    4    0 1.0000000000 -1.7549176221e+01 -1.7709783908e+01\n    5    0 1.0000000000 -1.7547657492e+01 -1.7706611196e+01\n    6    0 1.0000000000 -1.7545801508e+01 -1.7702739951e+01\n    7    0 1.0000000000 -1.7543608411e+01 -1.7698174070e+01\n    8    0 1.0000000000 -1.7541078371e+01 -1.7692918151e+01\n    9    0 1.0000000000 -1.7538211582e+01 -1.7686977487e+01\n   10    0 1.0000000000 -1.7535008268e+01 -1.7680358058e+01\n   11    0 1.0000000000 -1.7531468674e+01 -1.7673066531e+01\n   12    0 1.0000000000 -1.7527593075e+01 -1.7665110248e+01\n   13    0 1.0000000000 -1.7523381768e+01 -1.7656497219e+01\n   14    0 1.0000000000 -1.7518835079e+01 -1.7647236117e+01\n   15    0 1.0000000000 -1.7513953358e+01 -1.7637336267e+01\n   16    0 1.0000000000 -1.7508736981e+01 -1.7626807638e+01\n   17    0 1.0000000000 -1.7503186351e+01 -1.7615660831e+01\n   18    0 1.0000000000 -1.7497301893e+01 -1.7603907070e+01\n   19    0 1.0000000000 -1.7491084062e+01 -1.7591558190e+01\n   20    0 1.0000000000 -1.7484533334e+01 -1.7578626625e+01\n   21    0 1.0000000000 -1.7477650214e+01 -1.7565125396e+01\n   22    0 1.0000000000 -1.7470435229e+01 -1.7551068099e+01\n   23    0 1.0000000000 -1.7462888933e+01 -1.7536468886e+01\n   24    0 1.0000000000 -1.7455011906e+01 -1.7521342459e+01\n   25    0 1.0000000000 -1.7446804749e+01 -1.7505704049e+01\n   26    0 1.0000000000 -1.7438268093e+01 -1.7489569402e+01\n   27    0 1.0000000000 -1.7429402589e+01 -1.7472954764e+01\n   28    0 1.0000000000 -1.7420208915e+01 -1.7455876864e+01\n   29    0 1.0000000000 -1.7410687774e+01 -1.7438352900e+01\n   30    0 1.0000000000 -1.7400839892e+01 -1.7420400516e+01\n   31    0 1.0000000000 -1.7390666019e+01 -1.7402037788e+01\n   32    0 1.0000000000 -1.7380166930e+01 -1.7383283206e+01\n   33    0 1.0000000000 -1.7369343424e+01 -1.7364155655e+01\n   34    0 1.0000000000 -1.7358196323e+01 -1.7344674395e+01\n   35    0 1.0000000000 -1.7346726473e+01 -1.7324859040e+01\n   36    0 1.0000000000 -1.7334934745e+01 -1.7304729545e+01\n   37    0 1.0000000000 -1.7322822031e+01 -1.7284306176e+01\n   38    0 1.0000000000 -1.7310389248e+01 -1.7263609500e+01\n   39    0 1.0000000000 -1.7297637334e+01 -1.7242660355e+01\n   40    0 1.0000000000 -1.7284567254e+01 -1.7221479836e+01\n   41    0 1.0000000000 -1.7271179990e+01 -1.7200089270e+01\n   42    0 1.0000000000 -1.7257476552e+01 -1.7178510196e+01\n   43    0 1.0000000000 -1.7243457969e+01 -1.7156764341e+01\n   44    0 1.0000000000 -1.7229125295e+01 -1.7134873601e+01\n   45    0 1.0000000000 -1.7214479602e+01 -1.7112860020e+01\n   46    0 1.0000000000 -1.7199521988e+01 -1.7090745762e+01\n   47    0 1.0000000000 -1.7184253571e+01 -1.7068553095e+01\n   48    0 1.0000000000 -1.7168675490e+01 -1.7046304365e+01\n   49    0 1.0000000000 -1.7152788907e+01 -1.7024021975e+01\n   50    0 1.0000000000 -1.7136595004e+01 -1.7001728361e+01\n   51    0 1.0000000000 -1.7120094983e+01 -1.6979445971e+01\n   52    0 1.0000000000 -1.7103290068e+01 -1.6957197241e+01\n   53    0 1.0000000000 -1.7086181505e+01 -1.6935004575e+01\n   54    0 1.0000000000 -1.7068770557e+01 -1.6912890317e+01\n   55    0 1.0000000000 -1.7051058510e+01 -1.6890876735e+01\n   56    0 1.0000000000 -1.7033046669e+01 -1.6868985996e+01\n   57    0 1.0000000000 -1.7014736358e+01 -1.6847240141e+01\n   58    0 1.0000000000 -1.6996128921e+01 -1.6825661066e+01\n   59    0 1.0000000000 -1.6977225722e+01 -1.6804270500e+01\n   60    0 1.0000000000 -1.6958028143e+01 -1.6783089981e+01\n   61    0 1.0000000000 -1.6938537586e+01 -1.6762140837e+01\n   62    0 1.0000000000 -1.6918755470e+01 -1.6741444160e+01\n   63    0 1.0000000000 -1.6898683235e+01 -1.6721020792e+01\n   64    0 1.0000000000 -1.6878322337e+01 -1.6700891296e+01\n   65    0 1.0000000000 -1.6857674250e+01 -1.6681075942e+01\n   66    0 1.0000000000 -1.6836740466e+01 -1.6661594681e+01\n   67    0 1.0000000000 -1.6815522497e+01 -1.6642467130e+01\n   68    0 1.0000000000 -1.6794021868e+01 -1.6623712548e+01\n   69    0 1.0000000000 -1.6772240123e+01 -1.6605349821e+01\n   70    0 1.0000000000 -1.6750178825e+01 -1.6587397436e+01\n   71    0 1.0000000000 -1.6727839549e+01 -1.6569873472e+01\n   72    0 1.0000000000 -1.6705223891e+01 -1.6552795573e+01\n   73    0 1.0000000000 -1.6682333459e+01 -1.6536180935e+01\n   74    0 1.0000000000 -1.6659169879e+01 -1.6520046288e+01\n   75    0 1.0000000000 -1.6635734793e+01 -1.6504407877e+01\n   76    0 1.0000000000 -1.6612029857e+01 -1.6489281450e+01\n   77    0 1.0000000000 -1.6588056743e+01 -1.6474682238e+01\n   78    0 1.0000000000 -1.6563817137e+01 -1.6460624940e+01\n   79    0 1.0000000000 -1.6539312740e+01 -1.6447123712e+01\n   80    0 1.0000000000 -1.6514545268e+01 -1.6434192147e+01\n   81    0 1.0000000000 -1.6489516449e+01 -1.6421843267e+01\n   82    0 1.0000000000 -1.6464228029e+01 -1.6410089506e+01\n   83    0 1.0000000000 -1.6438681762e+01 -1.6398942698e+01\n   84    0 1.0000000000 -1.6412879420e+01 -1.6388414069e+01\n   85    0 1.0000000000 -1.6386822785e+01 -1.6378514220e+01\n   86    0 1.0000000000 -1.6360513654e+01 -1.6369253118e+01\n   87    0 1.0000000000 -1.6333953836e+01 -1.6360640089e+01\n   88    0 1.0000000000 -1.6307145152e+01 -1.6352683805e+01\n   89    0 1.0000000000 -1.6280089434e+01 -1.6345392278e+01\n   90    0 1.0000000000 -1.6252788527e+01 -1.6338772850e+01\n   91    0 1.0000000000 -1.6225244288e+01 -1.6332832186e+01\n   92    0 1.0000000000 -1.6197458586e+01 -1.6327576267e+01\n   93    0 1.0000000000 -1.6169433297e+01 -1.6323010386e+01\n   94    0 1.0000000000 -1.6141170313e+01 -1.6319139141e+01\n   95    0 1.0000000000 -1.6112671533e+01 -1.6315966428e+01\n   96    0 1.0000000000 -1.6083938869e+01 -1.6313495444e+01\n   97    0 1.0000000000 -1.6054974239e+01 -1.6311728676e+01\n   98    0 1.0000000000 -1.6025779576e+01 -1.6310667904e+01\n   99    0 1.0000000000 -1.5996360130e+01 -1.6310314194e+01\n  100    0 1.0000000000 -1.5996210857e+01 -1.6310000662e+01\n  101    0 1.0000000000 -1.5995763047e+01 -1.6309060381e+01\n  102    0 1.0000000000 -1.5995016735e+01 -1.6307494297e+01\n  103    0 1.0000000000 -1.5993971975e+01 -1.6305303989e+01\n  104    0 1.0000000000 -1.5992628844e+01 -1.6302491661e+01\n  105    0 1.0000000000 -1.5990987442e+01 -1.6299060145e+01\n  106    0 1.0000000000 -1.5989047889e+01 -1.6295012897e+01\n  107    0 1.0000000000 -1.5986810330e+01 -1.6290353991e+01\n  108    0 1.0000000000 -1.5984274929e+01 -1.6285088119e+01\n  109    0 1.0000000000 -1.5981441873e+01 -1.6279220583e+01\n  110    0 1.0000000000 -1.5978311372e+01 -1.6272757291e+01\n  111    0 1.0000000000 -1.5974883657e+01 -1.6265704751e+01\n  112    0 1.0000000000 -1.5971158979e+01 -1.6258070064e+01\n  113    0 1.0000000000 -1.5967137615e+01 -1.6249860918e+01\n  114    0 1.0000000000 -1.5962819859e+01 -1.6241085580e+01\n  115    0 1.0000000000 -1.5958206031e+01 -1.6231752883e+01\n  116    0 1.0000000000 -1.5953296469e+01 -1.6221872227e+01\n  117    0 1.0000000000 -1.5948091536e+01 -1.6211453561e+01\n  118    0 1.0000000000 -1.5942591613e+01 -1.6200507373e+01\n  119    0 1.0000000000 -1.5936797106e+01 -1.6189044688e+01\n  120    0 1.0000000000 -1.5930708439e+01 -1.6177077046e+01\n  121    0 1.0000000000 -1.5924326061e+01 -1.6164616498e+01\n  122    0 1.0000000000 -1.5917650438e+01 -1.6151675590e+01\n  123    0 1.0000000000 -1.5910682062e+01 -1.6138267354e+01\n  124    0 1.0000000000 -1.5903421441e+01 -1.6124405290e+01\n  125    0 1.0000000000 -1.5895869109e+01 -1.6110103356e+01\n  126    0 1.0000000000 -1.5888025617e+01 -1.6095375953e+01\n  127    0 1.0000000000 -1.5879891539e+01 -1.6080237909e+01\n  128    0 1.0000000000 -1.5871467468e+01 -1.6064704469e+01\n  129    0 1.0000000000 -1.5862754021e+01 -1.6048791272e+01\n  130    0 1.0000000000 -1.5853751832e+01 -1.6032514342e+01\n  131    0 1.0000000000 -1.5844461557e+01 -1.6015890069e+01\n  132    0 1.0000000000 -1.5834883872e+01 -1.5998935191e+01\n  133    0 1.0000000000 -1.5825019474e+01 -1.5981666781e+01\n  134    0 1.0000000000 -1.5814869078e+01 -1.5964102226e+01\n  135    0 1.0000000000 -1.5804433423e+01 -1.5946259213e+01\n  136    0 1.0000000000 -1.5793713264e+01 -1.5928155708e+01\n  137    0 1.0000000000 -1.5782709377e+01 -1.5909809939e+01\n  138    0 1.0000000000 -1.5771422558e+01 -1.5891240380e+01\n  139    0 1.0000000000 -1.5759853623e+01 -1.5872465729e+01\n  140    0 1.0000000000 -1.5748003406e+01 -1.5853504889e+01\n  141    0 1.0000000000 -1.5735872762e+01 -1.5834376952e+01\n  142    0 1.0000000000 -1.5723462564e+01 -1.5815101180e+01\n  143    0 1.0000000000 -1.5710773703e+01 -1.5795696980e+01\n  144    0 1.0000000000 -1.5697807092e+01 -1.5776183893e+01\n  145    0 1.0000000000 -1.5684563659e+01 -1.5756581564e+01\n  146    0 1.0000000000 -1.5671044353e+01 -1.5736909733e+01\n  147    0 1.0000000000 -1.5657250141e+01 -1.5717188207e+01\n  148    0 1.0000000000 -1.5643182008e+01 -1.5697436844e+01\n  149    0 1.0000000000 -1.5628840956e+01 -1.5677675532e+01\n  150    0 1.0000000000 -1.5614228008e+01 -1.5657924168e+01\n  151    0 1.0000000000 -1.5599344201e+01 -1.5638202642e+01\n  152    0 1.0000000000 -1.5584190593e+01 -1.5618530811e+01\n  153    0 1.0000000000 -1.5568768257e+01 -1.5598928483e+01\n  154    0 1.0000000000 -1.5553078285e+01 -1.5579415395e+01\n  155    0 1.0000000000 -1.5537121785e+01 -1.5560011195e+01\n  156    0 1.0000000000 -1.5520899884e+01 -1.5540735423e+01\n  157    0 1.0000000000 -1.5504413723e+01 -1.5521607487e+01\n  158    0 1.0000000000 -1.5487664461e+01 -1.5502646647e+01\n  159    0 1.0000000000 -1.5470653275e+01 -1.5483871995e+01\n  160    0 1.0000000000 -1.5453381356e+01 -1.5465302436e+01\n  161    0 1.0000000000 -1.5435849912e+01 -1.5446956667e+01\n  162    0 1.0000000000 -1.5418060168e+01 -1.5428853162e+01\n  163    0 1.0000000000 -1.5400013363e+01 -1.5411010149e+01\n  164    0 1.0000000000 -1.5381710754e+01 -1.5393445595e+01\n  165    0 1.0000000000 -1.5363153612e+01 -1.5376177184e+01\n  166    0 1.0000000000 -1.5344343224e+01 -1.5359222306e+01\n  167    0 1.0000000000 -1.5325280891e+01 -1.5342598033e+01\n  168    0 1.0000000000 -1.5305967931e+01 -1.5326321103e+01\n  169    0 1.0000000000 -1.5286405675e+01 -1.5310407906e+01\n  170    0 1.0000000000 -1.5266595471e+01 -1.5294874466e+01\n  171    0 1.0000000000 -1.5246538681e+01 -1.5279736422e+01\n  172    0 1.0000000000 -1.5226236680e+01 -1.5265009019e+01\n  173    0 1.0000000000 -1.5205690860e+01 -1.5250707085e+01\n  174    0 1.0000000000 -1.5184902627e+01 -1.5236845021e+01\n  175    0 1.0000000000 -1.5163873399e+01 -1.5223436785e+01\n  176    0 1.0000000000 -1.5142604613e+01 -1.5210495877e+01\n  177    0 1.0000000000 -1.5121097718e+01 -1.5198035329e+01\n  178    0 1.0000000000 -1.5099354178e+01 -1.5186067687e+01\n  179    0 1.0000000000 -1.5077375474e+01 -1.5174605002e+01\n  180    0 1.0000000000 -1.5055163101e+01 -1.5163658815e+01\n  181    0 1.0000000000 -1.5032718573e+01 -1.5153240148e+01\n  182    0 1.0000000000 -1.5010043422e+01 -1.5143359492e+01\n  183    0 1.0000000000 -1.4987139198e+01 -1.5134026796e+01\n  184    0 1.0000000000 -1.4964007476e+01 -1.5125251457e+01\n  185    0 1.0000000000 -1.4940649857e+01 -1.5117042311e+01\n  186    0 1.0000000000 -1.4917067975e+01 -1.5109407624e+01\n  187    0 1.0000000000 -1.4893263507e+01 -1.5102355084e+01\n  188    0 1.0000000000 -1.4869238191e+01 -1.5095891792e+01\n  189    0 1.0000000000 -1.4844993846e+01 -1.5090024256e+01\n  190    0 1.0000000000 -1.4820532427e+01 -1.5084758384e+01\n  191    0 1.0000000000 -1.4795856105e+01 -1.5080099478e+01\n  192    0 1.0000000000 -1.4770967441e+01 -1.5076052230e+01\n  193    0 1.0000000000 -1.4745869770e+01 -1.5072620714e+01\n  194    0 1.0000000000 -1.4720568145e+01 -1.5069808386e+01\n  195    0 1.0000000000 -1.4695072182e+01 -1.5067618078e+01\n  196    0 1.0000000000 -1.4669407355e+01 -1.5066051994e+01\n  197    0 1.0000000000 -1.4643692507e+01 -1.5065111713e+01\n  198    0 1.0000000000 -1.4622085590e+01 -1.5064798181e+01\n  199    0 1.0000000000 -1.4669670178e+01 -1.5065425256e+01\n  200    0 1.0000000000 -1.4721633986e+01 -1.5067305970e+01\n  201    0 1.0000000000 -1.4773380456e+01 -1.5070438792e+01\n  202    0 1.0000000000 -1.4824843999e+01 -1.5074821173e+01\n  203    0 1.0000000000 -1.4876006719e+01 -1.5080449542e+01\n  204    0 1.0000000000 -1.4926858710e+01 -1.5087319309e+01\n  205    0 1.0000000000 -1.4977392350e+01 -1.5095424863e+01\n  206    0 1.0000000000 -1.5027600878e+01 -1.5104759577e+01\n  207    0 1.0000000000 -1.5077477918e+01 -1.5115315802e+01\n  208    0 1.0000000000 -1.5127017288e+01 -1.5127084874e+01\n  209    0 1.0000000000 -1.5176212918e+01 -1.5140057109e+01\n  210    0 1.0000000000 -1.5225058807e+01 -1.5154221808e+01\n  211    0 1.0000000000 -1.5273548997e+01 -1.5169567259e+01\n  212    0 1.0000000000 -1.5321677568e+01 -1.5186080734e+01\n  213    0 1.0000000000 -1.5369438624e+01 -1.5203748495e+01\n  214    0 1.0000000000 -1.5416826296e+01 -1.5222555793e+01\n  215    0 1.0000000000 -1.5463834736e+01 -1.5242486876e+01\n  216    0 1.0000000000 -1.5510458116e+01 -1.5263524983e+01\n  217    0 1.0000000000 -1.5556690631e+01 -1.5285652357e+01\n  218    0 1.0000000000 -1.5602526496e+01 -1.5308850245e+01\n  219    0 1.0000000000 -1.5647959951e+01 -1.5333098899e+01\n  220    0 1.0000000000 -1.5692985256e+01 -1.5358377589e+01\n  221    0 1.0000000000 -1.5737596697e+01 -1.5384664603e+01\n  222    0 1.0000000000 -1.5781788584e+01 -1.5411937257e+01\n  223    0 1.0000000000 -1.5825555255e+01 -1.5440171899e+01\n  224    0 1.0000000000 -1.5868891075e+01 -1.5469343923e+01\n  225    0 1.0000000000 -1.5911790440e+01 -1.5499427773e+01\n  226    0 1.0000000000 -1.5954247773e+01 -1.5530396957e+01\n  227    0 1.0000000000 -1.5996257532e+01 -1.5562224056e+01\n  228    0 1.0000000000 -1.6037814208e+01 -1.5594880739e+01\n  229    0 1.0000000000 -1.6078912326e+01 -1.5628337774e+01\n  230    0 1.0000000000 -1.6119546446e+01 -1.5662565042e+01\n  231    0 1.0000000000 -1.6159711169e+01 -1.5697531559e+01\n  232    0 1.0000000000 -1.6199401134e+01 -1.5733205484e+01\n  233    0 1.0000000000 -1.6238611018e+01 -1.5769554147e+01\n  234    0 1.0000000000 -1.6277335544e+01 -1.5806544061e+01\n  235    0 1.0000000000 -1.6315569476e+01 -1.5844140947e+01\n  236    0 1.0000000000 -1.6353307625e+01 -1.5882309758e+01\n  237    0 1.0000000000 -1.6390544847e+01 -1.5921014698e+01\n  238    0 1.0000000000 -1.6427276047e+01 -1.5960219252e+01\n  239    0 1.0000000000 -1.6463496179e+01 -1.5999886211e+01\n  240    0 1.0000000000 -1.6499200248e+01 -1.6039977701e+01\n  241    0 1.0000000000 -1.6534383313e+01 -1.6080455212e+01\n  242    0 1.0000000000 -1.6569040485e+01 -1.6121279629e+01\n  243    0 1.0000000000 -1.6603166931e+01 -1.6162411267e+01\n  244    0 1.0000000000 -1.6636757875e+01 -1.6203809902e+01\n  245    0 1.0000000000 -1.6669808601e+01 -1.6245434809e+01\n  246    0 1.0000000000 -1.6702314448e+01 -1.6287244800e+01\n  247    0 1.0000000000 -1.6734270822e+01 -1.6329198259e+01\n  248    0 1.0000000000 -1.6765673188e+01 -1.6371253185e+01\n  249    0 1.0000000000 -1.6796517076e+01 -1.6413367233e+01\n  250    0 1.0000000000 -1.6826798081e+01 -1.6455497753e+01\n  251    0 1.0000000000 -1.6856511865e+01 -1.6497601842e+01\n  252    0 1.0000000000 -1.6885654159e+01 -1.6539636380e+01\n  253    0 1.0000000000 -1.6914220761e+01 -1.6581558081e+01\n  254    0 1.0000000000 -1.6942207543e+01 -1.6623323541e+01\n  255    0 1.0000000000 -1.6969610447e+01 -1.6664889285e+01\n  256    0 1.0000000000 -1.6996425488e+01 -1.6706211817e+01\n  257    0 1.0000000000 -1.7022648758e+01 -1.6747247670e+01\n  258    0 1.0000000000 -1.7048276424e+01 -1.6787953457e+01\n  259    0 1.0000000000 -1.7073304728e+01 -1.6828285925e+01\n  260    0 1.0000000000 -1.7097729994e+01 -1.6868202004e+01\n  261    0 1.0000000000 -1.7121548622e+01 -1.6907658864e+01\n  262    0 1.0000000000 -1.7144757097e+01 -1.6946613968e+01\n  263    0 1.0000000000 -1.7167351982e+01 -1.6985025123e+01\n  264    0 1.0000000000 -1.7189329926e+01 -1.7022850539e+01\n  265    0 1.0000000000 -1.7210687661e+01 -1.7060048881e+01\n  266    0 1.0000000000 -1.7231422003e+01 -1.7096579322e+01\n  267    0 1.0000000000 -1.7251529857e+01 -1.7132401603e+01\n  268    0 1.0000000000 -1.7271008214e+01 -1.7167476083e+01\n  269    0 1.0000000000 -1.7289854154e+01 -1.7201763793e+01\n  270    0 1.0000000000 -1.7308064845e+01 -1.7235226494e+01\n  271    0 1.0000000000 -1.7325637547e+01 -1.7267826726e+01\n  272    0 1.0000000000 -1.7342569611e+01 -1.7299527865e+01\n  273    0 1.0000000000 -1.7358858479e+01 -1.7330294172e+01\n  274    0 1.0000000000 -1.7374501689e+01 -1.7360090845e+01\n  275    0 1.0000000000 -1.7389496868e+01 -1.7388884070e+01\n  276    0 1.0000000000 -1.7403841743e+01 -1.7416641072e+01\n  277    0 1.0000000000 -1.7417534134e+01 -1.7443330159e+01\n  278    0 1.0000000000 -1.7430571957e+01 -1.7468920772e+01\n  279    0 1.0000000000 -1.7442953225e+01 -1.7493383532e+01\n  280    0 1.0000000000 -1.7454676049e+01 -1.7516690281e+01\n  281    0 1.0000000000 -1.7465738640e+01 -1.7538814125e+01\n  282    0 1.0000000000 -1.7476139305e+01 -1.7559729476e+01\n  283    0 1.0000000000 -1.7485876452e+01 -1.7579412093e+01\n  284    0 1.0000000000 -1.7494948590e+01 -1.7597839113e+01\n  285    0 1.0000000000 -1.7503354327e+01 -1.7614989094e+01\n  286    0 1.0000000000 -1.7511092372e+01 -1.7630842041e+01\n  287    0 1.0000000000 -1.7518161538e+01 -1.7645379444e+01\n  288    0 1.0000000000 -1.7524560737e+01 -1.7658584302e+01\n  289    0 1.0000000000 -1.7530288985e+01 -1.7670441150e+01\n  290    0 1.0000000000 -1.7535345400e+01 -1.7680936085e+01\n  291    0 1.0000000000 -1.7539729204e+01 -1.7690056789e+01\n  292    0 1.0000000000 -1.7543439721e+01 -1.7697792545e+01\n  293    0 1.0000000000 -1.7546476379e+01 -1.7704134256e+01\n  294    0 1.0000000000 -1.7548838710e+01 -1.7709074460e+01\n  295    0 1.0000000000 -1.7550526349e+01 -1.7712607339e+01\n  296    0 1.0000000000 -1.7551539037e+01 -1.7714728733e+01\n  297    0 1.0000000000 -1.7551876617e+01 -1.7715436143e+01\n