SINGLE-ORBITAL NN+NNN EFFECTIVE MODEL FIT

m=2
eon=0.0
t0=1.0
l_decay=0.5
dl=1.0
pairing=./m=2/pairing.txt
microscopic_orbitals=10

E_eff(k) = eps0 + 2*t1[cos(k.u1)+cos(k.u2)] + 4*t2*cos(k.u1)*cos(k.u2)

eps0     = -6.09853266662222e+00
t1       = -1.30874821846839e+00
t2       = -2.59602012770857e-01

RMSE=5.45805528535595e-01
MAE=4.67549315775915e-01
max_abs_error=1.10582904860113e+00
optimizer_success=True
optimizer_message=Linear least-squares solution
minimum_tracking_continuity=1.0000000000
mean_tracking_continuity=1.0000000000

# k_index idx continuity target fit\n    0    0 1.0000000000 -1.1866475296e+01 -1.2371933592e+01\n    1    0 1.0000000000 -1.1865238013e+01 -1.2370092999e+01\n    2    0 1.0000000000 -1.1861526923e+01 -1.2364573073e+01\n    3    0 1.0000000000 -1.1855344303e+01 -1.2355379373e+01\n    4    0 1.0000000000 -1.1846693945e+01 -1.2342521156e+01\n    5    0 1.0000000000 -1.1835581151e+01 -1.2326011368e+01\n    6    0 1.0000000000 -1.1822012731e+01 -1.2305866635e+01\n    7    0 1.0000000000 -1.1805996992e+01 -1.2282107239e+01\n    8    0 1.0000000000 -1.1787543731e+01 -1.2254757105e+01\n    9    0 1.0000000000 -1.1766664225e+01 -1.2223843772e+01\n   10    0 1.0000000000 -1.1743371219e+01 -1.2189398367e+01\n   11    0 1.0000000000 -1.1717678912e+01 -1.2151455573e+01\n   12    0 1.0000000000 -1.1689602942e+01 -1.2110053596e+01\n   13    0 1.0000000000 -1.1659160373e+01 -1.2065234125e+01\n   14    0 1.0000000000 -1.1626369673e+01 -1.2017042287e+01\n   15    0 1.0000000000 -1.1591250698e+01 -1.1965526609e+01\n   16    0 1.0000000000 -1.1553824667e+01 -1.1910738963e+01\n   17    0 1.0000000000 -1.1514114146e+01 -1.1852734515e+01\n   18    0 1.0000000000 -1.1472143021e+01 -1.1791571670e+01\n   19    0 1.0000000000 -1.1427936474e+01 -1.1727312014e+01\n   20    0 1.0000000000 -1.1381520956e+01 -1.1660020252e+01\n   21    0 1.0000000000 -1.1332924161e+01 -1.1589764140e+01\n   22    0 1.0000000000 -1.1282174999e+01 -1.1516614421e+01\n   23    0 1.0000000000 -1.1229303563e+01 -1.1440644750e+01\n   24    0 1.0000000000 -1.1174341099e+01 -1.1361931622e+01\n   25    0 1.0000000000 -1.1117319978e+01 -1.1280554294e+01\n   26    0 1.0000000000 -1.1058273656e+01 -1.1196594706e+01\n   27    0 1.0000000000 -1.0997236648e+01 -1.1110137400e+01\n   28    0 1.0000000000 -1.0934244486e+01 -1.1021269429e+01\n   29    0 1.0000000000 -1.0869333686e+01 -1.0930080277e+01\n   30    0 1.0000000000 -1.0802541713e+01 -1.0836661763e+01\n   31    0 1.0000000000 -1.0733906940e+01 -1.0741107951e+01\n   32    0 1.0000000000 -1.0663468612e+01 -1.0643515057e+01\n   33    0 1.0000000000 -1.0591266805e+01 -1.0543981348e+01\n   34    0 1.0000000000 -1.0517342388e+01 -1.0442607045e+01\n   35    0 1.0000000000 -1.0441736981e+01 -1.0339494226e+01\n   36    0 1.0000000000 -1.0364492914e+01 -1.0234746714e+01\n   37    0 1.0000000000 -1.0285653187e+01 -1.0128469983e+01\n   38    0 1.0000000000 -1.0205261426e+01 -1.0020771043e+01\n   39    0 1.0000000000 -1.0123361843e+01 -9.9117583385e+00\n   40    0 1.0000000000 -1.0039999189e+01 -9.8015416363e+00\n   41    0 1.0000000000 -9.9552187152e+00 -9.6902319150e+00\n   42    0 1.0000000000 -9.8690661284e+00 -9.5779412540e+00\n   43    0 1.0000000000 -9.7815875462e+00 -9.4647827205e+00\n   44    0 1.0000000000 -9.6928294546e+00 -9.3508702556e+00\n   45    0 1.0000000000 -9.6028386640e+00 -9.2363185595e+00\n   46    0 1.0000000000 -9.5116622657e+00 -9.1212429760e+00\n   47    0 1.0000000000 -9.4193475878e+00 -9.0057593765e+00\n   48    0 1.0000000000 -9.3259421523e+00 -8.8899840432e+00\n   49    0 1.0000000000 -9.2314936316e+00 -8.7740335519e+00\n   50    0 1.0000000000 -9.1360498053e+00 -8.6580246552e+00\n   51    0 1.0000000000 -9.0396585175e+00 -8.5420741640e+00\n   52    0 1.0000000000 -8.9423676344e+00 -8.4262988306e+00\n   53    0 1.0000000000 -8.8442250026e+00 -8.3108152311e+00\n   54    0 1.0000000000 -8.7452784071e+00 -8.1957396476e+00\n   55    0 1.0000000000 -8.6455755308e+00 -8.0811879515e+00\n   56    0 1.0000000000 -8.5451639137e+00 -7.9672754866e+00\n   57    0 1.0000000000 -8.4440909136e+00 -7.8541169531e+00\n   58    0 1.0000000000 -8.3424036669e+00 -7.7418262921e+00\n   59    0 1.0000000000 -8.2401490505e+00 -7.6305165708e+00\n   60    0 1.0000000000 -8.1373736442e+00 -7.5202998686e+00\n   61    0 1.0000000000 -8.0341236944e+00 -7.4112871643e+00\n   62    0 1.0000000000 -7.9304450786e+00 -7.3035882246e+00\n   63    0 1.0000000000 -7.8263832707e+00 -7.1973114931e+00\n   64    0 1.0000000000 -7.7219833078e+00 -7.0925639816e+00\n   65    0 1.0000000000 -7.6172897576e+00 -6.9894511617e+00\n   66    0 1.0000000000 -7.5123466878e+00 -6.8880768595e+00\n   67    0 1.0000000000 -7.4071976361e+00 -6.7885431503e+00\n   68    0 1.0000000000 -7.3018855821e+00 -6.6909502561e+00\n   69    0 1.0000000000 -7.1964529203e+00 -6.5953964446e+00\n   70    0 1.0000000000 -7.0909414351e+00 -6.5019779304e+00\n   71    0 1.0000000000 -6.9853922777e+00 -6.4107887780e+00\n   72    0 1.0000000000 -6.8798459443e+00 -6.3219208073e+00\n   73    0 1.0000000000 -6.7743422574e+00 -6.2354635007e+00\n   74    0 1.0000000000 -6.6689203492e+00 -6.1515039134e+00\n   75    0 1.0000000000 -6.5636186477e+00 -6.0701265855e+00\n   76    0 1.0000000000 -6.4584748667e+00 -5.9914134572e+00\n   77    0 1.0000000000 -6.3535259996e+00 -5.9154437859e+00\n   78    0 1.0000000000 -6.2488083185e+00 -5.8422940667e+00\n   79    0 1.0000000000 -6.1443573795e+00 -5.7720379550e+00\n   80    0 1.0000000000 -6.0402080365e+00 -5.7047461928e+00\n   81    0 1.0000000000 -5.9363944659e+00 -5.6404865373e+00\n   82    0 1.0000000000 -5.8329502062e+00 -5.5793236925e+00\n   83    0 1.0000000000 -5.7299082189e+00 -5.5213192441e+00\n   84    0 1.0000000000 -5.6273009789e+00 -5.4665315977e+00\n   85    0 1.0000000000 -5.5251606097e+00 -5.4150159199e+00\n   86    0 1.0000000000 -5.4235190861e+00 -5.3668240825e+00\n   87    0 1.0000000000 -5.3224085420e+00 -5.3220046107e+00\n   88    0 1.0000000000 -5.2218617509e+00 -5.2806026339e+00\n   89    0 1.0000000000 -5.1219128961e+00 -5.2426598403e+00\n   90    0 1.0000000000 -5.0225988543e+00 -5.2082144351e+00\n   91    0 1.0000000000 -4.9239614339e+00 -5.1773011020e+00\n   92    0 1.0000000000 -4.8260515103e+00 -5.1499509679e+00\n   93    0 1.0000000000 -4.7289372255e+00 -5.1261915723e+00\n   94    0 1.0000000000 -4.6327217967e+00 -5.1060468388e+00\n   95    0 1.0000000000 -4.5375871254e+00 -5.0895370514e+00\n   96    0 1.0000000000 -4.4439198973e+00 -5.0766788341e+00\n   97    0 1.0000000000 -4.3527779905e+00 -5.0674851341e+00\n   98    0 1.0000000000 -4.2684522702e+00 -5.0619652085e+00\n   99    0 1.0000000000 -4.2202177077e+00 -5.0601246155e+00\n  100    0 1.0000000000 -4.2197668676e+00 -5.0593296115e+00\n  101    0 1.0000000000 -4.2184145727e+00 -5.0569453997e+00\n  102    0 1.0000000000 -4.2161614991e+00 -5.0529743811e+00\n  103    0 1.0000000000 -4.2130087730e+00 -5.0474205539e+00\n  104    0 1.0000000000 -4.2089579695e+00 -5.0402895105e+00\n  105    0 1.0000000000 -4.2040111115e+00 -5.0315884313e+00\n  106    0 1.0000000000 -4.1981706677e+00 -5.0213260774e+00\n  107    0 1.0000000000 -4.1914395500e+00 -5.0095127822e+00\n  108    0 1.0000000000 -4.1838211117e+00 -4.9961604406e+00\n  109    0 1.0000000000 -4.1753191437e+00 -4.9812824974e+00\n  110    0 1.0000000000 -4.1659378715e+00 -4.9648939334e+00\n  111    0 1.0000000000 -4.1556819513e+00 -4.9470112505e+00\n  112    0 1.0000000000 -4.1445564658e+00 -4.9276524550e+00\n  113    0 1.0000000000 -4.1325669197e+00 -4.9068370396e+00\n  114    0 1.0000000000 -4.1197192345e+00 -4.8845859636e+00\n  115    0 1.0000000000 -4.1060197436e+00 -4.8609216320e+00\n  116    0 1.0000000000 -4.0914751866e+00 -4.8358678728e+00\n  117    0 1.0000000000 -4.0760927028e+00 -4.8094499129e+00\n  118    0 1.0000000000 -4.0598798256e+00 -4.7816943531e+00\n  119    0 1.0000000000 -4.0428444750e+00 -4.7526291408e+00\n  120    0 1.0000000000 -4.0249949514e+00 -4.7222835423e+00\n  121    0 1.0000000000 -4.0063399275e+00 -4.6906881129e+00\n  122    0 1.0000000000 -3.9868884414e+00 -4.6578746666e+00\n  123    0 1.0000000000 -3.9666498880e+00 -4.6238762437e+00\n  124    0 1.0000000000 -3.9456340113e+00 -4.5887270778e+00\n  125    0 1.0000000000 -3.9238508953e+00 -4.5524625612e+00\n  126    0 1.0000000000 -3.9013109559e+00 -4.5151192090e+00\n  127    0 1.0000000000 -3.8780249314e+00 -4.4767346229e+00\n  128    0 1.0000000000 -3.8540038732e+00 -4.4373474530e+00\n  129    0 1.0000000000 -3.8292591367e+00 -4.3969973587e+00\n  130    0 1.0000000000 -3.8038023710e+00 -4.3557249692e+00\n  131    0 1.0000000000 -3.7776455094e+00 -4.3135718423e+00\n  132    0 1.0000000000 -3.7508007589e+00 -4.2705804226e+00\n  133    0 1.0000000000 -3.7232805903e+00 -4.2267939988e+00\n  134    0 1.0000000000 -3.6950977271e+00 -4.1822566602e+00\n  135    0 1.0000000000 -3.6662651354e+00 -4.1370132520e+00\n  136    0 1.0000000000 -3.6367960125e+00 -4.0911093306e+00\n  137    0 1.0000000000 -3.6067037766e+00 -4.0445911173e+00\n  138    0 1.0000000000 -3.5760020552e+00 -3.9975054519e+00\n  139    0 1.0000000000 -3.5447046742e+00 -3.9498997459e+00\n  140    0 1.0000000000 -3.5128256463e+00 -3.9018219340e+00\n  141    0 1.0000000000 -3.4803791601e+00 -3.8533204266e+00\n  142    0 1.0000000000 -3.4473795684e+00 -3.8044440606e+00\n  143    0 1.0000000000 -3.4138413768e+00 -3.7552420503e+00\n  144    0 1.0000000000 -3.3797792321e+00 -3.7057639379e+00\n  145    0 1.0000000000 -3.3452079108e+00 -3.6560595439e+00\n  146    0 1.0000000000 -3.3101423078e+00 -3.6061789161e+00\n  147    0 1.0000000000 -3.2745974243e+00 -3.5561722803e+00\n  148    0 1.0000000000 -3.2385883570e+00 -3.5060899889e+00\n  149    0 1.0000000000 -3.2021302860e+00 -3.4559824705e+00\n  150    0 1.0000000000 -3.1652384637e+00 -3.4059001790e+00\n  151    0 1.0000000000 -3.1279282032e+00 -3.3558935432e+00\n  152    0 1.0000000000 -3.0902148672e+00 -3.3060129155e+00\n  153    0 1.0000000000 -3.0521138568e+00 -3.2563085214e+00\n  154    0 1.0000000000 -3.0136405999e+00 -3.2068304091e+00\n  155    0 1.0000000000 -2.9748105410e+00 -3.1576283988e+00\n  156    0 1.0000000000 -2.9356391294e+00 -3.1087520328e+00\n  157    0 1.0000000000 -2.8961418092e+00 -3.0602505254e+00\n  158    0 1.0000000000 -2.8563340084e+00 -3.0121727135e+00\n  159    0 1.0000000000 -2.8162311284e+00 -2.9645670074e+00\n  160    0 1.0000000000 -2.7758485341e+00 -2.9174813421e+00\n  161    0 1.0000000000 -2.7352015435e+00 -2.8709631288e+00\n  162    0 1.0000000000 -2.6943054179e+00 -2.8250592073e+00\n  163    0 1.0000000000 -2.6531753525e+00 -2.7798157992e+00\n  164    0 1.0000000000 -2.6118264669e+00 -2.7352784605e+00\n  165    0 1.0000000000 -2.5702737961e+00 -2.6914920368e+00\n  166    0 1.0000000000 -2.5285322815e+00 -2.6485006171e+00\n  167    0 1.0000000000 -2.4866167624e+00 -2.6063474901e+00\n  168    0 1.0000000000 -2.4445419677e+00 -2.5650751006e+00\n  169    0 1.0000000000 -2.4023225082e+00 -2.5247250064e+00\n  170    0 1.0000000000 -2.3599728689e+00 -2.4853378364e+00\n  171    0 1.0000000000 -2.3175074019e+00 -2.4469532504e+00\n  172    0 1.0000000000 -2.2749403195e+00 -2.4096098982e+00\n  173    0 1.0000000000 -2.2322856886e+00 -2.3733453815e+00\n  174    0 1.0000000000 -2.1895574243e+00 -2.3381962157e+00\n  175    0 1.0000000000 -2.1467692854e+00 -2.3041977928e+00\n  176    0 1.0000000000 -2.1039348700e+00 -2.2713843465e+00\n  177    0 1.0000000000 -2.0610676122e+00 -2.2397889171e+00\n  178    0 1.0000000000 -2.0181807801e+00 -2.2094433185e+00\n  179    0 1.0000000000 -1.9752874748e+00 -2.1803781063e+00\n  180    0 1.0000000000 -1.9324006319e+00 -2.1526225464e+00\n  181    0 1.0000000000 -1.8895330252e+00 -2.1262045866e+00\n  182    0 1.0000000000 -1.8466972740e+00 -2.1011508274e+00\n  183    0 1.0000000000 -1.8039058556e+00 -2.0774864958e+00\n  184    0 1.0000000000 -1.7611711246e+00 -2.0552354198e+00\n  185    0 1.0000000000 -1.7185053447e+00 -2.0344200044e+00\n  186    0 1.0000000000 -1.6759207365e+00 -2.0150612089e+00\n  187    0 1.0000000000 -1.6334295545e+00 -1.9971785259e+00\n  188    0 1.0000000000 -1.5910442121e+00 -1.9807899619e+00\n  189    0 1.0000000000 -1.5487774910e+00 -1.9659120187e+00\n  190    0 1.0000000000 -1.5066429089e+00 -1.9525596772e+00\n  191    0 1.0000000000 -1.4646554014e+00 -1.9407463820e+00\n  192    0 1.0000000000 -1.4228326829e+00 -1.9304840281e+00\n  193    0 1.0000000000 -1.3811982210e+00 -1.9217829488e+00\n  194    0 1.0000000000 -1.3397886029e+00 -1.9146519055e+00\n  195    0 1.0000000000 -1.2986752765e+00 -1.9090980783e+00\n  196    0 1.0000000000 -1.2580486474e+00 -1.9051270596e+00\n  197    0 1.0000000000 -1.2187490355e+00 -1.9027428479e+00\n  198    0 1.0000000000 -1.1917867709e+00 -1.9019478438e+00\n  199    0 1.0000000000 -1.2474216500e+00 -1.9035381152e+00\n  200    0 1.0000000000 -1.3280298120e+00 -1.9083104846e+00\n  201    0 1.0000000000 -1.4119976359e+00 -1.9162696038e+00\n  202    0 1.0000000000 -1.4980932056e+00 -1.9274231781e+00\n  203    0 1.0000000000 -1.5860813813e+00 -1.9417818954e+00\n  204    0 1.0000000000 -1.6758916847e+00 -1.9593593273e+00\n  205    0 1.0000000000 -1.7674992238e+00 -1.9801718023e+00\n  206    0 1.0000000000 -1.8608952729e+00 -2.0042382524e+00\n  207    0 1.0000000000 -1.9560775248e+00 -2.0315800335e+00\n  208    0 1.0000000000 -2.0530461774e+00 -2.0622207205e+00\n  209    0 1.0000000000 -2.1518021193e+00 -2.0961858773e+00\n  210    0 1.0000000000 -2.2523459830e+00 -2.1335028045e+00\n  211    0 1.0000000000 -2.3546775950e+00 -2.1742002637e+00\n  212    0 1.0000000000 -2.4587956228e+00 -2.2183081817e+00\n  213    0 1.0000000000 -2.5646973250e+00 -2.2658573349e+00\n  214    0 1.0000000000 -2.6723783607e+00 -2.3168790155e+00\n  215    0 1.0000000000 -2.7818326306e+00 -2.3714046811e+00\n  216    0 1.0000000000 -2.8930521407e+00 -2.4294655897e+00\n  217    0 1.0000000000 -3.0060268773e+00 -2.4910924209e+00\n  218    0 1.0000000000 -3.1207446911e+00 -2.5563148866e+00\n  219    0 1.0000000000 -3.2371911881e+00 -2.6251613311e+00\n  220    0 1.0000000000 -3.3553496234e+00 -2.6976583242e+00\n  221    0 1.0000000000 -3.4752008008e+00 -2.7738302485e+00\n  222    0 1.0000000000 -3.5967229737e+00 -2.8536988823e+00\n  223    0 1.0000000000 -3.7198917509e+00 -2.9372829815e+00\n  224    0 1.0000000000 -3.8446800042e+00 -3.0245978612e+00\n  225    0 1.0000000000 -3.9710577807e+00 -3.1156549797e+00\n  226    0 1.0000000000 -4.0989922174e+00 -3.2104615269e+00\n  227    0 1.0000000000 -4.2284474610e+00 -3.3090200189e+00\n  228    0 1.0000000000 -4.3593845911e+00 -3.4113279009e+00\n  229    0 1.0000000000 -4.4917615485e+00 -3.5173771606e+00\n  230    0 1.0000000000 -4.6255330684e+00 -3.6271539534e+00\n  231    0 1.0000000000 -4.7606506193e+00 -3.7406382425e+00\n  232    0 1.0000000000 -4.8970623477e+00 -3.8578034542e+00\n  233    0 1.0000000000 -5.0347130293e+00 -3.9786161522e+00\n  234    0 1.0000000000 -5.1735440265e+00 -4.1030357302e+00\n  235    0 1.0000000000 -5.3134932539e+00 -4.2310141268e+00\n  236    0 1.0000000000 -5.4544951510e+00 -4.3624955630e+00\n  237    0 1.0000000000 -5.5964806628e+00 -4.4974163038e+00\n  238    0 1.0000000000 -5.7393772292e+00 -4.6357044464e+00\n  239    0 1.0000000000 -5.8831087830e+00 -4.7772797344e+00\n  240    0 1.0000000000 -6.0275957572e+00 -4.9220534018e+00\n  241    0 1.0000000000 -6.1727551015e+00 -5.0699280454e+00\n  242    0 1.0000000000 -6.3185003089e+00 -5.2207975280e+00\n  243    0 1.0000000000 -6.4647414525e+00 -5.3745469136e+00\n  244    0 1.0000000000 -6.6113852319e+00 -5.5310524335e+00\n  245    0 1.0000000000 -6.7583350310e+00 -5.6901814868e+00\n  246    0 1.0000000000 -6.9054909861e+00 -5.8517926724e+00\n  247    0 1.0000000000 -7.0527500643e+00 -6.0157358562e+00\n  248    0 1.0000000000 -7.2000061539e+00 -6.1818522715e+00\n  249    0 1.0000000000 -7.3471501650e+00 -6.3499746529e+00\n  250    0 1.0000000000 -7.4940701412e+00 -6.5199274056e+00\n  251    0 1.0000000000 -7.6406513823e+00 -6.6915268068e+00\n  252    0 1.0000000000 -7.7867765782e+00 -6.8645812420e+00\n  253    0 1.0000000000 -7.9323259527e+00 -7.0388914733e+00\n  254    0 1.0000000000 -8.0771774189e+00 -7.2142509411e+00\n  255    0 1.0000000000 -8.2212067444e+00 -7.3904460965e+00\n  256    0 1.0000000000 -8.3642877264e+00 -7.5672567659e+00\n  257    0 1.0000000000 -8.5062923772e+00 -7.7444565443e+00\n  258    0 1.0000000000 -8.6470911187e+00 -7.9218132183e+00\n  259    0 1.0000000000 -8.7865529857e+00 -8.0990892166e+00\n  260    0 1.0000000000 -8.9245458387e+00 -8.2760420865e+00\n  261    0 1.0000000000 -9.0609365839e+00 -8.4524249957e+00\n  262    0 1.0000000000 -9.1955914014e+00 -8.6279872572e+00\n  263    0 1.0000000000 -9.3283759796e+00 -8.8024748761e+00\n  264    0 1.0000000000 -9.4591557573e+00 -8.9756311163e+00\n  265    0 1.0000000000 -9.5877961704e+00 -9.1471970852e+00\n  266    0 1.0000000000 -9.7141629043e+00 -9.3169123347e+00\n  267    0 1.0000000000 -9.8381221504e+00 -9.4845154770e+00\n  268    0 1.0000000000 -9.9595408670e+00 -9.6497448119e+00\n  269    0 1.0000000000 -1.0078287042e+01 -9.8123389644e+00\n  270    0 1.0000000000 -1.0194229959e+01 -9.9720375308e+00\n  271    0 1.0000000000 -1.0307240462e+01 -1.0128581730e+01\n  272    0 1.0000000000 -1.0417191227e+01 -1.0281715058e+01\n  273    0 1.0000000000 -1.0523957024e+01 -1.0431183946e+01\n  274    0 1.0000000000 -1.0627414988e+01 -1.0576738415e+01\n  275    0 1.0000000000 -1.0727444877e+01 -1.0718132726e+01\n  276    0 1.0000000000 -1.0823929341e+01 -1.0855126030e+01\n  277    0 1.0000000000 -1.0916754170e+01 -1.0987483006e+01\n  278    0 1.0000000000 -1.1005808557e+01 -1.1114974489e+01\n  279    0 1.0000000000 -1.1090985339e+01 -1.1237378089e+01\n  280    0 1.0000000000 -1.1172181239e+01 -1.1354478790e+01\n  281    0 1.0000000000 -1.1249297106e+01 -1.1466069539e+01\n  282    0 1.0000000000 -1.1322238136e+01 -1.1571951814e+01\n  283    0 1.0000000000 -1.1390914094e+01 -1.1671936169e+01\n  284    0 1.0000000000 -1.1455239522e+01 -1.1765842756e+01\n  285    0 1.0000000000 -1.1515133941e+01 -1.1853501832e+01\n  286    0 1.0000000000 -1.1570522034e+01 -1.1934754224e+01\n  287    0 1.0000000000 -1.1621333830e+01 -1.2009451783e+01\n  288    0 1.0000000000 -1.1667504868e+01 -1.2077457792e+01\n  289    0 1.0000000000 -1.1708976348e+01 -1.2138647361e+01\n  290    0 1.0000000000 -1.1745695274e+01 -1.2192907769e+01\n  291    0 1.0000000000 -1.1777614579e+01 -1.2240138793e+01\n  292    0 1.0000000000 -1.1804693239e+01 -1.2280252987e+01\n  293    0 1.0000000000 -1.1826896374e+01 -1.2313175931e+01\n  294    0 1.0000000000 -1.1844195328e+01 -1.2338846445e+01\n  295    0 1.0000000000 -1.1856567742e+01 -1.2357216764e+01\n  296    0 1.0000000000 -1.1863997605e+01 -1.2368252669e+01\n  297    0 1.0000000000 -1.1866475296e+01 -1.2371933592e+01\n