SINGLE-ORBITAL NN+NNN EFFECTIVE MODEL FIT

m=4
eon=0.0
t0=1.0
l_decay=0.5
dl=1.0
pairing=./m=4/pairing.txt
microscopic_orbitals=34

E_eff(k) = eps0 + 2*t1[cos(k.u1)+cos(k.u2)] + 4*t2*cos(k.u1)*cos(k.u2)

eps0     = -9.53837838863697e+00
t1       = -6.55785495663805e-01
t2       = -5.20129748821414e-02

RMSE=3.83191721574238e-01
MAE=3.17280541620634e-01
max_abs_error=8.19444961046100e-01
optimizer_success=True
optimizer_message=Linear least-squares solution
minimum_tracking_continuity=1.0000000000
mean_tracking_continuity=1.0000000000

# k_index idx continuity target fit\n    0    0 1.0000000000 -1.2056015319e+01 -1.2369572271e+01\n    1    0 1.0000000000 -1.2055612781e+01 -1.2368807205e+01\n    2    0 1.0000000000 -1.2054405261e+01 -1.2366512778e+01\n    3    0 1.0000000000 -1.2052393041e+01 -1.2362691301e+01\n    4    0 1.0000000000 -1.2049576596e+01 -1.2357346620e+01\n    5    0 1.0000000000 -1.2045956584e+01 -1.2350484119e+01\n    6    0 1.0000000000 -1.2041533855e+01 -1.2342110706e+01\n    7    0 1.0000000000 -1.2036309447e+01 -1.2332234813e+01\n    8    0 1.0000000000 -1.2030284583e+01 -1.2320866384e+01\n    9    0 1.0000000000 -1.2023460673e+01 -1.2308016866e+01\n   10    0 1.0000000000 -1.2015839315e+01 -1.2293699198e+01\n   11    0 1.0000000000 -1.2007422290e+01 -1.2277927797e+01\n   12    0 1.0000000000 -1.1998211564e+01 -1.2260718542e+01\n   13    0 1.0000000000 -1.1988209288e+01 -1.2242088762e+01\n   14    0 1.0000000000 -1.1977417793e+01 -1.2222057216e+01\n   15    0 1.0000000000 -1.1965839591e+01 -1.2200644074e+01\n   16    0 1.0000000000 -1.1953477375e+01 -1.2177870897e+01\n   17    0 1.0000000000 -1.1940334017e+01 -1.2153760615e+01\n   18    0 1.0000000000 -1.1926412564e+01 -1.2128337505e+01\n   19    0 1.0000000000 -1.1911716241e+01 -1.2101627168e+01\n   20    0 1.0000000000 -1.1896248446e+01 -1.2073656497e+01\n   21    0 1.0000000000 -1.1880012749e+01 -1.2044453656e+01\n   22    0 1.0000000000 -1.1863012891e+01 -1.2014048051e+01\n   23    0 1.0000000000 -1.1845252781e+01 -1.1982470297e+01\n   24    0 1.0000000000 -1.1826736496e+01 -1.1949752191e+01\n   25    0 1.0000000000 -1.1807468278e+01 -1.1915926677e+01\n   26    0 1.0000000000 -1.1787452531e+01 -1.1881027813e+01\n   27    0 1.0000000000 -1.1766693819e+01 -1.1845090742e+01\n   28    0 1.0000000000 -1.1745196868e+01 -1.1808151647e+01\n   29    0 1.0000000000 -1.1722966555e+01 -1.1770247723e+01\n   30    0 1.0000000000 -1.1700007915e+01 -1.1731417138e+01\n   31    0 1.0000000000 -1.1676326133e+01 -1.1691698989e+01\n   32    0 1.0000000000 -1.1651926543e+01 -1.1651133269e+01\n   33    0 1.0000000000 -1.1626814626e+01 -1.1609760825e+01\n   34    0 1.0000000000 -1.1600996006e+01 -1.1567623316e+01\n   35    0 1.0000000000 -1.1574476450e+01 -1.1524763170e+01\n   36    0 1.0000000000 -1.1547261861e+01 -1.1481223543e+01\n   37    0 1.0000000000 -1.1519358280e+01 -1.1437048277e+01\n   38    0 1.0000000000 -1.1490771879e+01 -1.1392281852e+01\n   39    0 1.0000000000 -1.1461508963e+01 -1.1346969344e+01\n   40    0 1.0000000000 -1.1431575960e+01 -1.1301156379e+01\n   41    0 1.0000000000 -1.1400979426e+01 -1.1254889087e+01\n   42    0 1.0000000000 -1.1369726037e+01 -1.1208214055e+01\n   43    0 1.0000000000 -1.1337822586e+01 -1.1161178281e+01\n   44    0 1.0000000000 -1.1305275982e+01 -1.1113829126e+01\n   45    0 1.0000000000 -1.1272093246e+01 -1.1066214266e+01\n   46    0 1.0000000000 -1.1238281508e+01 -1.1018381646e+01\n   47    0 1.0000000000 -1.1203848004e+01 -1.0970379429e+01\n   48    0 1.0000000000 -1.1168800070e+01 -1.0922255948e+01\n   49    0 1.0000000000 -1.1133145145e+01 -1.0874059662e+01\n   50    0 1.0000000000 -1.1096890760e+01 -1.0825839098e+01\n   51    0 1.0000000000 -1.1060044540e+01 -1.0777642811e+01\n   52    0 1.0000000000 -1.1022614202e+01 -1.0729519331e+01\n   53    0 1.0000000000 -1.0984607544e+01 -1.0681517114e+01\n   54    0 1.0000000000 -1.0946032450e+01 -1.0633684494e+01\n   55    0 1.0000000000 -1.0906896883e+01 -1.0586069634e+01\n   56    0 1.0000000000 -1.0867208880e+01 -1.0538720479e+01\n   57    0 1.0000000000 -1.0826976552e+01 -1.0491684705e+01\n   58    0 1.0000000000 -1.0786208078e+01 -1.0445009673e+01\n   59    0 1.0000000000 -1.0744911704e+01 -1.0398742381e+01\n   60    0 1.0000000000 -1.0703095737e+01 -1.0352929416e+01\n   61    0 1.0000000000 -1.0660768544e+01 -1.0307616908e+01\n   62    0 1.0000000000 -1.0617938546e+01 -1.0262850483e+01\n   63    0 1.0000000000 -1.0574614217e+01 -1.0218675217e+01\n   64    0 1.0000000000 -1.0530804080e+01 -1.0175135590e+01\n   65    0 1.0000000000 -1.0486516702e+01 -1.0132275444e+01\n   66    0 1.0000000000 -1.0441760693e+01 -1.0090137935e+01\n   67    0 1.0000000000 -1.0396544701e+01 -1.0048765491e+01\n   68    0 1.0000000000 -1.0350877410e+01 -1.0008199771e+01\n   69    0 1.0000000000 -1.0304767535e+01 -9.9684816222e+00\n   70    0 1.0000000000 -1.0258223820e+01 -9.9296510365e+00\n   71    0 1.0000000000 -1.0211255035e+01 -9.8917471132e+00\n   72    0 1.0000000000 -1.0163869969e+01 -9.8548080183e+00\n   73    0 1.0000000000 -1.0116077435e+01 -9.8188709465e+00\n   74    0 1.0000000000 -1.0067886256e+01 -9.7839720832e+00\n   75    0 1.0000000000 -1.0019305272e+01 -9.7501465688e+00\n   76    0 1.0000000000 -9.9703433284e+00 -9.7174284625e+00\n   77    0 1.0000000000 -9.9210092799e+00 -9.6858507088e+00\n   78    0 1.0000000000 -9.8713119825e+00 -9.6554451038e+00\n   79    0 1.0000000000 -9.8212602923e+00 -9.6262422633e+00\n   80    0 1.0000000000 -9.7708630628e+00 -9.5982715922e+00\n   81    0 1.0000000000 -9.7201291410e+00 -9.5715612545e+00\n   82    0 1.0000000000 -9.6690673653e+00 -9.5461381452e+00\n   83    0 1.0000000000 -9.6176865620e+00 -9.5220278634e+00\n   84    0 1.0000000000 -9.5659955427e+00 -9.4992546860e+00\n   85    0 1.0000000000 -9.5140031014e+00 -9.4778415436e+00\n   86    0 1.0000000000 -9.4617180121e+00 -9.4578099975e+00\n   87    0 1.0000000000 -9.4091490256e+00 -9.4391802178e+00\n   88    0 1.0000000000 -9.3563048669e+00 -9.4219709630e+00\n   89    0 1.0000000000 -9.3031942332e+00 -9.4061995615e+00\n   90    0 1.0000000000 -9.2498257910e+00 -9.3918818936e+00\n   91    0 1.0000000000 -9.1962081739e+00 -9.3790323761e+00\n   92    0 1.0000000000 -9.1423499805e+00 -9.3676639474e+00\n   93    0 1.0000000000 -9.0882597734e+00 -9.3577880544e+00\n   94    0 1.0000000000 -9.0339460784e+00 -9.3494146414e+00\n   95    0 1.0000000000 -8.9794173877e+00 -9.3425521397e+00\n   96    0 1.0000000000 -8.9246821738e+00 -9.3372074592e+00\n   97    0 1.0000000000 -8.8697489488e+00 -9.3333859816e+00\n   98    0 1.0000000000 -8.8146266784e+00 -9.3310915548e+00\n   99    0 1.0000000000 -8.7593728213e+00 -9.3303264891e+00\n  100    0 1.0000000000 -8.7590892095e+00 -9.3297709140e+00\n  101    0 1.0000000000 -8.7582464454e+00 -9.3281047482e+00\n  102    0 1.0000000000 -8.7568447075e+00 -9.3253296692e+00\n  103    0 1.0000000000 -8.7548842905e+00 -9.3214484715e+00\n  104    0 1.0000000000 -8.7523656060e+00 -9.3164650629e+00\n  105    0 1.0000000000 -8.7492891816e+00 -9.3103844615e+00\n  106    0 1.0000000000 -8.7456556611e+00 -9.3032127898e+00\n  107    0 1.0000000000 -8.7414658040e+00 -9.2949572692e+00\n  108    0 1.0000000000 -8.7367204852e+00 -9.2856262121e+00\n  109    0 1.0000000000 -8.7314206949e+00 -9.2752290143e+00\n  110    0 1.0000000000 -8.7255675374e+00 -9.2637761448e+00\n  111    0 1.0000000000 -8.7191622316e+00 -9.2512791356e+00\n  112    0 1.0000000000 -8.7122061097e+00 -9.2377505702e+00\n  113    0 1.0000000000 -8.7047006170e+00 -9.2232040708e+00\n  114    0 1.0000000000 -8.6966473109e+00 -9.2076542844e+00\n  115    0 1.0000000000 -8.6880478609e+00 -9.1911168683e+00\n  116    0 1.0000000000 -8.6789040468e+00 -9.1736084743e+00\n  117    0 1.0000000000 -8.6692177591e+00 -9.1551467318e+00\n  118    0 1.0000000000 -8.6589909973e+00 -9.1357502304e+00\n  119    0 1.0000000000 -8.6482258692e+00 -9.1154385006e+00\n  120    0 1.0000000000 -8.6369245903e+00 -9.0942319945e+00\n  121    0 1.0000000000 -8.6250894825e+00 -9.0721520655e+00\n  122    0 1.0000000000 -8.6127229733e+00 -9.0492209460e+00\n  123    0 1.0000000000 -8.5998275945e+00 -9.0254617257e+00\n  124    0 1.0000000000 -8.5864059813e+00 -9.0008983283e+00\n  125    0 1.0000000000 -8.5724608710e+00 -8.9755554869e+00\n  126    0 1.0000000000 -8.5579951020e+00 -8.9494587197e+00\n  127    0 1.0000000000 -8.5430116124e+00 -8.9226343038e+00\n  128    0 1.0000000000 -8.5275134389e+00 -8.8951092492e+00\n  129    0 1.0000000000 -8.5115037152e+00 -8.8669112714e+00\n  130    0 1.0000000000 -8.4949856711e+00 -8.8380687631e+00\n  131    0 1.0000000000 -8.4779626305e+00 -8.8086107665e+00\n  132    0 1.0000000000 -8.4604380108e+00 -8.7785669432e+00\n  133    0 1.0000000000 -8.4424153206e+00 -8.7479675448e+00\n  134    0 1.0000000000 -8.4238981589e+00 -8.7168433824e+00\n  135    0 1.0000000000 -8.4048902130e+00 -8.6852257952e+00\n  136    0 1.0000000000 -8.3853952574e+00 -8.6531466195e+00\n  137    0 1.0000000000 -8.3654171521e+00 -8.6206381564e+00\n  138    0 1.0000000000 -8.3449598407e+00 -8.5877331391e+00\n  139    0 1.0000000000 -8.3240273494e+00 -8.5544647002e+00\n  140    0 1.0000000000 -8.3026237844e+00 -8.5208663382e+00\n  141    0 1.0000000000 -8.2807533311e+00 -8.4869718837e+00\n  142    0 1.0000000000 -8.2584202519e+00 -8.4528154656e+00\n  143    0 1.0000000000 -8.2356288845e+00 -8.4184314766e+00\n  144    0 1.0000000000 -8.2123836403e+00 -8.3838545384e+00\n  145    0 1.0000000000 -8.1886890023e+00 -8.3491194670e+00\n  146    0 1.0000000000 -8.1645495238e+00 -8.3142612377e+00\n  147    0 1.0000000000 -8.1399698260e+00 -8.2793149498e+00\n  148    0 1.0000000000 -8.1149545964e+00 -8.2443157913e+00\n  149    0 1.0000000000 -8.0895085871e+00 -8.2092990033e+00\n  150    0 1.0000000000 -8.0636366127e+00 -8.1742998448e+00\n  151    0 1.0000000000 -8.0373435484e+00 -8.1393535569e+00\n  152    0 1.0000000000 -8.0106343283e+00 -8.1044953276e+00\n  153    0 1.0000000000 -7.9835139431e+00 -8.0697602562e+00\n  154    0 1.0000000000 -7.9559874386e+00 -8.0351833180e+00\n  155    0 1.0000000000 -7.9280599134e+00 -8.0007993290e+00\n  156    0 1.0000000000 -7.8997365174e+00 -7.9666429109e+00\n  157    0 1.0000000000 -7.8710224493e+00 -7.9327484564e+00\n  158    0 1.0000000000 -7.8419229548e+00 -7.8991500944e+00\n  159    0 1.0000000000 -7.8124433250e+00 -7.8658816555e+00\n  160    0 1.0000000000 -7.7825888940e+00 -7.8329766382e+00\n  161    0 1.0000000000 -7.7523650370e+00 -7.8004681751e+00\n  162    0 1.0000000000 -7.7217771686e+00 -7.7683889994e+00\n  163    0 1.0000000000 -7.6908307404e+00 -7.7367714123e+00\n  164    0 1.0000000000 -7.6595312394e+00 -7.7056472498e+00\n  165    0 1.0000000000 -7.6278841858e+00 -7.6750478514e+00\n  166    0 1.0000000000 -7.5958951312e+00 -7.6450040281e+00\n  167    0 1.0000000000 -7.5635696565e+00 -7.6155460315e+00\n  168    0 1.0000000000 -7.5309133698e+00 -7.5867035233e+00\n  169    0 1.0000000000 -7.4979319051e+00 -7.5585055454e+00\n  170    0 1.0000000000 -7.4646309193e+00 -7.5309804908e+00\n  171    0 1.0000000000 -7.4310160914e+00 -7.5041560749e+00\n  172    0 1.0000000000 -7.3970931197e+00 -7.4780593077e+00\n  173    0 1.0000000000 -7.3628677204e+00 -7.4527164663e+00\n  174    0 1.0000000000 -7.3283456256e+00 -7.4281530689e+00\n  175    0 1.0000000000 -7.2935325811e+00 -7.4043938487e+00\n  176    0 1.0000000000 -7.2584343452e+00 -7.3814627292e+00\n  177    0 1.0000000000 -7.2230566860e+00 -7.3593828001e+00\n  178    0 1.0000000000 -7.1874053806e+00 -7.3381762941e+00\n  179    0 1.0000000000 -7.1514862122e+00 -7.3178645642e+00\n  180    0 1.0000000000 -7.1153049694e+00 -7.2984680628e+00\n  181    0 1.0000000000 -7.0788674437e+00 -7.2800063204e+00\n  182    0 1.0000000000 -7.0421794281e+00 -7.2624979264e+00\n  183    0 1.0000000000 -7.0052467156e+00 -7.2459605103e+00\n  184    0 1.0000000000 -6.9680750976e+00 -7.2304107238e+00\n  185    0 1.0000000000 -6.9306703624e+00 -7.2158642244e+00\n  186    0 1.0000000000 -6.8930382939e+00 -7.2023356590e+00\n  187    0 1.0000000000 -6.8551846710e+00 -7.1898386498e+00\n  188    0 1.0000000000 -6.8171152665e+00 -7.1783857803e+00\n  189    0 1.0000000000 -6.7788358479e+00 -7.1679885825e+00\n  190    0 1.0000000000 -6.7403521786e+00 -7.1586575254e+00\n  191    0 1.0000000000 -6.7016700223e+00 -7.1504020048e+00\n  192    0 1.0000000000 -6.6627951536e+00 -7.1432303331e+00\n  193    0 1.0000000000 -6.6237333816e+00 -7.1371497317e+00\n  194    0 1.0000000000 -6.5844906126e+00 -7.1321663231e+00\n  195    0 1.0000000000 -6.5450730350e+00 -7.1282851254e+00\n  196    0 1.0000000000 -6.5054878443e+00 -7.1255100465e+00\n  197    0 1.0000000000 -6.4657479929e+00 -7.1238438806e+00\n  198    0 1.0000000000 -6.4262204992e+00 -7.1232883055e+00\n  199    0 1.0000000000 -6.5057058163e+00 -7.1243995084e+00\n  200    0 1.0000000000 -6.5859684133e+00 -7.1277326307e+00\n  201    0 1.0000000000 -6.6664027854e+00 -7.1332862111e+00\n  202    0 1.0000000000 -6.7469879916e+00 -7.1410578070e+00\n  203    0 1.0000000000 -6.8277077255e+00 -7.1510439846e+00\n  204    0 1.0000000000 -6.9085461827e+00 -7.1632403046e+00\n  205    0 1.0000000000 -6.9894874510e+00 -7.1776413040e+00\n  206    0 1.0000000000 -7.0705153573e+00 -7.1942404741e+00\n  207    0 1.0000000000 -7.1516134168e+00 -7.2130302350e+00\n  208    0 1.0000000000 -7.2327648131e+00 -7.2340019063e+00\n  209    0 1.0000000000 -7.3139523915e+00 -7.2571456748e+00\n  210    0 1.0000000000 -7.3951586556e+00 -7.2824505586e+00\n  211    0 1.0000000000 -7.4763657682e+00 -7.3099043690e+00\n  212    0 1.0000000000 -7.5575555521e+00 -7.3394936686e+00\n  213    0 1.0000000000 -7.6387094936e+00 -7.3712037283e+00\n  214    0 1.0000000000 -7.7198087450e+00 -7.4050184809e+00\n  215    0 1.0000000000 -7.8008341290e+00 -7.4409204738e+00\n  216    0 1.0000000000 -7.8817661431e+00 -7.4788908196e+00\n  217    0 1.0000000000 -7.9625849644e+00 -7.5189091457e+00\n  218    0 1.0000000000 -8.0432704552e+00 -7.5609535425e+00\n  219    0 1.0000000000 -8.1238021690e+00 -7.6050005122e+00\n  220    0 1.0000000000 -8.2041593567e+00 -7.6510249157e+00\n  221    0 1.0000000000 -8.2843209736e+00 -7.6989999213e+00\n  222    0 1.0000000000 -8.3642656868e+00 -7.7488969528e+00\n  223    0 1.0000000000 -8.4439718826e+00 -7.8006856387e+00\n  224    0 1.0000000000 -8.5234176751e+00 -7.8543337633e+00\n  225    0 1.0000000000 -8.6025809148e+00 -7.9098072182e+00\n  226    0 1.0000000000 -8.6814391977e+00 -7.9670699569e+00\n  227    0 1.0000000000 -8.7599698750e+00 -8.0260839514e+00\n  228    0 1.0000000000 -8.8381500632e+00 -8.0868091511e+00\n  229    0 1.0000000000 -8.9159566545e+00 -8.1492034452e+00\n  230    0 1.0000000000 -8.9933663278e+00 -8.2132226289e+00\n  231    0 1.0000000000 -9.0703555604e+00 -8.2788203722e+00\n  232    0 1.0000000000 -9.1469006396e+00 -8.3459481942e+00\n  233    0 1.0000000000 -9.2229776752e+00 -8.4145554409e+00\n  234    0 1.0000000000 -9.2985626122e+00 -8.4845892678e+00\n  235    0 1.0000000000 -9.3736312441e+00 -8.5559946280e+00\n  236    0 1.0000000000 -9.4481592264e+00 -8.6287142653e+00\n  237    0 1.0000000000 -9.5221220905e+00 -8.7026887129e+00\n  238    0 1.0000000000 -9.5954952588e+00 -8.7778562977e+00\n  239    0 1.0000000000 -9.6682540586e+00 -8.8541531510e+00\n  240    0 1.0000000000 -9.7403737383e+00 -8.9315132251e+00\n  241    0 1.0000000000 -9.8118294821e+00 -9.0098683167e+00\n  242    0 1.0000000000 -9.8825964267e+00 -9.0891480960e+00\n  243    0 1.0000000000 -9.9526496771e+00 -9.1692801435e+00\n  244    0 1.0000000000 -1.0021964323e+01 -9.2501899929e+00\n  245    0 1.0000000000 -1.0090515458e+01 -9.3318011812e+00\n  246    0 1.0000000000 -1.0158278193e+01 -9.4140353052e+00\n  247    0 1.0000000000 -1.0225227677e+01 -9.4968120855e+00\n  248    0 1.0000000000 -1.0291339112e+01 -9.5800494371e+00\n  249    0 1.0000000000 -1.0356587776e+01 -9.6636635472e+00\n  250    0 1.0000000000 -1.0420949035e+01 -9.7475689591e+00\n  251    0 1.0000000000 -1.0484398365e+01 -9.8316786638e+00\n  252    0 1.0000000000 -1.0546911372e+01 -9.9159041976e+00\n  253    0 1.0000000000 -1.0608463809e+01 -1.0000155746e+01\n  254    0 1.0000000000 -1.0669031591e+01 -1.0084342255e+01\n  255    0 1.0000000000 -1.0728590824e+01 -1.0168371548e+01\n  256    0 1.0000000000 -1.0787117813e+01 -1.0252150447e+01\n  257    0 1.0000000000 -1.0844589091e+01 -1.0335584902e+01\n  258    0 1.0000000000 -1.0900981431e+01 -1.0418580124e+01\n  259    0 1.0000000000 -1.0956271869e+01 -1.0501040727e+01\n  260    0 1.0000000000 -1.1010437723e+01 -1.0582870866e+01\n  261    0 1.0000000000 -1.1063456611e+01 -1.0663974389e+01\n  262    0 1.0000000000 -1.1115306473e+01 -1.0744254990e+01\n  263    0 1.0000000000 -1.1165965584e+01 -1.0823616361e+01\n  264    0 1.0000000000 -1.1215412583e+01 -1.0901962355e+01\n  265    0 1.0000000000 -1.1263626481e+01 -1.0979197146e+01\n  266    0 1.0000000000 -1.1310586689e+01 -1.1055225394e+01\n  267    0 1.0000000000 -1.1356273028e+01 -1.1129952415e+01\n  268    0 1.0000000000 -1.1400665755e+01 -1.1203284342e+01\n  269    0 1.0000000000 -1.1443745578e+01 -1.1275128304e+01\n  270    0 1.0000000000 -1.1485493671e+01 -1.1345392586e+01\n  271    0 1.0000000000 -1.1525891697e+01 -1.1413986809e+01\n  272    0 1.0000000000 -1.1564921818e+01 -1.1480822094e+01\n  273    0 1.0000000000 -1.1602566722e+01 -1.1545811232e+01\n  274    0 1.0000000000 -1.1638809627e+01 -1.1608868854e+01\n  275    0 1.0000000000 -1.1673634308e+01 -1.1669911594e+01\n  276    0 1.0000000000 -1.1707025106e+01 -1.1728858259e+01\n  277    0 1.0000000000 -1.1738966946e+01 -1.1785629982e+01\n  278    0 1.0000000000 -1.1769445350e+01 -1.1840150387e+01\n  279    0 1.0000000000 -1.1798446451e+01 -1.1892345740e+01\n  280    0 1.0000000000 -1.1825957010e+01 -1.1942145097e+01\n  281    0 1.0000000000 -1.1851964424e+01 -1.1989480456e+01\n  282    0 1.0000000000 -1.1876456741e+01 -1.2034286890e+01\n  283    0 1.0000000000 -1.1899422674e+01 -1.2076502688e+01\n  284    0 1.0000000000 -1.1920851608e+01 -1.2116069480e+01\n  285    0 1.0000000000 -1.1940733613e+01 -1.2152932360e+01\n  286    0 1.0000000000 -1.1959059454e+01 -1.2187040004e+01\n  287    0 1.0000000000 -1.1975820600e+01 -1.2218344777e+01\n  288    0 1.0000000000 -1.1991009232e+01 -1.2246802837e+01\n  289    0 1.0000000000 -1.2004618251e+01 -1.2272374225e+01\n  290    0 1.0000000000 -1.2016641287e+01 -1.2295022954e+01\n  291    0 1.0000000000 -1.2027072703e+01 -1.2314717084e+01\n  292    0 1.0000000000 -1.2035907603e+01 -1.2331428793e+01\n  293    0 1.0000000000 -1.2043141834e+01 -1.2345134436e+01\n  294    0 1.0000000000 -1.2048771993e+01 -1.2355814596e+01\n  295    0 1.0000000000 -1.2052795431e+01 -1.2363454129e+01\n  296    0 1.0000000000 -1.2055210253e+01 -1.2368042192e+01\n  297    0 1.0000000000 -1.2056015319e+01 -1.2369572271e+01\n