SINGLE-ORBITAL NN+NNN EFFECTIVE MODEL FIT

m=5
eon=0.0
t0=1.0
l_decay=0.5
dl=1.0
pairing=./m=5/pairing.txt
microscopic_orbitals=52

E_eff(k) = eps0 + 2*t1[cos(k.u1)+cos(k.u2)] + 4*t2*cos(k.u1)*cos(k.u2)

eps0     = -1.03008096209471e+01
t1       = -4.71244623658525e-01
t2       = -2.60916786905610e-02

RMSE=2.90733713785198e-01
MAE=2.38045453819537e-01
max_abs_error=6.28378823937641e-01
optimizer_success=True
optimizer_message=Linear least-squares solution
minimum_tracking_continuity=1.0000000000
mean_tracking_continuity=1.0000000000

# k_index idx continuity target fit\n    0    0 1.0000000000 -1.2060475854e+01 -1.2290154830e+01\n    1    0 1.0000000000 -1.2060211685e+01 -1.2289627783e+01\n    2    0 1.0000000000 -1.2059419219e+01 -1.2288047171e+01\n    3    0 1.0000000000 -1.2058098579e+01 -1.2285414585e+01\n    4    0 1.0000000000 -1.2056249973e+01 -1.2281732678e+01\n    5    0 1.0000000000 -1.2053873688e+01 -1.2277005156e+01\n    6    0 1.0000000000 -1.2050970096e+01 -1.2271236779e+01\n    7    0 1.0000000000 -1.2047539650e+01 -1.2264433356e+01\n    8    0 1.0000000000 -1.2043582884e+01 -1.2256601737e+01\n    9    0 1.0000000000 -1.2039100416e+01 -1.2247749808e+01\n   10    0 1.0000000000 -1.2034092944e+01 -1.2237886482e+01\n   11    0 1.0000000000 -1.2028561249e+01 -1.2227021691e+01\n   12    0 1.0000000000 -1.2022506191e+01 -1.2215166374e+01\n   13    0 1.0000000000 -1.2015928712e+01 -1.2202332469e+01\n   14    0 1.0000000000 -1.2008829835e+01 -1.2188532898e+01\n   15    0 1.0000000000 -1.2001210662e+01 -1.2173781557e+01\n   16    0 1.0000000000 -1.1993072375e+01 -1.2158093299e+01\n   17    0 1.0000000000 -1.1984416237e+01 -1.2141483920e+01\n   18    0 1.0000000000 -1.1975243588e+01 -1.2123970145e+01\n   19    0 1.0000000000 -1.1965555846e+01 -1.2105569608e+01\n   20    0 1.0000000000 -1.1955354510e+01 -1.2086300838e+01\n   21    0 1.0000000000 -1.1944641153e+01 -1.2066183237e+01\n   22    0 1.0000000000 -1.1933417427e+01 -1.2045237061e+01\n   23    0 1.0000000000 -1.1921685061e+01 -1.2023483401e+01\n   24    0 1.0000000000 -1.1909445858e+01 -1.2000944161e+01\n   25    0 1.0000000000 -1.1896701697e+01 -1.1977642037e+01\n   26    0 1.0000000000 -1.1883454531e+01 -1.1953600491e+01\n   27    0 1.0000000000 -1.1869706390e+01 -1.1928843732e+01\n   28    0 1.0000000000 -1.1855459372e+01 -1.1903396687e+01\n   29    0 1.0000000000 -1.1840715652e+01 -1.1877284980e+01\n   30    0 1.0000000000 -1.1825477475e+01 -1.1850534902e+01\n   31    0 1.0000000000 -1.1809747157e+01 -1.1823173390e+01\n   32    0 1.0000000000 -1.1793527086e+01 -1.1795227992e+01\n   33    0 1.0000000000 -1.1776819716e+01 -1.1766726849e+01\n   34    0 1.0000000000 -1.1759627573e+01 -1.1737698659e+01\n   35    0 1.0000000000 -1.1741953250e+01 -1.1708172649e+01\n   36    0 1.0000000000 -1.1723799406e+01 -1.1678178551e+01\n   37    0 1.0000000000 -1.1705168768e+01 -1.1647746567e+01\n   38    0 1.0000000000 -1.1686064128e+01 -1.1616907337e+01\n   39    0 1.0000000000 -1.1666488339e+01 -1.1585691916e+01\n   40    0 1.0000000000 -1.1646444323e+01 -1.1554131733e+01\n   41    0 1.0000000000 -1.1625935060e+01 -1.1522258569e+01\n   42    0 1.0000000000 -1.1604963594e+01 -1.1490104516e+01\n   43    0 1.0000000000 -1.1583533028e+01 -1.1457701950e+01\n   44    0 1.0000000000 -1.1561646526e+01 -1.1425083498e+01\n   45    0 1.0000000000 -1.1539307310e+01 -1.1392282005e+01\n   46    0 1.0000000000 -1.1516518659e+01 -1.1359330499e+01\n   47    0 1.0000000000 -1.1493283910e+01 -1.1326262158e+01\n   48    0 1.0000000000 -1.1469606453e+01 -1.1293110281e+01\n   49    0 1.0000000000 -1.1445489735e+01 -1.1259908247e+01\n   50    0 1.0000000000 -1.1420937256e+01 -1.1226689489e+01\n   51    0 1.0000000000 -1.1395952565e+01 -1.1193487456e+01\n   52    0 1.0000000000 -1.1370539267e+01 -1.1160335578e+01\n   53    0 1.0000000000 -1.1344701013e+01 -1.1127267238e+01\n   54    0 1.0000000000 -1.1318441506e+01 -1.1094315731e+01\n   55    0 1.0000000000 -1.1291764494e+01 -1.1061514238e+01\n   56    0 1.0000000000 -1.1264673774e+01 -1.1028895787e+01\n   57    0 1.0000000000 -1.1237173186e+01 -1.0996493221e+01\n   58    0 1.0000000000 -1.1209266618e+01 -1.0964339168e+01\n   59    0 1.0000000000 -1.1180957997e+01 -1.0932466003e+01\n   60    0 1.0000000000 -1.1152251295e+01 -1.0900905821e+01\n   61    0 1.0000000000 -1.1123150523e+01 -1.0869690399e+01\n   62    0 1.0000000000 -1.1093659734e+01 -1.0838851170e+01\n   63    0 1.0000000000 -1.1063783016e+01 -1.0808419185e+01\n   64    0 1.0000000000 -1.1033524496e+01 -1.0778425087e+01\n   65    0 1.0000000000 -1.1002888339e+01 -1.0748899078e+01\n   66    0 1.0000000000 -1.0971878741e+01 -1.0719870887e+01\n   67    0 1.0000000000 -1.0940499935e+01 -1.0691369744e+01\n   68    0 1.0000000000 -1.0908756185e+01 -1.0663424347e+01\n   69    0 1.0000000000 -1.0876651786e+01 -1.0636062834e+01\n   70    0 1.0000000000 -1.0844191063e+01 -1.0609312757e+01\n   71    0 1.0000000000 -1.0811378370e+01 -1.0583201049e+01\n   72    0 1.0000000000 -1.0778218090e+01 -1.0557754005e+01\n   73    0 1.0000000000 -1.0744714630e+01 -1.0532997245e+01\n   74    0 1.0000000000 -1.0710872424e+01 -1.0508955700e+01\n   75    0 1.0000000000 -1.0676695929e+01 -1.0485653576e+01\n   76    0 1.0000000000 -1.0642189626e+01 -1.0463114336e+01\n   77    0 1.0000000000 -1.0607358015e+01 -1.0441360676e+01\n   78    0 1.0000000000 -1.0572205619e+01 -1.0420414500e+01\n   79    0 1.0000000000 -1.0536736979e+01 -1.0400296898e+01\n   80    0 1.0000000000 -1.0500956655e+01 -1.0381028128e+01\n   81    0 1.0000000000 -1.0464869222e+01 -1.0362627592e+01\n   82    0 1.0000000000 -1.0428479272e+01 -1.0345113817e+01\n   83    0 1.0000000000 -1.0391791412e+01 -1.0328504438e+01\n   84    0 1.0000000000 -1.0354810260e+01 -1.0312816180e+01\n   85    0 1.0000000000 -1.0317540448e+01 -1.0298064838e+01\n   86    0 1.0000000000 -1.0279986618e+01 -1.0284265268e+01\n   87    0 1.0000000000 -1.0242153423e+01 -1.0271431363e+01\n   88    0 1.0000000000 -1.0204045524e+01 -1.0259576046e+01\n   89    0 1.0000000000 -1.0165667589e+01 -1.0248711254e+01\n   90    0 1.0000000000 -1.0127024293e+01 -1.0238847928e+01\n   91    0 1.0000000000 -1.0088120316e+01 -1.0229995999e+01\n   92    0 1.0000000000 -1.0048960344e+01 -1.0222164380e+01\n   93    0 1.0000000000 -1.0009549064e+01 -1.0215360957e+01\n   94    0 1.0000000000 -9.9698911663e+00 -1.0209592580e+01\n   95    0 1.0000000000 -9.9299913450e+00 -1.0204865058e+01\n   96    0 1.0000000000 -9.8898542964e+00 -1.0201183151e+01\n   97    0 1.0000000000 -9.8494847294e+00 -1.0198550566e+01\n   98    0 1.0000000000 -9.8088874290e+00 -1.0196969954e+01\n   99    0 1.0000000000 -9.7680842546e+00 -1.0196442906e+01\n  100    0 1.0000000000 -9.7678756276e+00 -1.0196020947e+01\n  101    0 1.0000000000 -9.7672533393e+00 -1.0194755494e+01\n  102    0 1.0000000000 -9.7662174798e+00 -1.0192647822e+01\n  103    0 1.0000000000 -9.7647681986e+00 -1.0189700054e+01\n  104    0 1.0000000000 -9.7629057047e+00 -1.0185915156e+01\n  105    0 1.0000000000 -9.7606302665e+00 -1.0181296940e+01\n  106    0 1.0000000000 -9.7579422115e+00 -1.0175850057e+01\n  107    0 1.0000000000 -9.7548419263e+00 -1.0169579991e+01\n  108    0 1.0000000000 -9.7513298568e+00 -1.0162493055e+01\n  109    0 1.0000000000 -9.7474065075e+00 -1.0154596385e+01\n  110    0 1.0000000000 -9.7430724418e+00 -1.0145897933e+01\n  111    0 1.0000000000 -9.7383282814e+00 -1.0136406457e+01\n  112    0 1.0000000000 -9.7331747068e+00 -1.0126131514e+01\n  113    0 1.0000000000 -9.7276124562e+00 -1.0115083451e+01\n  114    0 1.0000000000 -9.7216423258e+00 -1.0103273391e+01\n  115    0 1.0000000000 -9.7152651697e+00 -1.0090713227e+01\n  116    0 1.0000000000 -9.7084818991e+00 -1.0077415605e+01\n  117    0 1.0000000000 -9.7012934824e+00 -1.0063393915e+01\n  118    0 1.0000000000 -9.6937009449e+00 -1.0048662276e+01\n  119    0 1.0000000000 -9.6857053682e+00 -1.0033235521e+01\n  120    0 1.0000000000 -9.6773078902e+00 -1.0017129184e+01\n  121    0 1.0000000000 -9.6685097045e+00 -1.0000359482e+01\n  122    0 1.0000000000 -9.6593120601e+00 -9.9829433016e+00\n  123    0 1.0000000000 -9.6497162610e+00 -9.9648981785e+00\n  124    0 1.0000000000 -9.6397236661e+00 -9.9462422830e+00\n  125    0 1.0000000000 -9.6293356881e+00 -9.9269944000e+00\n  126    0 1.0000000000 -9.6185537938e+00 -9.9071739104e+00\n  127    0 1.0000000000 -9.6073795030e+00 -9.8868007719e+00\n  128    0 1.0000000000 -9.5958143887e+00 -9.8658954984e+00\n  129    0 1.0000000000 -9.5838600760e+00 -9.8444791397e+00\n  130    0 1.0000000000 -9.5715182420e+00 -9.8225732604e+00\n  131    0 1.0000000000 -9.5587906150e+00 -9.8001999178e+00\n  132    0 1.0000000000 -9.5456789744e+00 -9.7773816399e+00\n  133    0 1.0000000000 -9.5321851496e+00 -9.7541414029e+00\n  134    0 1.0000000000 -9.5183110198e+00 -9.7305026076e+00\n  135    0 1.0000000000 -9.5040585137e+00 -9.7064890564e+00\n  136    0 1.0000000000 -9.4894296080e+00 -9.6821249288e+00\n  137    0 1.0000000000 -9.4744263278e+00 -9.6574347575e+00\n  138    0 1.0000000000 -9.4590507455e+00 -9.6324434034e+00\n  139    0 1.0000000000 -9.4433049802e+00 -9.6071760306e+00\n  140    0 1.0000000000 -9.4271911971e+00 -9.5816580812e+00\n  141    0 1.0000000000 -9.4107116070e+00 -9.5559152497e+00\n  142    0 1.0000000000 -9.3938684653e+00 -9.5299734570e+00\n  143    0 1.0000000000 -9.3766640720e+00 -9.5038588241e+00\n  144    0 1.0000000000 -9.3591007700e+00 -9.4775976463e+00\n  145    0 1.0000000000 -9.3411809455e+00 -9.4512163664e+00\n  146    0 1.0000000000 -9.3229070265e+00 -9.4247415482e+00\n  147    0 1.0000000000 -9.3042814825e+00 -9.3981998494e+00\n  148    0 1.0000000000 -9.2853068235e+00 -9.3716179954e+00\n  149    0 1.0000000000 -9.2659855999e+00 -9.3450227518e+00\n  150    0 1.0000000000 -9.2463204007e+00 -9.3184408978e+00\n  151    0 1.0000000000 -9.2263138538e+00 -9.2918991991e+00\n  152    0 1.0000000000 -9.2059686247e+00 -9.2654243808e+00\n  153    0 1.0000000000 -9.1852874159e+00 -9.2390431010e+00\n  154    0 1.0000000000 -9.1642729659e+00 -9.2127819232e+00\n  155    0 1.0000000000 -9.1429280488e+00 -9.1866672903e+00\n  156    0 1.0000000000 -9.1212554733e+00 -9.1607254975e+00\n  157    0 1.0000000000 -9.0992580820e+00 -9.1349826660e+00\n  158    0 1.0000000000 -9.0769387505e+00 -9.1094647167e+00\n  159    0 1.0000000000 -9.0543003867e+00 -9.0841973439e+00\n  160    0 1.0000000000 -9.0313459299e+00 -9.0592059898e+00\n  161    0 1.0000000000 -9.0080783502e+00 -9.0345158184e+00\n  162    0 1.0000000000 -8.9845006474e+00 -9.0101516909e+00\n  163    0 1.0000000000 -8.9606158505e+00 -8.9861381396e+00\n  164    0 1.0000000000 -8.9364270165e+00 -8.9624993444e+00\n  165    0 1.0000000000 -8.9119372301e+00 -8.9392591074e+00\n  166    0 1.0000000000 -8.8871496023e+00 -8.9164408295e+00\n  167    0 1.0000000000 -8.8620672701e+00 -8.8940674869e+00\n  168    0 1.0000000000 -8.8366933952e+00 -8.8721616076e+00\n  169    0 1.0000000000 -8.8110311636e+00 -8.8507452489e+00\n  170    0 1.0000000000 -8.7850837845e+00 -8.8298399754e+00\n  171    0 1.0000000000 -8.7588544896e+00 -8.8094668368e+00\n  172    0 1.0000000000 -8.7323465323e+00 -8.7896463473e+00\n  173    0 1.0000000000 -8.7055631865e+00 -8.7703984642e+00\n  174    0 1.0000000000 -8.6785077465e+00 -8.7517425687e+00\n  175    0 1.0000000000 -8.6511835255e+00 -8.7336974456e+00\n  176    0 1.0000000000 -8.6235938553e+00 -8.7162812649e+00\n  177    0 1.0000000000 -8.5957420851e+00 -8.6995115631e+00\n  178    0 1.0000000000 -8.5676315809e+00 -8.6834052260e+00\n  179    0 1.0000000000 -8.5392657248e+00 -8.6679784712e+00\n  180    0 1.0000000000 -8.5106479142e+00 -8.6532468322e+00\n  181    0 1.0000000000 -8.4817815608e+00 -8.6392251424e+00\n  182    0 1.0000000000 -8.4526700906e+00 -8.6259275206e+00\n  183    0 1.0000000000 -8.4233169423e+00 -8.6133673564e+00\n  184    0 1.0000000000 -8.3937255678e+00 -8.6015572967e+00\n  185    0 1.0000000000 -8.3638994310e+00 -8.5905092332e+00\n  186    0 1.0000000000 -8.3338420080e+00 -8.5802342905e+00\n  187    0 1.0000000000 -8.3035567873e+00 -8.5707428145e+00\n  188    0 1.0000000000 -8.2730472702e+00 -8.5620443623e+00\n  189    0 1.0000000000 -8.2423169728e+00 -8.5541476926e+00\n  190    0 1.0000000000 -8.2113694297e+00 -8.5470607566e+00\n  191    0 1.0000000000 -8.1802082011e+00 -8.5407906903e+00\n  192    0 1.0000000000 -8.1488368885e+00 -8.5353438071e+00\n  193    0 1.0000000000 -8.1172591695e+00 -8.5307255915e+00\n  194    0 1.0000000000 -8.0854788856e+00 -8.5269406937e+00\n  195    0 1.0000000000 -8.0535003027e+00 -8.5239929248e+00\n  196    0 1.0000000000 -8.0213291361e+00 -8.5218852529e+00\n  197    0 1.0000000000 -7.9889793972e+00 -8.5206198002e+00\n  198    0 1.0000000000 -7.9575211329e+00 -8.5201978411e+00\n  199    0 1.0000000000 -8.0216634464e+00 -8.5210417859e+00\n  200    0 1.0000000000 -8.0868261801e+00 -8.5235730878e+00\n  201    0 1.0000000000 -8.1518899816e+00 -8.5277901484e+00\n  202    0 1.0000000000 -8.2168382676e+00 -8.5336903015e+00\n  203    0 1.0000000000 -8.2816587758e+00 -8.5412698091e+00\n  204    0 1.0000000000 -8.3463398772e+00 -8.5505238564e+00\n  205    0 1.0000000000 -8.4108700395e+00 -8.5614465453e+00\n  206    0 1.0000000000 -8.4752376938e+00 -8.5740308866e+00\n  207    0 1.0000000000 -8.5394311913e+00 -8.5882687911e+00\n  208    0 1.0000000000 -8.6034387885e+00 -8.6041510587e+00\n  209    0 1.0000000000 -8.6672486412e+00 -8.6216673675e+00\n  210    0 1.0000000000 -8.7308488043e+00 -8.6408062614e+00\n  211    0 1.0000000000 -8.7942272323e+00 -8.6615551364e+00\n  212    0 1.0000000000 -8.8573717819e+00 -8.6839002266e+00\n  213    0 1.0000000000 -8.9202702144e+00 -8.7078265894e+00\n  214    0 1.0000000000 -8.9829101996e+00 -8.7333180900e+00\n  215    0 1.0000000000 -9.0452793186e+00 -8.7603573859e+00\n  216    0 1.0000000000 -9.1073650683e+00 -8.7889259105e+00\n  217    0 1.0000000000 -9.1691548650e+00 -8.8190038570e+00\n  218    0 1.0000000000 -9.2306360485e+00 -8.8505701626e+00\n  219    0 1.0000000000 -9.2917958867e+00 -8.8836024919e+00\n  220    0 1.0000000000 -9.3526215799e+00 -8.9180772220e+00\n  221    0 1.0000000000 -9.4131002654e+00 -8.9539694273e+00\n  222    0 1.0000000000 -9.4732190222e+00 -8.9912528648e+00\n  223    0 1.0000000000 -9.5329648760e+00 -9.0298999612e+00\n  224    0 1.0000000000 -9.5923248040e+00 -9.0698818003e+00\n  225    0 1.0000000000 -9.6512857402e+00 -9.1111681118e+00\n  226    0 1.0000000000 -9.7098345804e+00 -9.1537272616e+00\n  227    0 1.0000000000 -9.7679581876e+00 -9.1975262437e+00\n  228    0 1.0000000000 -9.8256433977e+00 -9.2425306737e+00\n  229    0 1.0000000000 -9.8828770247e+00 -9.2887047844e+00\n  230    0 1.0000000000 -9.9396458664e+00 -9.3360114233e+00\n  231    0 1.0000000000 -9.9959367103e+00 -9.3844120523e+00\n  232    0 1.0000000000 -1.0051736340e+01 -9.4338667501e+00\n  233    0 1.0000000000 -1.0107031539e+01 -9.4843342166e+00\n  234    0 1.0000000000 -1.0161809099e+01 -9.5357717808e+00\n  235    0 1.0000000000 -1.0216055828e+01 -9.5881354101e+00\n  236    0 1.0000000000 -1.0269758548e+01 -9.6413797245e+00\n  237    0 1.0000000000 -1.0322904113e+01 -9.6954580116e+00\n  238    0 1.0000000000 -1.0375479407e+01 -9.7503222468e+00\n  239    0 1.0000000000 -1.0427471351e+01 -9.8059231151e+00\n  240    0 1.0000000000 -1.0478866914e+01 -9.8622100371e+00\n  241    0 1.0000000000 -1.0529653116e+01 -9.9191311984e+00\n  242    0 1.0000000000 -1.0579817037e+01 -9.9766335819e+00\n  243    0 1.0000000000 -1.0629345818e+01 -1.0034663004e+01\n  244    0 1.0000000000 -1.0678226677e+01 -1.0093164154e+01\n  245    0 1.0000000000 -1.0726446908e+01 -1.0152080638e+01\n  246    0 1.0000000000 -1.0773993889e+01 -1.0211355023e+01\n  247    0 1.0000000000 -1.0820855094e+01 -1.0270928892e+01\n  248    0 1.0000000000 -1.0867018091e+01 -1.0330742894e+01\n  249    0 1.0000000000 -1.0912470559e+01 -1.0390736799e+01\n  250    0 1.0000000000 -1.0957200286e+01 -1.0450849566e+01\n  251    0 1.0000000000 -1.1001195180e+01 -1.0511019400e+01\n  252    0 1.0000000000 -1.1044443277e+01 -1.0571183823e+01\n  253    0 1.0000000000 -1.1086932745e+01 -1.0631279743e+01\n  254    0 1.0000000000 -1.1128651891e+01 -1.0691243528e+01\n  255    0 1.0000000000 -1.1169589171e+01 -1.0751011084e+01\n  256    0 1.0000000000 -1.1209733193e+01 -1.0810517931e+01\n  257    0 1.0000000000 -1.1249072725e+01 -1.0869699291e+01\n  258    0 1.0000000000 -1.1287596702e+01 -1.0928490166e+01\n  259    0 1.0000000000 -1.1325294234e+01 -1.0986825430e+01\n  260    0 1.0000000000 -1.1362154610e+01 -1.1044639917e+01\n  261    0 1.0000000000 -1.1398167304e+01 -1.1101868512e+01\n  262    0 1.0000000000 -1.1433321988e+01 -1.1158446247e+01\n  263    0 1.0000000000 -1.1467608527e+01 -1.1214308389e+01\n  264    0 1.0000000000 -1.1501016998e+01 -1.1269390547e+01\n  265    0 1.0000000000 -1.1533537685e+01 -1.1323628760e+01\n  266    0 1.0000000000 -1.1565161092e+01 -1.1376959601e+01\n  267    0 1.0000000000 -1.1595877949e+01 -1.1429320274e+01\n  268    0 1.0000000000 -1.1625679213e+01 -1.1480648716e+01\n  269    0 1.0000000000 -1.1654556079e+01 -1.1530883696e+01\n  270    0 1.0000000000 -1.1682499981e+01 -1.1579964913e+01\n  271    0 1.0000000000 -1.1709502602e+01 -1.1627833099e+01\n  272    0 1.0000000000 -1.1735555877e+01 -1.1674430117e+01\n  273    0 1.0000000000 -1.1760651999e+01 -1.1719699060e+01\n  274    0 1.0000000000 -1.1784783423e+01 -1.1763584348e+01\n  275    0 1.0000000000 -1.1807942871e+01 -1.1806031824e+01\n  276    0 1.0000000000 -1.1830123340e+01 -1.1846988850e+01\n  277    0 1.0000000000 -1.1851318102e+01 -1.1886404398e+01\n  278    0 1.0000000000 -1.1871520711e+01 -1.1924229142e+01\n  279    0 1.0000000000 -1.1890725009e+01 -1.1960415546e+01\n  280    0 1.0000000000 -1.1908925126e+01 -1.1994917951e+01\n  281    0 1.0000000000 -1.1926115487e+01 -1.2027692657e+01\n  282    0 1.0000000000 -1.1942290815e+01 -1.2058698001e+01\n  283    0 1.0000000000 -1.1957446133e+01 -1.2087894440e+01\n  284    0 1.0000000000 -1.1971576771e+01 -1.2115244618e+01\n  285    0 1.0000000000 -1.1984678366e+01 -1.2140713439e+01\n  286    0 1.0000000000 -1.1996746866e+01 -1.2164268131e+01\n  287    0 1.0000000000 -1.2007778533e+01 -1.2185878309e+01\n  288    0 1.0000000000 -1.2017769946e+01 -1.2205516033e+01\n  289    0 1.0000000000 -1.2026718000e+01 -1.2223155859e+01\n  290    0 1.0000000000 -1.2034619914e+01 -1.2238774888e+01\n  291    0 1.0000000000 -1.2041473229e+01 -1.2252352812e+01\n  292    0 1.0000000000 -1.2047275810e+01 -1.2263871949e+01\n  293    0 1.0000000000 -1.2052025847e+01 -1.2273317281e+01\n  294    0 1.0000000000 -1.2055721859e+01 -1.2280676481e+01\n  295    0 1.0000000000 -1.2058362692e+01 -1.2285939934e+01\n  296    0 1.0000000000 -1.2059947522e+01 -1.2289100762e+01\n  297    0 1.0000000000 -1.2060475854e+01 -1.2290154830e+01\n