SINGLE-ORBITAL NN+NNN EFFECTIVE MODEL FIT

m=7
eon=0.0
t0=1.0
l_decay=0.5
dl=1.0
pairing=./m=7/pairing.txt
microscopic_orbitals=100

E_eff(k) = eps0 + 2*t1[cos(k.u1)+cos(k.u2)] + 4*t2*cos(k.u1)*cos(k.u2)

eps0     = -1.10870667936519e+01
t1       = -2.68541373010787e-01
t2       = -8.47852891721373e-03

RMSE=1.74457660606526e-01
MAE=1.41008560500465e-01
max_abs_error=3.80690763638132e-01
optimizer_success=True
optimizer_message=Linear least-squares solution
minimum_tracking_continuity=1.0000000000
mean_tracking_continuity=1.0000000000

# k_index idx continuity target fit\n    0    0 1.0000000000 -1.2062650587e+01 -1.2195146401e+01\n    1    0 1.0000000000 -1.2062513027e+01 -1.2194858929e+01\n    2    0 1.0000000000 -1.2062100359e+01 -1.2193996800e+01\n    3    0 1.0000000000 -1.2061412615e+01 -1.2192560883e+01\n    4    0 1.0000000000 -1.2060449853e+01 -1.2190552625e+01\n    5    0 1.0000000000 -1.2059212150e+01 -1.2187974046e+01\n    6    0 1.0000000000 -1.2057699609e+01 -1.2184827744e+01\n    7    0 1.0000000000 -1.2055912351e+01 -1.2181116887e+01\n    8    0 1.0000000000 -1.2053850524e+01 -1.2176845210e+01\n    9    0 1.0000000000 -1.2051514295e+01 -1.2172017016e+01\n   10    0 1.0000000000 -1.2048903856e+01 -1.2166637166e+01\n   11    0 1.0000000000 -1.2046019417e+01 -1.2160711077e+01\n   12    0 1.0000000000 -1.2042861216e+01 -1.2154244716e+01\n   13    0 1.0000000000 -1.2039429509e+01 -1.2147244594e+01\n   14    0 1.0000000000 -1.2035724576e+01 -1.2139717759e+01\n   15    0 1.0000000000 -1.2031746717e+01 -1.2131671791e+01\n   16    0 1.0000000000 -1.2027496258e+01 -1.2123114792e+01\n   17    0 1.0000000000 -1.2022973544e+01 -1.2114055376e+01\n   18    0 1.0000000000 -1.2018178942e+01 -1.2104502667e+01\n   19    0 1.0000000000 -1.2013112841e+01 -1.2094466283e+01\n   20    0 1.0000000000 -1.2007775654e+01 -1.2083956330e+01\n   21    0 1.0000000000 -1.2002167813e+01 -1.2072983390e+01\n   22    0 1.0000000000 -1.1996289773e+01 -1.2061558513e+01\n   23    0 1.0000000000 -1.1990142011e+01 -1.2049693202e+01\n   24    0 1.0000000000 -1.1983725023e+01 -1.2037399404e+01\n   25    0 1.0000000000 -1.1977039329e+01 -1.2024689499e+01\n   26    0 1.0000000000 -1.1970085470e+01 -1.2011576284e+01\n   27    0 1.0000000000 -1.1962864007e+01 -1.1998072964e+01\n   28    0 1.0000000000 -1.1955375524e+01 -1.1984193134e+01\n   29    0 1.0000000000 -1.1947620623e+01 -1.1969950770e+01\n   30    0 1.0000000000 -1.1939599930e+01 -1.1955360215e+01\n   31    0 1.0000000000 -1.1931314089e+01 -1.1940436158e+01\n   32    0 1.0000000000 -1.1922763768e+01 -1.1925193627e+01\n   33    0 1.0000000000 -1.1913949653e+01 -1.1909647971e+01\n   34    0 1.0000000000 -1.1904872450e+01 -1.1893814841e+01\n   35    0 1.0000000000 -1.1895532888e+01 -1.1877710182e+01\n   36    0 1.0000000000 -1.1885931713e+01 -1.1861350208e+01\n   37    0 1.0000000000 -1.1876069694e+01 -1.1844751394e+01\n   38    0 1.0000000000 -1.1865947618e+01 -1.1827930452e+01\n   39    0 1.0000000000 -1.1855566291e+01 -1.1810904320e+01\n   40    0 1.0000000000 -1.1844926542e+01 -1.1793690142e+01\n   41    0 1.0000000000 -1.1834029216e+01 -1.1776305251e+01\n   42    0 1.0000000000 -1.1822875179e+01 -1.1758767152e+01\n   43    0 1.0000000000 -1.1811465315e+01 -1.1741093504e+01\n   44    0 1.0000000000 -1.1799800530e+01 -1.1723302104e+01\n   45    0 1.0000000000 -1.1787881744e+01 -1.1705410866e+01\n   46    0 1.0000000000 -1.1775709900e+01 -1.1687437804e+01\n   47    0 1.0000000000 -1.1763285958e+01 -1.1669401016e+01\n   48    0 1.0000000000 -1.1750610895e+01 -1.1651318664e+01\n   49    0 1.0000000000 -1.1737685709e+01 -1.1633208955e+01\n   50    0 1.0000000000 -1.1724511414e+01 -1.1615090124e+01\n   51    0 1.0000000000 -1.1711089042e+01 -1.1596980415e+01\n   52    0 1.0000000000 -1.1697419644e+01 -1.1578898063e+01\n   53    0 1.0000000000 -1.1683504286e+01 -1.1560861275e+01\n   54    0 1.0000000000 -1.1669344053e+01 -1.1542888214e+01\n   55    0 1.0000000000 -1.1654940049e+01 -1.1524996975e+01\n   56    0 1.0000000000 -1.1640293390e+01 -1.1507205575e+01\n   57    0 1.0000000000 -1.1625405214e+01 -1.1489531927e+01\n   58    0 1.0000000000 -1.1610276671e+01 -1.1471993828e+01\n   59    0 1.0000000000 -1.1594908932e+01 -1.1454608937e+01\n   60    0 1.0000000000 -1.1579303179e+01 -1.1437394759e+01\n   61    0 1.0000000000 -1.1563460615e+01 -1.1420368627e+01\n   62    0 1.0000000000 -1.1547382455e+01 -1.1403547685e+01\n   63    0 1.0000000000 -1.1531069931e+01 -1.1386948871e+01\n   64    0 1.0000000000 -1.1514524291e+01 -1.1370588897e+01\n   65    0 1.0000000000 -1.1497746797e+01 -1.1354484238e+01\n   66    0 1.0000000000 -1.1480738726e+01 -1.1338651109e+01\n   67    0 1.0000000000 -1.1463501371e+01 -1.1323105452e+01\n   68    0 1.0000000000 -1.1446036038e+01 -1.1307862922e+01\n   69    0 1.0000000000 -1.1428344047e+01 -1.1292938865e+01\n   70    0 1.0000000000 -1.1410426735e+01 -1.1278348309e+01\n   71    0 1.0000000000 -1.1392285449e+01 -1.1264105946e+01\n   72    0 1.0000000000 -1.1373921552e+01 -1.1250226116e+01\n   73    0 1.0000000000 -1.1355336421e+01 -1.1236722795e+01\n   74    0 1.0000000000 -1.1336531443e+01 -1.1223609580e+01\n   75    0 1.0000000000 -1.1317508021e+01 -1.1210899675e+01\n   76    0 1.0000000000 -1.1298267571e+01 -1.1198605878e+01\n   77    0 1.0000000000 -1.1278811518e+01 -1.1186740567e+01\n   78    0 1.0000000000 -1.1259141304e+01 -1.1175315689e+01\n   79    0 1.0000000000 -1.1239258379e+01 -1.1164342750e+01\n   80    0 1.0000000000 -1.1219164206e+01 -1.1153832797e+01\n   81    0 1.0000000000 -1.1198860262e+01 -1.1143796413e+01\n   82    0 1.0000000000 -1.1178348033e+01 -1.1134243703e+01\n   83    0 1.0000000000 -1.1157629016e+01 -1.1125184288e+01\n   84    0 1.0000000000 -1.1136704719e+01 -1.1116627288e+01\n   85    0 1.0000000000 -1.1115576663e+01 -1.1108581320e+01\n   86    0 1.0000000000 -1.1094246376e+01 -1.1101054486e+01\n   87    0 1.0000000000 -1.1072715399e+01 -1.1094054363e+01\n   88    0 1.0000000000 -1.1050985281e+01 -1.1087588002e+01\n   89    0 1.0000000000 -1.1029057583e+01 -1.1081661913e+01\n   90    0 1.0000000000 -1.1006933872e+01 -1.1076282063e+01\n   91    0 1.0000000000 -1.0984615728e+01 -1.1071453869e+01\n   92    0 1.0000000000 -1.0962104738e+01 -1.1067182193e+01\n   93    0 1.0000000000 -1.0939402499e+01 -1.1063471335e+01\n   94    0 1.0000000000 -1.0916510614e+01 -1.1060325033e+01\n   95    0 1.0000000000 -1.0893430697e+01 -1.1057746455e+01\n   96    0 1.0000000000 -1.0870164369e+01 -1.1055738196e+01\n   97    0 1.0000000000 -1.0846713259e+01 -1.1054302279e+01\n   98    0 1.0000000000 -1.0823079005e+01 -1.1053440151e+01\n   99    0 1.0000000000 -1.0799266310e+01 -1.1053152678e+01\n  100    0 1.0000000000 -1.0799145499e+01 -1.1052899354e+01\n  101    0 1.0000000000 -1.0798783076e+01 -1.1052139637e+01\n  102    0 1.0000000000 -1.0798179068e+01 -1.1050874291e+01\n  103    0 1.0000000000 -1.0797333523e+01 -1.1049104592e+01\n  104    0 1.0000000000 -1.0796246508e+01 -1.1046832321e+01\n  105    0 1.0000000000 -1.0794918106e+01 -1.1044059765e+01\n  106    0 1.0000000000 -1.0793348421e+01 -1.1040789718e+01\n  107    0 1.0000000000 -1.0791537577e+01 -1.1037025470e+01\n  108    0 1.0000000000 -1.0789485713e+01 -1.1032770813e+01\n  109    0 1.0000000000 -1.0787192991e+01 -1.1028030031e+01\n  110    0 1.0000000000 -1.0784659588e+01 -1.1022807897e+01\n  111    0 1.0000000000 -1.0781885703e+01 -1.1017109669e+01\n  112    0 1.0000000000 -1.0778871551e+01 -1.1010941085e+01\n  113    0 1.0000000000 -1.0775617367e+01 -1.1004308357e+01\n  114    0 1.0000000000 -1.0772123404e+01 -1.0997218163e+01\n  115    0 1.0000000000 -1.0768389934e+01 -1.0989677642e+01\n  116    0 1.0000000000 -1.0764417248e+01 -1.0981694387e+01\n  117    0 1.0000000000 -1.0760205653e+01 -1.0973276436e+01\n  118    0 1.0000000000 -1.0755755479e+01 -1.0964432265e+01\n  119    0 1.0000000000 -1.0751067069e+01 -1.0955170780e+01\n  120    0 1.0000000000 -1.0746140787e+01 -1.0945501307e+01\n  121    0 1.0000000000 -1.0740977017e+01 -1.0935433581e+01\n  122    0 1.0000000000 -1.0735576156e+01 -1.0924977740e+01\n  123    0 1.0000000000 -1.0729938625e+01 -1.0914144312e+01\n  124    0 1.0000000000 -1.0724064859e+01 -1.0902944206e+01\n  125    0 1.0000000000 -1.0717955312e+01 -1.0891388699e+01\n  126    0 1.0000000000 -1.0711610456e+01 -1.0879489426e+01\n  127    0 1.0000000000 -1.0705030781e+01 -1.0867258369e+01\n  128    0 1.0000000000 -1.0698216795e+01 -1.0854707844e+01\n  129    0 1.0000000000 -1.0691169022e+01 -1.0841850488e+01\n  130    0 1.0000000000 -1.0683888005e+01 -1.0828699247e+01\n  131    0 1.0000000000 -1.0676374303e+01 -1.0815267364e+01\n  132    0 1.0000000000 -1.0668628495e+01 -1.0801568363e+01\n  133    0 1.0000000000 -1.0660651175e+01 -1.0787616037e+01\n  134    0 1.0000000000 -1.0652442953e+01 -1.0773424437e+01\n  135    0 1.0000000000 -1.0644004460e+01 -1.0759007851e+01\n  136    0 1.0000000000 -1.0635336340e+01 -1.0744380795e+01\n  137    0 1.0000000000 -1.0626439256e+01 -1.0729557999e+01\n  138    0 1.0000000000 -1.0617313887e+01 -1.0714554387e+01\n  139    0 1.0000000000 -1.0607960929e+01 -1.0699385066e+01\n  140    0 1.0000000000 -1.0598381093e+01 -1.0684065311e+01\n  141    0 1.0000000000 -1.0588575108e+01 -1.0668610548e+01\n  142    0 1.0000000000 -1.0578543718e+01 -1.0653036338e+01\n  143    0 1.0000000000 -1.0568287685e+01 -1.0637358363e+01\n  144    0 1.0000000000 -1.0557807785e+01 -1.0621592410e+01\n  145    0 1.0000000000 -1.0547104811e+01 -1.0605754353e+01\n  146    0 1.0000000000 -1.0536179570e+01 -1.0589860140e+01\n  147    0 1.0000000000 -1.0525032887e+01 -1.0573925775e+01\n  148    0 1.0000000000 -1.0513665600e+01 -1.0557967303e+01\n  149    0 1.0000000000 -1.0502078565e+01 -1.0542000792e+01\n  150    0 1.0000000000 -1.0490272651e+01 -1.0526042320e+01\n  151    0 1.0000000000 -1.0478248743e+01 -1.0510107955e+01\n  152    0 1.0000000000 -1.0466007740e+01 -1.0494213742e+01\n  153    0 1.0000000000 -1.0453550556e+01 -1.0478375685e+01\n  154    0 1.0000000000 -1.0440878121e+01 -1.0462609732e+01\n  155    0 1.0000000000 -1.0427991377e+01 -1.0446931757e+01\n  156    0 1.0000000000 -1.0414891282e+01 -1.0431357547e+01\n  157    0 1.0000000000 -1.0401578808e+01 -1.0415902784e+01\n  158    0 1.0000000000 -1.0388054940e+01 -1.0400583029e+01\n  159    0 1.0000000000 -1.0374320678e+01 -1.0385413708e+01\n  160    0 1.0000000000 -1.0360377034e+01 -1.0370410096e+01\n  161    0 1.0000000000 -1.0346225035e+01 -1.0355587300e+01\n  162    0 1.0000000000 -1.0331865722e+01 -1.0340960245e+01\n  163    0 1.0000000000 -1.0317300145e+01 -1.0326543658e+01\n  164    0 1.0000000000 -1.0302529373e+01 -1.0312352058e+01\n  165    0 1.0000000000 -1.0287554482e+01 -1.0298399732e+01\n  166    0 1.0000000000 -1.0272376566e+01 -1.0284700731e+01\n  167    0 1.0000000000 -1.0256996726e+01 -1.0271268848e+01\n  168    0 1.0000000000 -1.0241416080e+01 -1.0258117607e+01\n  169    0 1.0000000000 -1.0225635756e+01 -1.0245260251e+01\n  170    0 1.0000000000 -1.0209656893e+01 -1.0232709726e+01\n  171    0 1.0000000000 -1.0193480644e+01 -1.0220478669e+01\n  172    0 1.0000000000 -1.0177108172e+01 -1.0208579396e+01\n  173    0 1.0000000000 -1.0160540653e+01 -1.0197023889e+01\n  174    0 1.0000000000 -1.0143779271e+01 -1.0185823783e+01\n  175    0 1.0000000000 -1.0126825226e+01 -1.0174990355e+01\n  176    0 1.0000000000 -1.0109679724e+01 -1.0164534514e+01\n  177    0 1.0000000000 -1.0092343985e+01 -1.0154466789e+01\n  178    0 1.0000000000 -1.0074819238e+01 -1.0144797315e+01\n  179    0 1.0000000000 -1.0057106724e+01 -1.0135535830e+01\n  180    0 1.0000000000 -1.0039207692e+01 -1.0126691660e+01\n  181    0 1.0000000000 -1.0021123402e+01 -1.0118273709e+01\n  182    0 1.0000000000 -1.0002855126e+01 -1.0110290453e+01\n  183    0 1.0000000000 -9.9844041425e+00 -1.0102749932e+01\n  184    0 1.0000000000 -9.9657717425e+00 -1.0095659738e+01\n  185    0 1.0000000000 -9.9469592257e+00 -1.0089027010e+01\n  186    0 1.0000000000 -9.9279679019e+00 -1.0082858426e+01\n  187    0 1.0000000000 -9.9087990913e+00 -1.0077160199e+01\n  188    0 1.0000000000 -9.8894541245e+00 -1.0071938065e+01\n  189    0 1.0000000000 -9.8699343442e+00 -1.0067197282e+01\n  190    0 1.0000000000 -9.8502411066e+00 -1.0062942625e+01\n  191    0 1.0000000000 -9.8303757852e+00 -1.0059178378e+01\n  192    0 1.0000000000 -9.8103397784e+00 -1.0055908330e+01\n  193    0 1.0000000000 -9.7901345267e+00 -1.0053135774e+01\n  194    0 1.0000000000 -9.7697615550e+00 -1.0050863503e+01\n  195    0 1.0000000000 -9.7492226011e+00 -1.0049093804e+01\n  196    0 1.0000000000 -9.7285201292e+00 -1.0047828459e+01\n  197    0 1.0000000000 -9.7076609232e+00 -1.0047068741e+01\n  198    0 1.0000000000 -9.6875618501e+00 -1.0046815417e+01\n  199    0 1.0000000000 -9.7287314662e+00 -1.0047322074e+01\n  200    0 1.0000000000 -9.7706191114e+00 -1.0048841637e+01\n  201    0 1.0000000000 -9.8122819148e+00 -1.0051372886e+01\n  202    0 1.0000000000 -9.8537122488e+00 -1.0054913784e+01\n  203    0 1.0000000000 -9.8949046286e+00 -1.0059461483e+01\n  204    0 1.0000000000 -9.9358539233e+00 -1.0065012318e+01\n  205    0 1.0000000000 -9.9765551018e+00 -1.0071561812e+01\n  206    0 1.0000000000 -1.0017003170e+01 -1.0079104673e+01\n  207    0 1.0000000000 -1.0057193149e+01 -1.0087634794e+01\n  208    0 1.0000000000 -1.0097120071e+01 -1.0097145256e+01\n  209    0 1.0000000000 -1.0136778973e+01 -1.0107628325e+01\n  210    0 1.0000000000 -1.0176164900e+01 -1.0119075454e+01\n  211    0 1.0000000000 -1.0215272900e+01 -1.0131477283e+01\n  212    0 1.0000000000 -1.0254098030e+01 -1.0144823640e+01\n  213    0 1.0000000000 -1.0292635354e+01 -1.0159103543e+01\n  214    0 1.0000000000 -1.0330879944e+01 -1.0174305198e+01\n  215    0 1.0000000000 -1.0368826880e+01 -1.0190416004e+01\n  216    0 1.0000000000 -1.0406471256e+01 -1.0207422553e+01\n  217    0 1.0000000000 -1.0443808176e+01 -1.0225310631e+01\n  218    0 1.0000000000 -1.0480832756e+01 -1.0244065225e+01\n  219    0 1.0000000000 -1.0517540129e+01 -1.0263670520e+01\n  220    0 1.0000000000 -1.0553925442e+01 -1.0284109908e+01\n  221    0 1.0000000000 -1.0589983859e+01 -1.0305365987e+01\n  222    0 1.0000000000 -1.0625710563e+01 -1.0327420572e+01\n  223    0 1.0000000000 -1.0661100755e+01 -1.0350254694e+01\n  224    0 1.0000000000 -1.0696149658e+01 -1.0373848609e+01\n  225    0 1.0000000000 -1.0730852517e+01 -1.0398181808e+01\n  226    0 1.0000000000 -1.0765204601e+01 -1.0423233017e+01\n  227    0 1.0000000000 -1.0799201202e+01 -1.0448980212e+01\n  228    0 1.0000000000 -1.0832837641e+01 -1.0475400625e+01\n  229    0 1.0000000000 -1.0866109263e+01 -1.0502470757e+01\n  230    0 1.0000000000 -1.0899011444e+01 -1.0530166384e+01\n  231    0 1.0000000000 -1.0931539590e+01 -1.0558462577e+01\n  232    0 1.0000000000 -1.0963689138e+01 -1.0587333706e+01\n  233    0 1.0000000000 -1.0995455557e+01 -1.0616753462e+01\n  234    0 1.0000000000 -1.1026834352e+01 -1.0646694868e+01\n  235    0 1.0000000000 -1.1057821063e+01 -1.0677130299e+01\n  236    0 1.0000000000 -1.1088411265e+01 -1.0708031495e+01\n  237    0 1.0000000000 -1.1118600573e+01 -1.0739369584e+01\n  238    0 1.0000000000 -1.1148384641e+01 -1.0771115099e+01\n  239    0 1.0000000000 -1.1177759163e+01 -1.0803238002e+01\n  240    0 1.0000000000 -1.1206719877e+01 -1.0835707704e+01\n  241    0 1.0000000000 -1.1235262563e+01 -1.0868493092e+01\n  242    0 1.0000000000 -1.1263383046e+01 -1.0901562549e+01\n  243    0 1.0000000000 -1.1291077197e+01 -1.0934883985e+01\n  244    0 1.0000000000 -1.1318340934e+01 -1.0968424863e+01\n  245    0 1.0000000000 -1.1345170226e+01 -1.1002152224e+01\n  246    0 1.0000000000 -1.1371561089e+01 -1.1036032724e+01\n  247    0 1.0000000000 -1.1397509591e+01 -1.1070032660e+01\n  248    0 1.0000000000 -1.1423011854e+01 -1.1104118002e+01\n  249    0 1.0000000000 -1.1448064051e+01 -1.1138254429e+01\n  250    0 1.0000000000 -1.1472662414e+01 -1.1172407362e+01\n  251    0 1.0000000000 -1.1496803227e+01 -1.1206542002e+01\n  252    0 1.0000000000 -1.1520482834e+01 -1.1240623362e+01\n  253    0 1.0000000000 -1.1543697636e+01 -1.1274616310e+01\n  254    0 1.0000000000 -1.1566444097e+01 -1.1308485603e+01\n  255    0 1.0000000000 -1.1588718737e+01 -1.1342195930e+01\n  256    0 1.0000000000 -1.1610518143e+01 -1.1375711952e+01\n  257    0 1.0000000000 -1.1631838963e+01 -1.1408998341e+01\n  258    0 1.0000000000 -1.1652677910e+01 -1.1442019823e+01\n  259    0 1.0000000000 -1.1673031761e+01 -1.1474741223e+01\n  260    0 1.0000000000 -1.1692897362e+01 -1.1507127503e+01\n  261    0 1.0000000000 -1.1712271626e+01 -1.1539143812e+01\n  262    0 1.0000000000 -1.1731151534e+01 -1.1570755524e+01\n  263    0 1.0000000000 -1.1749534137e+01 -1.1601928288e+01\n  264    0 1.0000000000 -1.1767416558e+01 -1.1632628069e+01\n  265    0 1.0000000000 -1.1784795991e+01 -1.1662821192e+01\n  266    0 1.0000000000 -1.1801669703e+01 -1.1692474393e+01\n  267    0 1.0000000000 -1.1818035035e+01 -1.1721554857e+01\n  268    0 1.0000000000 -1.1833889401e+01 -1.1750030267e+01\n  269    0 1.0000000000 -1.1849230293e+01 -1.1777868849e+01\n  270    0 1.0000000000 -1.1864055278e+01 -1.1805039413e+01\n  271    0 1.0000000000 -1.1878362001e+01 -1.1831511401e+01\n  272    0 1.0000000000 -1.1892148185e+01 -1.1857254929e+01\n  273    0 1.0000000000 -1.1905411631e+01 -1.1882240830e+01\n  274    0 1.0000000000 -1.1918150223e+01 -1.1906440696e+01\n  275    0 1.0000000000 -1.1930361921e+01 -1.1929826920e+01\n  276    0 1.0000000000 -1.1942044770e+01 -1.1952372739e+01\n  277    0 1.0000000000 -1.1953196894e+01 -1.1974052270e+01\n  278    0 1.0000000000 -1.1963816502e+01 -1.1994840552e+01\n  279    0 1.0000000000 -1.1973901885e+01 -1.2014713583e+01\n  280    0 1.0000000000 -1.1983451419e+01 -1.2033648355e+01\n  281    0 1.0000000000 -1.1992463562e+01 -1.2051622890e+01\n  282    0 1.0000000000 -1.2000936859e+01 -1.2068616277e+01\n  283    0 1.0000000000 -1.2008869941e+01 -1.2084608699e+01\n  284    0 1.0000000000 -1.2016261523e+01 -1.2099581467e+01\n  285    0 1.0000000000 -1.2023110409e+01 -1.2113517049e+01\n  286    0 1.0000000000 -1.2029415488e+01 -1.2126399098e+01\n  287    0 1.0000000000 -1.2035175737e+01 -1.2138212475e+01\n  288    0 1.0000000000 -1.2040390220e+01 -1.2148943278e+01\n  289    0 1.0000000000 -1.2045058090e+01 -1.2158578859e+01\n  290    0 1.0000000000 -1.2049178589e+01 -1.2167107846e+01\n  291    0 1.0000000000 -1.2052751045e+01 -1.2174520162e+01\n  292    0 1.0000000000 -1.2055774878e+01 -1.2180807042e+01\n  293    0 1.0000000000 -1.2058249596e+01 -1.2185961043e+01\n  294    0 1.0000000000 -1.2060174794e+01 -1.2189976061e+01\n  295    0 1.0000000000 -1.2061550160e+01 -1.2192847336e+01\n  296    0 1.0000000000 -1.2062375469e+01 -1.2194571465e+01\n  297    0 1.0000000000 -1.2062650587e+01 -1.2195146401e+01\n