SINGLE-ORBITAL NN+NNN EFFECTIVE MODEL FIT

m=3
eon=0.0
t0=1.0
l_decay=0.1
dl=0.1
pairing=./m=3/pairing.txt
microscopic_orbitals=20

E_eff(k) = eps0 + 2*t1[cos(k.u1)+cos(k.u2)] + 4*t2*cos(k.u1)*cos(k.u2)

eps0     = -8.10308587111558e+03
t1       = -1.99565333314755e-05
t2       = -7.79169397340983e-06

RMSE=1.29338243493169e-05
MAE=1.11795560794095e-05
max_abs_error=2.34274621107033e-05
optimizer_success=True
optimizer_message=Linear least-squares solution
minimum_tracking_continuity=1.0000000000
mean_tracking_continuity=1.0000000000

# k_index idx continuity target fit\n    0    0 1.0000000000 -8.1030859684e+03 -8.1030859821e+03\n    1    0 1.0000000000 -8.1030859684e+03 -8.1030859821e+03\n    2    0 1.0000000000 -8.1030859683e+03 -8.1030859820e+03\n    3    0 1.0000000000 -8.1030859682e+03 -8.1030859818e+03\n    4    0 1.0000000000 -8.1030859681e+03 -8.1030859815e+03\n    5    0 1.0000000000 -8.1030859679e+03 -8.1030859812e+03\n    6    0 1.0000000000 -8.1030859677e+03 -8.1030859808e+03\n    7    0 1.0000000000 -8.1030859675e+03 -8.1030859804e+03\n    8    0 1.0000000000 -8.1030859672e+03 -8.1030859798e+03\n    9    0 1.0000000000 -8.1030859669e+03 -8.1030859792e+03\n   10    0 1.0000000000 -8.1030859665e+03 -8.1030859786e+03\n   11    0 1.0000000000 -8.1030859661e+03 -8.1030859778e+03\n   12    0 1.0000000000 -8.1030859657e+03 -8.1030859770e+03\n   13    0 1.0000000000 -8.1030859652e+03 -8.1030859761e+03\n   14    0 1.0000000000 -8.1030859647e+03 -8.1030859752e+03\n   15    0 1.0000000000 -8.1030859642e+03 -8.1030859742e+03\n   16    0 1.0000000000 -8.1030859636e+03 -8.1030859731e+03\n   17    0 1.0000000000 -8.1030859630e+03 -8.1030859720e+03\n   18    0 1.0000000000 -8.1030859624e+03 -8.1030859708e+03\n   19    0 1.0000000000 -8.1030859617e+03 -8.1030859696e+03\n   20    0 1.0000000000 -8.1030859610e+03 -8.1030859683e+03\n   21    0 1.0000000000 -8.1030859602e+03 -8.1030859669e+03\n   22    0 1.0000000000 -8.1030859594e+03 -8.1030859655e+03\n   23    0 1.0000000000 -8.1030859586e+03 -8.1030859640e+03\n   24    0 1.0000000000 -8.1030859578e+03 -8.1030859625e+03\n   25    0 1.0000000000 -8.1030859569e+03 -8.1030859609e+03\n   26    0 1.0000000000 -8.1030859559e+03 -8.1030859593e+03\n   27    0 1.0000000000 -8.1030859550e+03 -8.1030859576e+03\n   28    0 1.0000000000 -8.1030859540e+03 -8.1030859558e+03\n   29    0 1.0000000000 -8.1030859530e+03 -8.1030859541e+03\n   30    0 1.0000000000 -8.1030859519e+03 -8.1030859523e+03\n   31    0 1.0000000000 -8.1030859508e+03 -8.1030859504e+03\n   32    0 1.0000000000 -8.1030859497e+03 -8.1030859485e+03\n   33    0 1.0000000000 -8.1030859485e+03 -8.1030859466e+03\n   34    0 1.0000000000 -8.1030859473e+03 -8.1030859446e+03\n   35    0 1.0000000000 -8.1030859461e+03 -8.1030859426e+03\n   36    0 1.0000000000 -8.1030859449e+03 -8.1030859406e+03\n   37    0 1.0000000000 -8.1030859436e+03 -8.1030859385e+03\n   38    0 1.0000000000 -8.1030859422e+03 -8.1030859364e+03\n   39    0 1.0000000000 -8.1030859409e+03 -8.1030859343e+03\n   40    0 1.0000000000 -8.1030859395e+03 -8.1030859321e+03\n   41    0 1.0000000000 -8.1030859381e+03 -8.1030859300e+03\n   42    0 1.0000000000 -8.1030859367e+03 -8.1030859278e+03\n   43    0 1.0000000000 -8.1030859352e+03 -8.1030859256e+03\n   44    0 1.0000000000 -8.1030859337e+03 -8.1030859234e+03\n   45    0 1.0000000000 -8.1030859322e+03 -8.1030859211e+03\n   46    0 1.0000000000 -8.1030859306e+03 -8.1030859189e+03\n   47    0 1.0000000000 -8.1030859291e+03 -8.1030859167e+03\n   48    0 1.0000000000 -8.1030859274e+03 -8.1030859144e+03\n   49    0 1.0000000000 -8.1030859258e+03 -8.1030859122e+03\n   50    0 1.0000000000 -8.1030859241e+03 -8.1030859099e+03\n   51    0 1.0000000000 -8.1030859225e+03 -8.1030859076e+03\n   52    0 1.0000000000 -8.1030859207e+03 -8.1030859054e+03\n   53    0 1.0000000000 -8.1030859190e+03 -8.1030859032e+03\n   54    0 1.0000000000 -8.1030859172e+03 -8.1030859009e+03\n   55    0 1.0000000000 -8.1030859155e+03 -8.1030858987e+03\n   56    0 1.0000000000 -8.1030859136e+03 -8.1030858965e+03\n   57    0 1.0000000000 -8.1030859118e+03 -8.1030858943e+03\n   58    0 1.0000000000 -8.1030859099e+03 -8.1030858921e+03\n   59    0 1.0000000000 -8.1030859081e+03 -8.1030858899e+03\n   60    0 1.0000000000 -8.1030859062e+03 -8.1030858878e+03\n   61    0 1.0000000000 -8.1030859042e+03 -8.1030858857e+03\n   62    0 1.0000000000 -8.1030859023e+03 -8.1030858836e+03\n   63    0 1.0000000000 -8.1030859003e+03 -8.1030858815e+03\n   64    0 1.0000000000 -8.1030858983e+03 -8.1030858795e+03\n   65    0 1.0000000000 -8.1030858963e+03 -8.1030858775e+03\n   66    0 1.0000000000 -8.1030858943e+03 -8.1030858755e+03\n   67    0 1.0000000000 -8.1030858923e+03 -8.1030858736e+03\n   68    0 1.0000000000 -8.1030858902e+03 -8.1030858717e+03\n   69    0 1.0000000000 -8.1030858881e+03 -8.1030858698e+03\n   70    0 1.0000000000 -8.1030858860e+03 -8.1030858680e+03\n   71    0 1.0000000000 -8.1030858839e+03 -8.1030858662e+03\n   72    0 1.0000000000 -8.1030858818e+03 -8.1030858645e+03\n   73    0 1.0000000000 -8.1030858796e+03 -8.1030858628e+03\n   74    0 1.0000000000 -8.1030858775e+03 -8.1030858612e+03\n   75    0 1.0000000000 -8.1030858753e+03 -8.1030858596e+03\n   76    0 1.0000000000 -8.1030858731e+03 -8.1030858581e+03\n   77    0 1.0000000000 -8.1030858709e+03 -8.1030858566e+03\n   78    0 1.0000000000 -8.1030858687e+03 -8.1030858552e+03\n   79    0 1.0000000000 -8.1030858665e+03 -8.1030858538e+03\n   80    0 1.0000000000 -8.1030858642e+03 -8.1030858525e+03\n   81    0 1.0000000000 -8.1030858620e+03 -8.1030858512e+03\n   82    0 1.0000000000 -8.1030858597e+03 -8.1030858500e+03\n   83    0 1.0000000000 -8.1030858575e+03 -8.1030858489e+03\n   84    0 1.0000000000 -8.1030858552e+03 -8.1030858479e+03\n   85    0 1.0000000000 -8.1030858529e+03 -8.1030858468e+03\n   86    0 1.0000000000 -8.1030858506e+03 -8.1030858459e+03\n   87    0 1.0000000000 -8.1030858483e+03 -8.1030858450e+03\n   88    0 1.0000000000 -8.1030858460e+03 -8.1030858442e+03\n   89    0 1.0000000000 -8.1030858437e+03 -8.1030858435e+03\n   90    0 1.0000000000 -8.1030858413e+03 -8.1030858428e+03\n   91    0 1.0000000000 -8.1030858390e+03 -8.1030858422e+03\n   92    0 1.0000000000 -8.1030858367e+03 -8.1030858417e+03\n   93    0 1.0000000000 -8.1030858344e+03 -8.1030858412e+03\n   94    0 1.0000000000 -8.1030858320e+03 -8.1030858408e+03\n   95    0 1.0000000000 -8.1030858297e+03 -8.1030858405e+03\n   96    0 1.0000000000 -8.1030858273e+03 -8.1030858403e+03\n   97    0 1.0000000000 -8.1030858250e+03 -8.1030858401e+03\n   98    0 1.0000000000 -8.1030858226e+03 -8.1030858400e+03\n   99    0 1.0000000000 -8.1030858203e+03 -8.1030858399e+03\n  100    0 1.0000000000 -8.1030858203e+03 -8.1030858399e+03\n  101    0 1.0000000000 -8.1030858203e+03 -8.1030858399e+03\n  102    0 1.0000000000 -8.1030858203e+03 -8.1030858399e+03\n  103    0 1.0000000000 -8.1030858203e+03 -8.1030858399e+03\n  104    0 1.0000000000 -8.1030858203e+03 -8.1030858398e+03\n  105    0 1.0000000000 -8.1030858203e+03 -8.1030858398e+03\n  106    0 1.0000000000 -8.1030858203e+03 -8.1030858397e+03\n  107    0 1.0000000000 -8.1030858203e+03 -8.1030858397e+03\n  108    0 1.0000000000 -8.1030858203e+03 -8.1030858396e+03\n  109    0 1.0000000000 -8.1030858203e+03 -8.1030858395e+03\n  110    0 1.0000000000 -8.1030858203e+03 -8.1030858394e+03\n  111    0 1.0000000000 -8.1030858203e+03 -8.1030858393e+03\n  112    0 1.0000000000 -8.1030858203e+03 -8.1030858392e+03\n  113    0 1.0000000000 -8.1030858203e+03 -8.1030858391e+03\n  114    0 1.0000000000 -8.1030858203e+03 -8.1030858390e+03\n  115    0 1.0000000000 -8.1030858203e+03 -8.1030858388e+03\n  116    0 1.0000000000 -8.1030858203e+03 -8.1030858387e+03\n  117    0 1.0000000000 -8.1030858203e+03 -8.1030858386e+03\n  118    0 1.0000000000 -8.1030858203e+03 -8.1030858384e+03\n  119    0 1.0000000000 -8.1030858203e+03 -8.1030858382e+03\n  120    0 1.0000000000 -8.1030858203e+03 -8.1030858381e+03\n  121    0 1.0000000000 -8.1030858203e+03 -8.1030858379e+03\n  122    0 1.0000000000 -8.1030858203e+03 -8.1030858377e+03\n  123    0 1.0000000000 -8.1030858203e+03 -8.1030858375e+03\n  124    0 1.0000000000 -8.1030858203e+03 -8.1030858373e+03\n  125    0 1.0000000000 -8.1030858203e+03 -8.1030858371e+03\n  126    0 1.0000000000 -8.1030858203e+03 -8.1030858369e+03\n  127    0 1.0000000000 -8.1030858203e+03 -8.1030858367e+03\n  128    0 1.0000000000 -8.1030858203e+03 -8.1030858365e+03\n  129    0 1.0000000000 -8.1030858203e+03 -8.1030858363e+03\n  130    0 1.0000000000 -8.1030858203e+03 -8.1030858360e+03\n  131    0 1.0000000000 -8.1030858203e+03 -8.1030858358e+03\n  132    0 1.0000000000 -8.1030858203e+03 -8.1030858356e+03\n  133    0 1.0000000000 -8.1030858203e+03 -8.1030858353e+03\n  134    0 1.0000000000 -8.1030858203e+03 -8.1030858351e+03\n  135    0 1.0000000000 -8.1030858203e+03 -8.1030858348e+03\n  136    0 1.0000000000 -8.1030858203e+03 -8.1030858346e+03\n  137    0 1.0000000000 -8.1030858203e+03 -8.1030858343e+03\n  138    0 1.0000000000 -8.1030858203e+03 -8.1030858341e+03\n  139    0 1.0000000000 -8.1030858203e+03 -8.1030858338e+03\n  140    0 1.0000000000 -8.1030858203e+03 -8.1030858335e+03\n  141    0 1.0000000000 -8.1030858203e+03 -8.1030858333e+03\n  142    0 1.0000000000 -8.1030858202e+03 -8.1030858330e+03\n  143    0 1.0000000000 -8.1030858202e+03 -8.1030858327e+03\n  144    0 1.0000000000 -8.1030858202e+03 -8.1030858324e+03\n  145    0 1.0000000000 -8.1030858202e+03 -8.1030858322e+03\n  146    0 1.0000000000 -8.1030858202e+03 -8.1030858319e+03\n  147    0 1.0000000000 -8.1030858202e+03 -8.1030858316e+03\n  148    0 1.0000000000 -8.1030858202e+03 -8.1030858313e+03\n  149    0 1.0000000000 -8.1030858202e+03 -8.1030858311e+03\n  150    0 1.0000000000 -8.1030858202e+03 -8.1030858308e+03\n  151    0 1.0000000000 -8.1030858202e+03 -8.1030858305e+03\n  152    0 1.0000000000 -8.1030858202e+03 -8.1030858302e+03\n  153    0 1.0000000000 -8.1030858202e+03 -8.1030858300e+03\n  154    0 1.0000000000 -8.1030858202e+03 -8.1030858297e+03\n  155    0 1.0000000000 -8.1030858202e+03 -8.1030858294e+03\n  156    0 1.0000000000 -8.1030858202e+03 -8.1030858291e+03\n  157    0 1.0000000000 -8.1030858202e+03 -8.1030858289e+03\n  158    0 1.0000000000 -8.1030858202e+03 -8.1030858286e+03\n  159    0 1.0000000000 -8.1030858202e+03 -8.1030858283e+03\n  160    0 1.0000000000 -8.1030858202e+03 -8.1030858281e+03\n  161    0 1.0000000000 -8.1030858202e+03 -8.1030858278e+03\n  162    0 1.0000000000 -8.1030858202e+03 -8.1030858276e+03\n  163    0 1.0000000000 -8.1030858202e+03 -8.1030858273e+03\n  164    0 1.0000000000 -8.1030858202e+03 -8.1030858271e+03\n  165    0 1.0000000000 -8.1030858202e+03 -8.1030858268e+03\n  166    0 1.0000000000 -8.1030858202e+03 -8.1030858266e+03\n  167    0 1.0000000000 -8.1030858202e+03 -8.1030858264e+03\n  168    0 1.0000000000 -8.1030858202e+03 -8.1030858261e+03\n  169    0 1.0000000000 -8.1030858202e+03 -8.1030858259e+03\n  170    0 1.0000000000 -8.1030858202e+03 -8.1030858257e+03\n  171    0 1.0000000000 -8.1030858202e+03 -8.1030858255e+03\n  172    0 1.0000000000 -8.1030858202e+03 -8.1030858253e+03\n  173    0 1.0000000000 -8.1030858202e+03 -8.1030858251e+03\n  174    0 1.0000000000 -8.1030858202e+03 -8.1030858249e+03\n  175    0 1.0000000000 -8.1030858202e+03 -8.1030858247e+03\n  176    0 1.0000000000 -8.1030858202e+03 -8.1030858245e+03\n  177    0 1.0000000000 -8.1030858202e+03 -8.1030858243e+03\n  178    0 1.0000000000 -8.1030858202e+03 -8.1030858242e+03\n  179    0 1.0000000000 -8.1030858202e+03 -8.1030858240e+03\n  180    0 1.0000000000 -8.1030858202e+03 -8.1030858238e+03\n  181    0 1.0000000000 -8.1030858202e+03 -8.1030858237e+03\n  182    0 1.0000000000 -8.1030858202e+03 -8.1030858236e+03\n  183    0 1.0000000000 -8.1030858202e+03 -8.1030858234e+03\n  184    0 1.0000000000 -8.1030858202e+03 -8.1030858233e+03\n  185    0 1.0000000000 -8.1030858202e+03 -8.1030858232e+03\n  186    0 1.0000000000 -8.1030858202e+03 -8.1030858231e+03\n  187    0 1.0000000000 -8.1030858202e+03 -8.1030858230e+03\n  188    0 1.0000000000 -8.1030858202e+03 -8.1030858229e+03\n  189    0 1.0000000000 -8.1030858202e+03 -8.1030858228e+03\n  190    0 1.0000000000 -8.1030858202e+03 -8.1030858227e+03\n  191    0 1.0000000000 -8.1030858202e+03 -8.1030858227e+03\n  192    0 1.0000000000 -8.1030858202e+03 -8.1030858226e+03\n  193    0 1.0000000000 -8.1030858202e+03 -8.1030858226e+03\n  194    0 1.0000000000 -8.1030858202e+03 -8.1030858225e+03\n  195    0 1.0000000000 -8.1030858202e+03 -8.1030858225e+03\n  196    0 1.0000000000 -8.1030858202e+03 -8.1030858225e+03\n  197    0 1.0000000000 -8.1030858202e+03 -8.1030858225e+03\n  198    0 1.0000000000 -8.1030858202e+03 -8.1030858225e+03\n  199    0 1.0000000000 -8.1030858202e+03 -8.1030858225e+03\n  200    0 1.0000000000 -8.1030858203e+03 -8.1030858225e+03\n  201    0 1.0000000000 -8.1030858205e+03 -8.1030858225e+03\n  202    0 1.0000000000 -8.1030858208e+03 -8.1030858226e+03\n  203    0 1.0000000000 -8.1030858211e+03 -8.1030858227e+03\n  204    0 1.0000000000 -8.1030858215e+03 -8.1030858228e+03\n  205    0 1.0000000000 -8.1030858220e+03 -8.1030858229e+03\n  206    0 1.0000000000 -8.1030858226e+03 -8.1030858230e+03\n  207    0 1.0000000000 -8.1030858232e+03 -8.1030858232e+03\n  208    0 1.0000000000 -8.1030858239e+03 -8.1030858234e+03\n  209    0 1.0000000000 -8.1030858247e+03 -8.1030858236e+03\n  210    0 1.0000000000 -8.1030858255e+03 -8.1030858239e+03\n  211    0 1.0000000000 -8.1030858264e+03 -8.1030858241e+03\n  212    0 1.0000000000 -8.1030858274e+03 -8.1030858244e+03\n  213    0 1.0000000000 -8.1030858284e+03 -8.1030858248e+03\n  214    0 1.0000000000 -8.1030858295e+03 -8.1030858252e+03\n  215    0 1.0000000000 -8.1030858307e+03 -8.1030858256e+03\n  216    0 1.0000000000 -8.1030858320e+03 -8.1030858260e+03\n  217    0 1.0000000000 -8.1030858333e+03 -8.1030858265e+03\n  218    0 1.0000000000 -8.1030858346e+03 -8.1030858270e+03\n  219    0 1.0000000000 -8.1030858360e+03 -8.1030858276e+03\n  220    0 1.0000000000 -8.1030858375e+03 -8.1030858283e+03\n  221    0 1.0000000000 -8.1030858391e+03 -8.1030858289e+03\n  222    0 1.0000000000 -8.1030858407e+03 -8.1030858297e+03\n  223    0 1.0000000000 -8.1030858423e+03 -8.1030858305e+03\n  224    0 1.0000000000 -8.1030858440e+03 -8.1030858313e+03\n  225    0 1.0000000000 -8.1030858458e+03 -8.1030858322e+03\n  226    0 1.0000000000 -8.1030858476e+03 -8.1030858332e+03\n  227    0 1.0000000000 -8.1030858494e+03 -8.1030858342e+03\n  228    0 1.0000000000 -8.1030858513e+03 -8.1030858353e+03\n  229    0 1.0000000000 -8.1030858532e+03 -8.1030858365e+03\n  230    0 1.0000000000 -8.1030858552e+03 -8.1030858377e+03\n  231    0 1.0000000000 -8.1030858572e+03 -8.1030858390e+03\n  232    0 1.0000000000 -8.1030858593e+03 -8.1030858404e+03\n  233    0 1.0000000000 -8.1030858614e+03 -8.1030858418e+03\n  234    0 1.0000000000 -8.1030858635e+03 -8.1030858433e+03\n  235    0 1.0000000000 -8.1030858657e+03 -8.1030858449e+03\n  236    0 1.0000000000 -8.1030858678e+03 -8.1030858466e+03\n  237    0 1.0000000000 -8.1030858701e+03 -8.1030858483e+03\n  238    0 1.0000000000 -8.1030858723e+03 -8.1030858502e+03\n  239    0 1.0000000000 -8.1030858745e+03 -8.1030858521e+03\n  240    0 1.0000000000 -8.1030858768e+03 -8.1030858540e+03\n  241    0 1.0000000000 -8.1030858791e+03 -8.1030858561e+03\n  242    0 1.0000000000 -8.1030858814e+03 -8.1030858582e+03\n  243    0 1.0000000000 -8.1030858837e+03 -8.1030858604e+03\n  244    0 1.0000000000 -8.1030858861e+03 -8.1030858627e+03\n  245    0 1.0000000000 -8.1030858884e+03 -8.1030858650e+03\n  246    0 1.0000000000 -8.1030858908e+03 -8.1030858674e+03\n  247    0 1.0000000000 -8.1030858931e+03 -8.1030858699e+03\n  248    0 1.0000000000 -8.1030858955e+03 -8.1030858724e+03\n  249    0 1.0000000000 -8.1030858978e+03 -8.1030858750e+03\n  250    0 1.0000000000 -8.1030859002e+03 -8.1030858776e+03\n  251    0 1.0000000000 -8.1030859025e+03 -8.1030858803e+03\n  252    0 1.0000000000 -8.1030859048e+03 -8.1030858831e+03\n  253    0 1.0000000000 -8.1030859071e+03 -8.1030858859e+03\n  254    0 1.0000000000 -8.1030859095e+03 -8.1030858888e+03\n  255    0 1.0000000000 -8.1030859118e+03 -8.1030858917e+03\n  256    0 1.0000000000 -8.1030859140e+03 -8.1030858946e+03\n  257    0 1.0000000000 -8.1030859163e+03 -8.1030858976e+03\n  258    0 1.0000000000 -8.1030859185e+03 -8.1030859006e+03\n  259    0 1.0000000000 -8.1030859207e+03 -8.1030859036e+03\n  260    0 1.0000000000 -8.1030859229e+03 -8.1030859066e+03\n  261    0 1.0000000000 -8.1030859251e+03 -8.1030859097e+03\n  262    0 1.0000000000 -8.1030859272e+03 -8.1030859127e+03\n  263    0 1.0000000000 -8.1030859293e+03 -8.1030859158e+03\n  264    0 1.0000000000 -8.1030859313e+03 -8.1030859188e+03\n  265    0 1.0000000000 -8.1030859333e+03 -8.1030859219e+03\n  266    0 1.0000000000 -8.1030859353e+03 -8.1030859249e+03\n  267    0 1.0000000000 -8.1030859373e+03 -8.1030859279e+03\n  268    0 1.0000000000 -8.1030859392e+03 -8.1030859309e+03\n  269    0 1.0000000000 -8.1030859410e+03 -8.1030859338e+03\n  270    0 1.0000000000 -8.1030859428e+03 -8.1030859368e+03\n  271    0 1.0000000000 -8.1030859446e+03 -8.1030859396e+03\n  272    0 1.0000000000 -8.1030859463e+03 -8.1030859424e+03\n  273    0 1.0000000000 -8.1030859479e+03 -8.1030859452e+03\n  274    0 1.0000000000 -8.1030859495e+03 -8.1030859479e+03\n  275    0 1.0000000000 -8.1030859510e+03 -8.1030859506e+03\n  276    0 1.0000000000 -8.1030859525e+03 -8.1030859531e+03\n  277    0 1.0000000000 -8.1030859539e+03 -8.1030859556e+03\n  278    0 1.0000000000 -8.1030859553e+03 -8.1030859580e+03\n  279    0 1.0000000000 -8.1030859566e+03 -8.1030859603e+03\n  280    0 1.0000000000 -8.1030859578e+03 -8.1030859625e+03\n  281    0 1.0000000000 -8.1030859590e+03 -8.1030859647e+03\n  282    0 1.0000000000 -8.1030859601e+03 -8.1030859667e+03\n  283    0 1.0000000000 -8.1030859612e+03 -8.1030859686e+03\n  284    0 1.0000000000 -8.1030859622e+03 -8.1030859704e+03\n  285    0 1.0000000000 -8.1030859631e+03 -8.1030859721e+03\n  286    0 1.0000000000 -8.1030859639e+03 -8.1030859736e+03\n  287    0 1.0000000000 -8.1030859647e+03 -8.1030859751e+03\n  288    0 1.0000000000 -8.1030859654e+03 -8.1030859764e+03\n  289    0 1.0000000000 -8.1030859660e+03 -8.1030859776e+03\n  290    0 1.0000000000 -8.1030859666e+03 -8.1030859786e+03\n  291    0 1.0000000000 -8.1030859670e+03 -8.1030859795e+03\n  292    0 1.0000000000 -8.1030859674e+03 -8.1030859803e+03\n  293    0 1.0000000000 -8.1030859678e+03 -8.1030859810e+03\n  294    0 1.0000000000 -8.1030859680e+03 -8.1030859815e+03\n  295    0 1.0000000000 -8.1030859682e+03 -8.1030859818e+03\n  296    0 1.0000000000 -8.1030859683e+03 -8.1030859820e+03\n  297    0 1.0000000000 -8.1030859684e+03 -8.1030859821e+03\n