SINGLE-ORBITAL NN+NNN EFFECTIVE MODEL FIT

m=2
eon=0.0
t0=1.0
l_decay=0.5
dl=7.0
pairing=./m=2/pairing.txt
microscopic_orbitals=10

E_eff(k) = eps0 + 2*t1[cos(k.u1)+cos(k.u2)] + 4*t2*cos(k.u1)*cos(k.u2)

eps0     = -3.50374332573804e+00
t1       = -8.55223062249119e-01
t2       = -1.61788536943422e-01

RMSE=3.68490442798408e-01
MAE=3.14901442500458e-01
max_abs_error=7.49786226298702e-01
optimizer_success=True
optimizer_message=Linear least-squares solution
minimum_tracking_continuity=1.0000000000
mean_tracking_continuity=1.0000000000

# k_index idx continuity target fit\n    0    0 1.0000000000 -7.2329491282e+00 -7.5717897225e+00\n    1    0 1.0000000000 -7.2321660370e+00 -7.5706027707e+00\n    2    0 1.0000000000 -7.2298172229e+00 -7.5670431104e+00\n    3    0 1.0000000000 -7.2259040640e+00 -7.5611143259e+00\n    4    0 1.0000000000 -7.2204288551e+00 -7.5528223870e+00\n    5    0 1.0000000000 -7.2133948062e+00 -7.5421756430e+00\n    6    0 1.0000000000 -7.2048060383e+00 -7.5291848143e+00\n    7    0 1.0000000000 -7.1946675800e+00 -7.5138629814e+00\n    8    0 1.0000000000 -7.1829853619e+00 -7.4962255722e+00\n    9    0 1.0000000000 -7.1697662104e+00 -7.4762903461e+00\n   10    0 1.0000000000 -7.1550178412e+00 -7.4540773761e+00\n   11    0 1.0000000000 -7.1387488511e+00 -7.4296090289e+00\n   12    0 1.0000000000 -7.1209687095e+00 -7.4029099419e+00\n   13    0 1.0000000000 -7.1016877484e+00 -7.3740069989e+00\n   14    0 1.0000000000 -7.0809171522e+00 -7.3429293027e+00\n   15    0 1.0000000000 -7.0586689461e+00 -7.3097081460e+00\n   16    0 1.0000000000 -7.0349559842e+00 -7.2743769795e+00\n   17    0 1.0000000000 -7.0097919362e+00 -7.2369713789e+00\n   18    0 1.0000000000 -6.9831912737e+00 -7.1975290083e+00\n   19    0 1.0000000000 -6.9551692555e+00 -7.1560895829e+00\n   20    0 1.0000000000 -6.9257419124e+00 -7.1126948286e+00\n   21    0 1.0000000000 -6.8949260309e+00 -7.0673884404e+00\n   22    0 1.0000000000 -6.8627391364e+00 -7.0202160379e+00\n   23    0 1.0000000000 -6.8291994756e+00 -6.9712251197e+00\n   24    0 1.0000000000 -6.7943259983e+00 -6.9204650155e+00\n   25    0 1.0000000000 -6.7581383386e+00 -6.8679868365e+00\n   26    0 1.0000000000 -6.7206567950e+00 -6.8138434237e+00\n   27    0 1.0000000000 -6.6819023108e+00 -6.7580892949e+00\n   28    0 1.0000000000 -6.6418964529e+00 -6.7007805898e+00\n   29    0 1.0000000000 -6.6006613908e+00 -6.6419750135e+00\n   30    0 1.0000000000 -6.5582198748e+00 -6.5817317782e+00\n   31    0 1.0000000000 -6.5145952136e+00 -6.5201115436e+00\n   32    0 1.0000000000 -6.4698112515e+00 -6.4571763562e+00\n   33    0 1.0000000000 -6.4238923454e+00 -6.3929895864e+00\n   34    0 1.0000000000 -6.3768633411e+00 -6.3276158647e+00\n   35    0 1.0000000000 -6.3287495492e+00 -6.2611210170e+00\n   36    0 1.0000000000 -6.2795767212e+00 -6.1935719980e+00\n   37    0 1.0000000000 -6.2293710242e+00 -6.1250368238e+00\n   38    0 1.0000000000 -6.1781590169e+00 -6.0555845034e+00\n   39    0 1.0000000000 -6.1259676234e+00 -5.9852849696e+00\n   40    0 1.0000000000 -6.0728241090e+00 -5.9142090080e+00\n   41    0 1.0000000000 -6.0187560537e+00 -5.8424281859e+00\n   42    0 1.0000000000 -5.9637913270e+00 -5.7700147808e+00\n   43    0 1.0000000000 -5.9079580623e+00 -5.6970417066e+00\n   44    0 1.0000000000 -5.8512846305e+00 -5.6235824412e+00\n   45    0 1.0000000000 -5.7937996146e+00 -5.5497109517e+00\n   46    0 1.0000000000 -5.7355317837e+00 -5.4755016205e+00\n   47    0 1.0000000000 -5.6765100669e+00 -5.4010291701e+00\n   48    0 1.0000000000 -5.6167635281e+00 -5.3263685879e+00\n   49    0 1.0000000000 -5.5563213395e+00 -5.2515950509e+00\n   50    0 1.0000000000 -5.4952127567e+00 -5.1767838496e+00\n   51    0 1.0000000000 -5.4334670930e+00 -5.1020103125e+00\n   52    0 1.0000000000 -5.3711136945e+00 -5.0273497304e+00\n   53    0 1.0000000000 -5.3081819148e+00 -4.9528772800e+00\n   54    0 1.0000000000 -5.2447010905e+00 -4.8786679488e+00\n   55    0 1.0000000000 -5.1807005171e+00 -4.8047964593e+00\n   56    0 1.0000000000 -5.1162094245e+00 -4.7313371938e+00\n   57    0 1.0000000000 -5.0512569536e+00 -4.6583641197e+00\n   58    0 1.0000000000 -4.9858721331e+00 -4.5859507145e+00\n   59    0 1.0000000000 -4.9200838568e+00 -4.5141698925e+00\n   60    0 1.0000000000 -4.8539208609e+00 -4.4430939309e+00\n   61    0 1.0000000000 -4.7874117025e+00 -4.3727943970e+00\n   62    0 1.0000000000 -4.7205847382e+00 -4.3033420767e+00\n   63    0 1.0000000000 -4.6534681036e+00 -4.2348069025e+00\n   64    0 1.0000000000 -4.5860896929e+00 -4.1672578835e+00\n   65    0 1.0000000000 -4.5184771397e+00 -4.1007630358e+00\n   66    0 1.0000000000 -4.4506577983e+00 -4.0353893141e+00\n   67    0 1.0000000000 -4.3826587256e+00 -3.9712025442e+00\n   68    0 1.0000000000 -4.3145066639e+00 -3.9082673568e+00\n   69    0 1.0000000000 -4.2462280247e+00 -3.8466471223e+00\n   70    0 1.0000000000 -4.1778488732e+00 -3.7864038869e+00\n   71    0 1.0000000000 -4.1093949138e+00 -3.7275983106e+00\n   72    0 1.0000000000 -4.0408914770e+00 -3.6702896056e+00\n   73    0 1.0000000000 -3.9723635072e+00 -3.6145354768e+00\n   74    0 1.0000000000 -3.9038355516e+00 -3.5603920640e+00\n   75    0 1.0000000000 -3.8353317519e+00 -3.5079138849e+00\n   76    0 1.0000000000 -3.7668758361e+00 -3.4571537808e+00\n   77    0 1.0000000000 -3.6984911140e+00 -3.4081628626e+00\n   78    0 1.0000000000 -3.6302004744e+00 -3.3609904601e+00\n   79    0 1.0000000000 -3.5620263866e+00 -3.3156840718e+00\n   80    0 1.0000000000 -3.4939909049e+00 -3.2722893176e+00\n   81    0 1.0000000000 -3.4261156806e+00 -3.2308498922e+00\n   82    0 1.0000000000 -3.3584219801e+00 -3.1914075216e+00\n   83    0 1.0000000000 -3.2909307149e+00 -3.1540019209e+00\n   84    0 1.0000000000 -3.2236624868e+00 -3.1186707545e+00\n   85    0 1.0000000000 -3.1566376561e+00 -3.0854495977e+00\n   86    0 1.0000000000 -3.0898764442e+00 -3.0543719016e+00\n   87    0 1.0000000000 -3.0233990920e+00 -3.0254689586e+00\n   88    0 1.0000000000 -2.9572261057e+00 -2.9987698716e+00\n   89    0 1.0000000000 -2.8913786538e+00 -2.9743015244e+00\n   90    0 1.0000000000 -2.8258792291e+00 -2.9520885544e+00\n   91    0 1.0000000000 -2.7607528058e+00 -2.9321533283e+00\n   92    0 1.0000000000 -2.6960289811e+00 -2.9145159191e+00\n   93    0 1.0000000000 -2.6317462300e+00 -2.8991940862e+00\n   94    0 1.0000000000 -2.5679611754e+00 -2.8862032574e+00\n   95    0 1.0000000000 -2.5047713928e+00 -2.8755565134e+00\n   96    0 1.0000000000 -2.4423819003e+00 -2.8672645745e+00\n   97    0 1.0000000000 -2.3813553414e+00 -2.8613357901e+00\n   98    0 1.0000000000 -2.3240554335e+00 -2.8577761298e+00\n   99    0 1.0000000000 -2.2896182157e+00 -2.8565891780e+00\n  100    0 1.0000000000 -2.2893185608e+00 -2.8560538555e+00\n  101    0 1.0000000000 -2.2884197400e+00 -2.8544484272e+00\n  102    0 1.0000000000 -2.2869221853e+00 -2.8517745096e+00\n  103    0 1.0000000000 -2.2848266162e+00 -2.8480347950e+00\n  104    0 1.0000000000 -2.2821340387e+00 -2.8432330491e+00\n  105    0 1.0000000000 -2.2788457452e+00 -2.8373741068e+00\n  106    0 1.0000000000 -2.2749633124e+00 -2.8304638675e+00\n  107    0 1.0000000000 -2.2704886003e+00 -2.8225092893e+00\n  108    0 1.0000000000 -2.2654237502e+00 -2.8135183818e+00\n  109    0 1.0000000000 -2.2597711832e+00 -2.8035001981e+00\n  110    0 1.0000000000 -2.2535335971e+00 -2.7924648255e+00\n  111    0 1.0000000000 -2.2467139647e+00 -2.7804233759e+00\n  112    0 1.0000000000 -2.2393155305e+00 -2.7673879738e+00\n  113    0 1.0000000000 -2.2313418079e+00 -2.7533717450e+00\n  114    0 1.0000000000 -2.2227965756e+00 -2.7383888024e+00\n  115    0 1.0000000000 -2.2136838747e+00 -2.7224542327e+00\n  116    0 1.0000000000 -2.2040080043e+00 -2.7055840807e+00\n  117    0 1.0000000000 -2.1937735177e+00 -2.6877953331e+00\n  118    0 1.0000000000 -2.1829852185e+00 -2.6691059017e+00\n  119    0 1.0000000000 -2.1716481555e+00 -2.6495346052e+00\n  120    0 1.0000000000 -2.1597676186e+00 -2.6291011502e+00\n  121    0 1.0000000000 -2.1473491337e+00 -2.6078261114e+00\n  122    0 1.0000000000 -2.1343984575e+00 -2.5857309111e+00\n  123    0 1.0000000000 -2.1209215724e+00 -2.5628377972e+00\n  124    0 1.0000000000 -2.1069246810e+00 -2.5391698212e+00\n  125    0 1.0000000000 -2.0924142002e+00 -2.5147508147e+00\n  126    0 1.0000000000 -2.0773967558e+00 -2.4896053655e+00\n  127    0 1.0000000000 -2.0618791766e+00 -2.4637587931e+00\n  128    0 1.0000000000 -2.0458684886e+00 -2.4372371226e+00\n  129    0 1.0000000000 -2.0293719102e+00 -2.4100670592e+00\n  130    0 1.0000000000 -2.0123968509e+00 -2.3822759609e+00\n  131    0 1.0000000000 -1.9949509319e+00 -2.3538918109e+00\n  132    0 1.0000000000 -1.9770424006e+00 -2.3249431896e+00\n  133    0 1.0000000000 -1.9587193033e+00 -2.2954592459e+00\n  134    0 1.0000000000 -1.9399750060e+00 -2.2654696676e+00\n  135    0 1.0000000000 -1.9207910623e+00 -2.2350046516e+00\n  136    0 1.0000000000 -1.9011753985e+00 -2.2040948736e+00\n  137    0 1.0000000000 -1.8811362923e+00 -2.1727714573e+00\n  138    0 1.0000000000 -1.8606821777e+00 -2.1410659425e+00\n  139    0 1.0000000000 -1.8398216195e+00 -2.1090102541e+00\n  140    0 1.0000000000 -1.8185633032e+00 -2.0766366693e+00\n  141    0 1.0000000000 -1.7969160271e+00 -2.0439777858e+00\n  142    0 1.0000000000 -1.7748886946e+00 -2.0110664882e+00\n  143    0 1.0000000000 -1.7524903075e+00 -1.9779359153e+00\n  144    0 1.0000000000 -1.7297299589e+00 -1.9446194269e+00\n  145    0 1.0000000000 -1.7066168264e+00 -1.9111505699e+00\n  146    0 1.0000000000 -1.6831601650e+00 -1.8775630445e+00\n  147    0 1.0000000000 -1.6593693005e+00 -1.8438906706e+00\n  148    0 1.0000000000 -1.6352536222e+00 -1.8101673533e+00\n  149    0 1.0000000000 -1.6108225766e+00 -1.7764270492e+00\n  150    0 1.0000000000 -1.5860856604e+00 -1.7427037319e+00\n  151    0 1.0000000000 -1.5610524134e+00 -1.7090313580e+00\n  152    0 1.0000000000 -1.5357324127e+00 -1.6754438326e+00\n  153    0 1.0000000000 -1.5101352652e+00 -1.6419749755e+00\n  154    0 1.0000000000 -1.4842706016e+00 -1.6086584872e+00\n  155    0 1.0000000000 -1.4581480697e+00 -1.5755279143e+00\n  156    0 1.0000000000 -1.4317773284e+00 -1.5426166167e+00\n  157    0 1.0000000000 -1.4051680411e+00 -1.5099577331e+00\n  158    0 1.0000000000 -1.3783298698e+00 -1.4775841484e+00\n  159    0 1.0000000000 -1.3512724690e+00 -1.4455284600e+00\n  160    0 1.0000000000 -1.3240054800e+00 -1.4138229452e+00\n  161    0 1.0000000000 -1.2965385251e+00 -1.3824995288e+00\n  162    0 1.0000000000 -1.2688812023e+00 -1.3515897509e+00\n  163    0 1.0000000000 -1.2410430799e+00 -1.3211247349e+00\n  164    0 1.0000000000 -1.2130336915e+00 -1.2911351566e+00\n  165    0 1.0000000000 -1.1848625308e+00 -1.2616512129e+00\n  166    0 1.0000000000 -1.1565390477e+00 -1.2327025916e+00\n  167    0 1.0000000000 -1.1280726437e+00 -1.2043184416e+00\n  168    0 1.0000000000 -1.0994726679e+00 -1.1765273432e+00\n  169    0 1.0000000000 -1.0707484136e+00 -1.1493572799e+00\n  170    0 1.0000000000 -1.0419091154e+00 -1.1228356094e+00\n  171    0 1.0000000000 -1.0129639466e+00 -1.0969890370e+00\n  172    0 1.0000000000 -9.8392201730e-01 -1.0718435878e+00\n  173    0 1.0000000000 -9.5479237315e-01 -1.0474245813e+00\n  174    0 1.0000000000 -9.2558399532e-01 -1.0237566052e+00\n  175    0 1.0000000000 -8.9630580118e-01 -1.0008634914e+00\n  176    0 1.0000000000 -8.6696664653e-01 -9.7876829106e-01\n  177    0 1.0000000000 -8.3757532936e-01 -9.5749325232e-01\n  178    0 1.0000000000 -8.0814059573e-01 -9.3705979731e-01\n  179    0 1.0000000000 -7.7867114828e-01 -9.1748850079e-01\n  180    0 1.0000000000 -7.4917565816e-01 -8.9879906939e-01\n  181    0 1.0000000000 -7.1966278126e-01 -8.8101032178e-01\n  182    0 1.0000000000 -6.9014118043e-01 -8.6414016974e-01\n  183    0 1.0000000000 -6.6061955540e-01 -8.4820560006e-01\n  184    0 1.0000000000 -6.3110668333e-01 -8.3322265751e-01\n  185    0 1.0000000000 -6.0161147401e-01 -8.1920642864e-01\n  186    0 1.0000000000 -5.7214304564e-01 -8.0617102662e-01\n  187    0 1.0000000000 -5.4271083008e-01 -7.9412957697e-01\n  188    0 1.0000000000 -5.1332472157e-01 -7.8309420443e-01\n  189    0 1.0000000000 -4.8399529148e-01 -7.7307602067e-01\n  190    0 1.0000000000 -4.5473410823e-01 -7.6408511316e-01\n  191    0 1.0000000000 -4.2555423496e-01 -7.5613053499e-01\n  192    0 1.0000000000 -3.9647105634e-01 -7.4922029572e-01\n  193    0 1.0000000000 -3.6750379611e-01 -7.4336135340e-01\n  194    0 1.0000000000 -3.3867875658e-01 -7.3855960748e-01\n  195    0 1.0000000000 -3.1003795445e-01 -7.3481989291e-01\n  196    0 1.0000000000 -2.8167098446e-01 -7.3214597527e-01\n  197    0 1.0000000000 -2.5391824739e-01 -7.3054054696e-01\n  198    0 1.0000000000 -2.3296673900e-01 -7.3000522452e-01\n  199    0 1.0000000000 -2.7510725122e-01 -7.3107603344e-01\n  200    0 1.0000000000 -3.3151592869e-01 -7.3428934924e-01\n  201    0 1.0000000000 -3.8968994975e-01 -7.3964783023e-01\n  202    0 1.0000000000 -4.4913746139e-01 -7.4715587753e-01\n  203    0 1.0000000000 -5.0976424355e-01 -7.5681959126e-01\n  204    0 1.0000000000 -5.7154112239e-01 -7.6864670935e-01\n  205    0 1.0000000000 -6.3445679380e-01 -7.8264652942e-01\n  206    0 1.0000000000 -6.9850611767e-01 -7.9882981404e-01\n  207    0 1.0000000000 -7.6368621517e-01 -8.1720867977e-01\n  208    0 1.0000000000 -8.2999488736e-01 -8.3779647057e-01\n  209    0 1.0000000000 -8.9742987218e-01 -8.6060761611e-01\n  210    0 1.0000000000 -9.6598844846e-01 -8.8565747568e-01\n  211    0 1.0000000000 -1.0356671990e+00 -9.1296216835e-01\n  212    0 1.0000000000 -1.1064618525e+00 -9.4253839033e-01\n  213    0 1.0000000000 -1.1783671677e+00 -9.7440322017e-01\n  214    0 1.0000000000 -1.2513768401e+00 -1.0085739129e+00\n  215    0 1.0000000000 -1.3254834227e+00 -1.0450676840e+00\n  216    0 1.0000000000 -1.4006782553e+00 -1.0839014841e+00\n  217    0 1.0000000000 -1.4769513988e+00 -1.1250917658e+00\n  218    0 1.0000000000 -1.5542915731e+00 -1.1686542435e+00\n  219    0 1.0000000000 -1.6326860979e+00 -1.2146036470e+00\n  220    0 1.0000000000 -1.7121208358e+00 -1.2629534710e+00\n  221    0 1.0000000000 -1.7925801367e+00 -1.3137157207e+00\n  222    0 1.0000000000 -1.8740467847e+00 -1.3669006554e+00\n  223    0 1.0000000000 -1.9565019459e+00 -1.4225165313e+00\n  224    0 1.0000000000 -2.0399251192e+00 -1.4805693436e+00\n  225    0 1.0000000000 -2.1242940881e+00 -1.5410625718e+00\n  226    0 1.0000000000 -2.2095848749e+00 -1.6039969258e+00\n  227    0 1.0000000000 -2.2957716980e+00 -1.6693700981e+00\n  228    0 1.0000000000 -2.3828269305e+00 -1.7371765192e+00\n  229    0 1.0000000000 -2.4707210631e+00 -1.8074071213e+00\n  230    0 1.0000000000 -2.5594226686e+00 -1.8800491089e+00\n  231    0 1.0000000000 -2.6488983708e+00 -1.9550857382e+00\n  232    0 1.0000000000 -2.7391128165e+00 -2.0324961071e+00\n  233    0 1.0000000000 -2.8300286510e+00 -2.1122549560e+00\n  234    0 1.0000000000 -2.9216064984e+00 -2.1943324814e+00\n  235    0 1.0000000000 -3.0138049455e+00 -2.2786941621e+00\n  236    0 1.0000000000 -3.1065805304e+00 -2.3653006005e+00\n  237    0 1.0000000000 -3.1998877361e+00 -2.4541073787e+00\n  238    0 1.0000000000 -3.2936789884e+00 -2.5450649310e+00\n  239    0 1.0000000000 -3.3879046598e+00 -2.6381184335e+00\n  240    0 1.0000000000 -3.4825130783e+00 -2.7332077109e+00\n  241    0 1.0000000000 -3.5774505415e+00 -2.8302671623e+00\n  242    0 1.0000000000 -3.6726613370e+00 -2.9292257060e+00\n  243    0 1.0000000000 -3.7680877681e+00 -3.0300067436e+00\n  244    0 1.0000000000 -3.8636701861e+00 -3.1325281445e+00\n  245    0 1.0000000000 -3.9593470277e+00 -3.2367022502e+00\n  246    0 1.0000000000 -4.0550548600e+00 -3.3424359007e+00\n  247    0 1.0000000000 -4.1507284301e+00 -3.4496304804e+00\n  248    0 1.0000000000 -4.2463007227e+00 -3.5581819858e+00\n  249    0 1.0000000000 -4.3417030227e+00 -3.6679811148e+00\n  250    0 1.0000000000 -4.4368649847e+00 -3.7789133765e+00\n  251    0 1.0000000000 -4.5317147088e+00 -3.8908592223e+00\n  252    0 1.0000000000 -4.6261788226e+00 -4.0036941980e+00\n  253    0 1.0000000000 -4.7201825693e+00 -4.1172891161e+00\n  254    0 1.0000000000 -4.8136499019e+00 -4.2315102489e+00\n  255    0 1.0000000000 -4.9065035834e+00 -4.3462195411e+00\n  256    0 1.0000000000 -4.9986652929e+00 -4.4612748411e+00\n  257    0 1.0000000000 -5.0900557365e+00 -4.5765301521e+00\n  258    0 1.0000000000 -5.1805947653e+00 -4.6918358999e+00\n  259    0 1.0000000000 -5.2702014965e+00 -4.8070392189e+00\n  260    0 1.0000000000 -5.3587944407e+00 -4.9219842540e+00\n  261    0 1.0000000000 -5.4462916340e+00 -5.0365124776e+00\n  262    0 1.0000000000 -5.5326107731e+00 -5.1504630222e+00\n  263    0 1.0000000000 -5.6176693557e+00 -5.2636730253e+00\n  264    0 1.0000000000 -5.7013848240e+00 -5.3759779872e+00\n  265    0 1.0000000000 -5.7836747113e+00 -5.4872121401e+00\n  266    0 1.0000000000 -5.8644567917e+00 -5.5972088274e+00\n  267    0 1.0000000000 -5.9436492323e+00 -5.7058008910e+00\n  268    0 1.0000000000 -6.0211707473e+00 -5.8128210674e+00\n  269    0 1.0000000000 -6.0969407536e+00 -5.9181023887e+00\n  270    0 1.0000000000 -6.1708795281e+00 -6.0214785896e+00\n  271    0 1.0000000000 -6.2429083648e+00 -6.1227845173e+00\n  272    0 1.0000000000 -6.3129497329e+00 -6.2218565437e+00\n  273    0 1.0000000000 -6.3809274342e+00 -6.3185329780e+00\n  274    0 1.0000000000 -6.4467667601e+00 -6.4126544794e+00\n  275    0 1.0000000000 -6.5103946469e+00 -6.5040644667e+00\n  276    0 1.0000000000 -6.5717398299e+00 -6.5926095252e+00\n  277    0 1.0000000000 -6.6307329947e+00 -6.6781398082e+00\n  278    0 1.0000000000 -6.6873069267e+00 -6.7605094320e+00\n  279    0 1.0000000000 -6.7413966563e+00 -6.8395768639e+00\n  280    0 1.0000000000 -6.7929396014e+00 -6.9152053002e+00\n  281    0 1.0000000000 -6.8418757052e+00 -6.9872630345e+00\n  282    0 1.0000000000 -6.8881475698e+00 -7.0556238140e+00\n  283    0 1.0000000000 -6.9317005847e+00 -7.1201671828e+00\n  284    0 1.0000000000 -6.9724830496e+00 -7.1807788109e+00\n  285    0 1.0000000000 -7.0104462916e+00 -7.2373508082e+00\n  286    0 1.0000000000 -7.0455447764e+00 -7.2897820219e+00\n  287    0 1.0000000000 -7.0777362121e+00 -7.3379783159e+00\n  288    0 1.0000000000 -7.1069816470e+00 -7.3818528326e+00\n  289    0 1.0000000000 -7.1332455594e+00 -7.4213262341e+00\n  290    0 1.0000000000 -7.1564959400e+00 -7.4563269242e+00\n  291    0 1.0000000000 -7.1767043663e+00 -7.4867912484e+00\n  292    0 1.0000000000 -7.1938460693e+00 -7.5126636725e+00\n  293    0 1.0000000000 -7.2078999912e+00 -7.5338969387e+00\n  294    0 1.0000000000 -7.2188488349e+00 -7.5504521983e+00\n  295    0 1.0000000000 -7.2266791047e+00 -7.5622991215e+00\n  296    0 1.0000000000 -7.2313811381e+00 -7.5694159829e+00\n  297    0 1.0000000000 -7.2329491282e+00 -7.5717897225e+00\n