SINGLE-ORBITAL NN+NNN EFFECTIVE MODEL FIT

m=3
eon=0.0
t0=1.0
l_decay=0.5
dl=7.0
pairing=./m=3/pairing.txt
microscopic_orbitals=20

E_eff(k) = eps0 + 2*t1[cos(k.u1)+cos(k.u2)] + 4*t2*cos(k.u1)*cos(k.u2)

eps0     = -4.92416484513270e+00
t1       = -6.02044111587481e-01
t2       = -6.89547193073055e-02

RMSE=3.21930852480059e-01
MAE=2.69975038136104e-01
max_abs_error=6.77735025109418e-01
optimizer_success=True
optimizer_message=Linear least-squares solution
minimum_tracking_continuity=1.0000000000
mean_tracking_continuity=1.0000000000

# k_index idx continuity target fit\n    0    0 1.0000000000 -7.3328100044e+00 -7.6081601687e+00\n    1    0 1.0000000000 -7.3323873049e+00 -7.6074150982e+00\n    2    0 1.0000000000 -7.3311193564e+00 -7.6051806369e+00\n    3    0 1.0000000000 -7.3290066091e+00 -7.6014590348e+00\n    4    0 1.0000000000 -7.3260498126e+00 -7.5962540391e+00\n    5    0 1.0000000000 -7.3222500161e+00 -7.5895708909e+00\n    6    0 1.0000000000 -7.3176085668e+00 -7.5814163195e+00\n    7    0 1.0000000000 -7.3121271097e+00 -7.5717985359e+00\n    8    0 1.0000000000 -7.3058075857e+00 -7.5607272243e+00\n    9    0 1.0000000000 -7.2986522308e+00 -7.5482135327e+00\n   10    0 1.0000000000 -7.2906635744e+00 -7.5342700613e+00\n   11    0 1.0000000000 -7.2818444371e+00 -7.5189108500e+00\n   12    0 1.0000000000 -7.2721979292e+00 -7.5021513642e+00\n   13    0 1.0000000000 -7.2617274480e+00 -7.4840084792e+00\n   14    0 1.0000000000 -7.2504366759e+00 -7.4645004635e+00\n   15    0 1.0000000000 -7.2383295773e+00 -7.4436469599e+00\n   16    0 1.0000000000 -7.2254103962e+00 -7.4214689661e+00\n   17    0 1.0000000000 -7.2116836528e+00 -7.3979888136e+00\n   18    0 1.0000000000 -7.1971541405e+00 -7.3732301448e+00\n   19    0 1.0000000000 -7.1818269229e+00 -7.3472178896e+00\n   20    0 1.0000000000 -7.1657073293e+00 -7.3199782402e+00\n   21    0 1.0000000000 -7.1488009519e+00 -7.2915386245e+00\n   22    0 1.0000000000 -7.1311136415e+00 -7.2619276789e+00\n   23    0 1.0000000000 -7.1126515032e+00 -7.2311752191e+00\n   24    0 1.0000000000 -7.0934208925e+00 -7.1993122101e+00\n   25    0 1.0000000000 -7.0734284109e+00 -7.1663707354e+00\n   26    0 1.0000000000 -7.0526809009e+00 -7.1323839642e+00\n   27    0 1.0000000000 -7.0311854418e+00 -7.0973861182e+00\n   28    0 1.0000000000 -7.0089493445e+00 -7.0614124375e+00\n   29    0 1.0000000000 -6.9859801465e+00 -7.0244991444e+00\n   30    0 1.0000000000 -6.9622856071e+00 -6.9866834074e+00\n   31    0 1.0000000000 -6.9378737017e+00 -6.9480033039e+00\n   32    0 1.0000000000 -6.9127526165e+00 -6.9084977813e+00\n   33    0 1.0000000000 -6.8869307432e+00 -6.8682066185e+00\n   34    0 1.0000000000 -6.8604166732e+00 -6.8271703852e+00\n   35    0 1.0000000000 -6.8332191917e+00 -6.7854304014e+00\n   36    0 1.0000000000 -6.8053472723e+00 -6.7430286957e+00\n   37    0 1.0000000000 -6.7768100705e+00 -6.7000079630e+00\n   38    0 1.0000000000 -6.7476169182e+00 -6.6564115217e+00\n   39    0 1.0000000000 -6.7177773171e+00 -6.6122832695e+00\n   40    0 1.0000000000 -6.6873009329e+00 -6.5676676400e+00\n   41    0 1.0000000000 -6.6561975889e+00 -6.5226095573e+00\n   42    0 1.0000000000 -6.6244772596e+00 -6.4771543910e+00\n   43    0 1.0000000000 -6.5921500643e+00 -6.4313479106e+00\n   44    0 1.0000000000 -6.5592262609e+00 -6.3852362394e+00\n   45    0 1.0000000000 -6.5257162390e+00 -6.3388658080e+00\n   46    0 1.0000000000 -6.4916305138e+00 -6.2922833073e+00\n   47    0 1.0000000000 -6.4569797193e+00 -6.2455356422e+00\n   48    0 1.0000000000 -6.4217746017e+00 -6.1986698834e+00\n   49    0 1.0000000000 -6.3860260130e+00 -6.1517332208e+00\n   50    0 1.0000000000 -6.3497449042e+00 -6.1047729158e+00\n   51    0 1.0000000000 -6.3129423186e+00 -6.0578362532e+00\n   52    0 1.0000000000 -6.2756293854e+00 -6.0109704944e+00\n   53    0 1.0000000000 -6.2378173130e+00 -5.9642228293e+00\n   54    0 1.0000000000 -6.1995173821e+00 -5.9176403287e+00\n   55    0 1.0000000000 -6.1607409396e+00 -5.8712698972e+00\n   56    0 1.0000000000 -6.1214993916e+00 -5.8251582260e+00\n   57    0 1.0000000000 -6.0818041972e+00 -5.7793517457e+00\n   58    0 1.0000000000 -6.0416668617e+00 -5.7338965794e+00\n   59    0 1.0000000000 -6.0010989302e+00 -5.6888384966e+00\n   60    0 1.0000000000 -5.9601119813e+00 -5.6442228671e+00\n   61    0 1.0000000000 -5.9187176205e+00 -5.6000946149e+00\n   62    0 1.0000000000 -5.8769274742e+00 -5.5564981736e+00\n   63    0 1.0000000000 -5.8347531833e+00 -5.5134774410e+00\n   64    0 1.0000000000 -5.7922063967e+00 -5.4710757353e+00\n   65    0 1.0000000000 -5.7492987657e+00 -5.4293357514e+00\n   66    0 1.0000000000 -5.7060419378e+00 -5.3882995181e+00\n   67    0 1.0000000000 -5.6624475506e+00 -5.3480083553e+00\n   68    0 1.0000000000 -5.6185272259e+00 -5.3085028327e+00\n   69    0 1.0000000000 -5.5742925644e+00 -5.2698227292e+00\n   70    0 1.0000000000 -5.5297551394e+00 -5.2320069922e+00\n   71    0 1.0000000000 -5.4849264919e+00 -5.1950936991e+00\n   72    0 1.0000000000 -5.4398181244e+00 -5.1591200184e+00\n   73    0 1.0000000000 -5.3944414965e+00 -5.1241221725e+00\n   74    0 1.0000000000 -5.3488080188e+00 -5.0901354012e+00\n   75    0 1.0000000000 -5.3029290484e+00 -5.0571939265e+00\n   76    0 1.0000000000 -5.2568158840e+00 -5.0253309176e+00\n   77    0 1.0000000000 -5.2104797608e+00 -4.9945784577e+00\n   78    0 1.0000000000 -5.1639318461e+00 -4.9649675121e+00\n   79    0 1.0000000000 -5.1171832352e+00 -4.9365278964e+00\n   80    0 1.0000000000 -5.0702449467e+00 -4.9092882470e+00\n   81    0 1.0000000000 -5.0231279190e+00 -4.8832759918e+00\n   82    0 1.0000000000 -4.9758430068e+00 -4.8585173230e+00\n   83    0 1.0000000000 -4.9284009777e+00 -4.8350371705e+00\n   84    0 1.0000000000 -4.8808125096e+00 -4.8128591768e+00\n   85    0 1.0000000000 -4.8330881892e+00 -4.7920056732e+00\n   86    0 1.0000000000 -4.7852385110e+00 -4.7724976574e+00\n   87    0 1.0000000000 -4.7372738782e+00 -4.7543547724e+00\n   88    0 1.0000000000 -4.6892046063e+00 -4.7375952866e+00\n   89    0 1.0000000000 -4.6410409311e+00 -4.7222360753e+00\n   90    0 1.0000000000 -4.5927930241e+00 -4.7082926039e+00\n   91    0 1.0000000000 -4.5444710222e+00 -4.6957789123e+00\n   92    0 1.0000000000 -4.4960850860e+00 -4.6847076008e+00\n   93    0 1.0000000000 -4.4476455186e+00 -4.6750898171e+00\n   94    0 1.0000000000 -4.3991630322e+00 -4.6669352457e+00\n   95    0 1.0000000000 -4.3506494174e+00 -4.6602520975e+00\n   96    0 1.0000000000 -4.3021195600e+00 -4.6550471018e+00\n   97    0 1.0000000000 -4.2535995260e+00 -4.6513254997e+00\n   98    0 1.0000000000 -4.2051831201e+00 -4.6490910384e+00\n   99    0 1.0000000000 -4.1620636932e+00 -4.6483459679e+00\n  100    0 1.0000000000 -4.1618204396e+00 -4.6478786236e+00\n  101    0 1.0000000000 -4.1610907503e+00 -4.6464770614e+00\n  102    0 1.0000000000 -4.1598748392e+00 -4.6441426924e+00\n  103    0 1.0000000000 -4.1581730627e+00 -4.6408778673e+00\n  104    0 1.0000000000 -4.1559859195e+00 -4.6366858733e+00\n  105    0 1.0000000000 -4.1533140506e+00 -4.6315709315e+00\n  106    0 1.0000000000 -4.1501582382e+00 -4.6255381922e+00\n  107    0 1.0000000000 -4.1465194061e+00 -4.6185937299e+00\n  108    0 1.0000000000 -4.1423986186e+00 -4.6107445370e+00\n  109    0 1.0000000000 -4.1377970800e+00 -4.6019985170e+00\n  110    0 1.0000000000 -4.1327161342e+00 -4.5923644764e+00\n  111    0 1.0000000000 -4.1271572636e+00 -4.5818521159e+00\n  112    0 1.0000000000 -4.1211220884e+00 -4.5704720206e+00\n  113    0 1.0000000000 -4.1146123659e+00 -4.5582356491e+00\n  114    0 1.0000000000 -4.1076299889e+00 -4.5451553225e+00\n  115    0 1.0000000000 -4.1001769852e+00 -4.5312442117e+00\n  116    0 1.0000000000 -4.0922555163e+00 -4.5165163238e+00\n  117    0 1.0000000000 -4.0838678759e+00 -4.5009864887e+00\n  118    0 1.0000000000 -4.0750164892e+00 -4.4846703435e+00\n  119    0 1.0000000000 -4.0657039107e+00 -4.4675843172e+00\n  120    0 1.0000000000 -4.0559328234e+00 -4.4497456141e+00\n  121    0 1.0000000000 -4.0457060372e+00 -4.4311721961e+00\n  122    0 1.0000000000 -4.0350264871e+00 -4.4118827652e+00\n  123    0 1.0000000000 -4.0238972316e+00 -4.3918967441e+00\n  124    0 1.0000000000 -4.0123214512e+00 -4.3712342572e+00\n  125    0 1.0000000000 -4.0003024465e+00 -4.3499161096e+00\n  126    0 1.0000000000 -3.9878436365e+00 -4.3279637671e+00\n  127    0 1.0000000000 -3.9749485569e+00 -4.3053993338e+00\n  128    0 1.0000000000 -3.9616208581e+00 -4.2822455301e+00\n  129    0 1.0000000000 -3.9478643034e+00 -4.2585256700e+00\n  130    0 1.0000000000 -3.9336827677e+00 -4.2342636373e+00\n  131    0 1.0000000000 -3.9190802355e+00 -4.2094838619e+00\n  132    0 1.0000000000 -3.9040607994e+00 -4.1842112949e+00\n  133    0 1.0000000000 -3.8886286596e+00 -4.1584713836e+00\n  134    0 1.0000000000 -3.8727881225e+00 -4.1322900460e+00\n  135    0 1.0000000000 -3.8565436010e+00 -4.1056936444e+00\n  136    0 1.0000000000 -3.8398996142e+00 -4.0787089591e+00\n  137    0 1.0000000000 -3.8228607872e+00 -4.0513631615e+00\n  138    0 1.0000000000 -3.8054318482e+00 -4.0236837863e+00\n  139    0 1.0000000000 -3.7876176197e+00 -3.9956987046e+00\n  140    0 1.0000000000 -3.7694229996e+00 -3.9674360947e+00\n  141    0 1.0000000000 -3.7508529344e+00 -3.9389244148e+00\n  142    0 1.0000000000 -3.7319123984e+00 -3.9101923738e+00\n  143    0 1.0000000000 -3.7126063937e+00 -3.8812689023e+00\n  144    0 1.0000000000 -3.6929399695e+00 -3.8521831238e+00\n  145    0 1.0000000000 -3.6729182452e+00 -3.8229643253e+00\n  146    0 1.0000000000 -3.6525464224e+00 -3.7936419276e+00\n  147    0 1.0000000000 -3.6318297872e+00 -3.7642454558e+00\n  148    0 1.0000000000 -3.6107737055e+00 -3.7348045098e+00\n  149    0 1.0000000000 -3.5893836174e+00 -3.7053487341e+00\n  150    0 1.0000000000 -3.5676650303e+00 -3.6759077881e+00\n  151    0 1.0000000000 -3.5456235141e+00 -3.6465113163e+00\n  152    0 1.0000000000 -3.5232646960e+00 -3.6171889186e+00\n  153    0 1.0000000000 -3.5005942562e+00 -3.5879701201e+00\n  154    0 1.0000000000 -3.4776179240e+00 -3.5588843417e+00\n  155    0 1.0000000000 -3.4543414746e+00 -3.5299608701e+00\n  156    0 1.0000000000 -3.4307707252e+00 -3.5012288291e+00\n  157    0 1.0000000000 -3.4069115323e+00 -3.4727171492e+00\n  158    0 1.0000000000 -3.3827697884e+00 -3.4444545394e+00\n  159    0 1.0000000000 -3.3583514189e+00 -3.4164694576e+00\n  160    0 1.0000000000 -3.3336623795e+00 -3.3887900825e+00\n  161    0 1.0000000000 -3.3087086532e+00 -3.3614442848e+00\n  162    0 1.0000000000 -3.2834962474e+00 -3.3344595995e+00\n  163    0 1.0000000000 -3.2580311913e+00 -3.3078631979e+00\n  164    0 1.0000000000 -3.2323195333e+00 -3.2816818603e+00\n  165    0 1.0000000000 -3.2063673383e+00 -3.2559419490e+00\n  166    0 1.0000000000 -3.1801806852e+00 -3.2306693820e+00\n  167    0 1.0000000000 -3.1537656646e+00 -3.2058896066e+00\n  168    0 1.0000000000 -3.1271283762e+00 -3.1816275739e+00\n  169    0 1.0000000000 -3.1002749269e+00 -3.1579077138e+00\n  170    0 1.0000000000 -3.0732114282e+00 -3.1347539101e+00\n  171    0 1.0000000000 -3.0459439947e+00 -3.1121894768e+00\n  172    0 1.0000000000 -3.0184787421e+00 -3.0902371343e+00\n  173    0 1.0000000000 -2.9908217853e+00 -3.0689189867e+00\n  174    0 1.0000000000 -2.9629792375e+00 -3.0482564998e+00\n  175    0 1.0000000000 -2.9349572084e+00 -3.0282704787e+00\n  176    0 1.0000000000 -2.9067618041e+00 -3.0089810478e+00\n  177    0 1.0000000000 -2.8783991257e+00 -2.9904076298e+00\n  178    0 1.0000000000 -2.8498752702e+00 -2.9725689267e+00\n  179    0 1.0000000000 -2.8211963305e+00 -2.9554829004e+00\n  180    0 1.0000000000 -2.7923683968e+00 -2.9391667553e+00\n  181    0 1.0000000000 -2.7633975589e+00 -2.9236369201e+00\n  182    0 1.0000000000 -2.7342899091e+00 -2.9089090323e+00\n  183    0 1.0000000000 -2.7050515472e+00 -2.8949979214e+00\n  184    0 1.0000000000 -2.6756885865e+00 -2.8819175948e+00\n  185    0 1.0000000000 -2.6462071628e+00 -2.8696812234e+00\n  186    0 1.0000000000 -2.6166134459e+00 -2.8583011280e+00\n  187    0 1.0000000000 -2.5869136550e+00 -2.8477887675e+00\n  188    0 1.0000000000 -2.5571140792e+00 -2.8381547269e+00\n  189    0 1.0000000000 -2.5272211050e+00 -2.8294087069e+00\n  190    0 1.0000000000 -2.4972412534e+00 -2.8215595140e+00\n  191    0 1.0000000000 -2.4671812307e+00 -2.8146150517e+00\n  192    0 1.0000000000 -2.4370480047e+00 -2.8085823124e+00\n  193    0 1.0000000000 -2.4068489269e+00 -2.8034673706e+00\n  194    0 1.0000000000 -2.3765919756e+00 -2.7992753766e+00\n  195    0 1.0000000000 -2.3462863848e+00 -2.7960105515e+00\n  196    0 1.0000000000 -2.3159450238e+00 -2.7936761825e+00\n  197    0 1.0000000000 -2.2856008467e+00 -2.7922746203e+00\n  198    0 1.0000000000 -2.2575386107e+00 -2.7918072760e+00\n  199    0 1.0000000000 -2.3141448341e+00 -2.7927420345e+00\n  200    0 1.0000000000 -2.3755221417e+00 -2.7955462071e+00\n  201    0 1.0000000000 -2.4373876936e+00 -2.8002194822e+00\n  202    0 1.0000000000 -2.4996973128e+00 -2.8067613297e+00\n  203    0 1.0000000000 -2.5624345235e+00 -2.8151709843e+00\n  204    0 1.0000000000 -2.6255870061e+00 -2.8254474235e+00\n  205    0 1.0000000000 -2.6891432589e+00 -2.8375893379e+00\n  206    0 1.0000000000 -2.7530917615e+00 -2.8515950968e+00\n  207    0 1.0000000000 -2.8174206910e+00 -2.8674627067e+00\n  208    0 1.0000000000 -2.8821178038e+00 -2.8851897648e+00\n  209    0 1.0000000000 -2.9471703784e+00 -2.9047734067e+00\n  210    0 1.0000000000 -3.0125651824e+00 -2.9262102488e+00\n  211    0 1.0000000000 -3.0782884530e+00 -2.9494963263e+00\n  212    0 1.0000000000 -3.1443258827e+00 -2.9746270258e+00\n  213    0 1.0000000000 -3.2106626085e+00 -3.0015970144e+00\n  214    0 1.0000000000 -3.2772832042e+00 -3.0304001645e+00\n  215    0 1.0000000000 -3.3441716736e+00 -3.0610294754e+00\n  216    0 1.0000000000 -3.4113114452e+00 -3.0934769918e+00\n  217    0 1.0000000000 -3.4786853679e+00 -3.1277337194e+00\n  218    0 1.0000000000 -3.5462757074e+00 -3.1637895389e+00\n  219    0 1.0000000000 -3.6140641442e+00 -3.2016331179e+00\n  220    0 1.0000000000 -3.6820317717e+00 -3.2412518217e+00\n  221    0 1.0000000000 -3.7501590955e+00 -3.2826316237e+00\n  222    0 1.0000000000 -3.8184260334e+00 -3.3257570151e+00\n  223    0 1.0000000000 -3.8868119170e+00 -3.3706109153e+00\n  224    0 1.0000000000 -3.9552954929e+00 -3.4171745831e+00\n  225    0 1.0000000000 -4.0238549260e+00 -3.4654275292e+00\n  226    0 1.0000000000 -4.0924678035e+00 -3.5153474301e+00\n  227    0 1.0000000000 -4.1611111394e+00 -3.5669100454e+00\n  228    0 1.0000000000 -4.2297613802e+00 -3.6200891374e+00\n  229    0 1.0000000000 -4.2983944123e+00 -3.6748563934e+00\n  230    0 1.0000000000 -4.3669855693e+00 -3.7311813535e+00\n  231    0 1.0000000000 -4.4355096414e+00 -3.7890313413e+00\n  232    0 1.0000000000 -4.5039408850e+00 -3.8483714001e+00\n  233    0 1.0000000000 -4.5722530343e+00 -3.9091642347e+00\n  234    0 1.0000000000 -4.6404193132e+00 -3.9713701578e+00\n  235    0 1.0000000000 -4.7084124487e+00 -4.0349470439e+00\n  236    0 1.0000000000 -4.7762046857e+00 -4.0998502890e+00\n  237    0 1.0000000000 -4.8437678022e+00 -4.1660327771e+00\n  238    0 1.0000000000 -4.9110731264e+00 -4.2334448545e+00\n  239    0 1.0000000000 -4.9780915546e+00 -4.3020343112e+00\n  240    0 1.0000000000 -5.0447935700e+00 -4.3717463705e+00\n  241    0 1.0000000000 -5.1111492634e+00 -4.4425236866e+00\n  242    0 1.0000000000 -5.1771283540e+00 -4.5143063505e+00\n  243    0 1.0000000000 -5.2427002125e+00 -4.5870319049e+00\n  244    0 1.0000000000 -5.3078338841e+00 -4.6606353671e+00\n  245    0 1.0000000000 -5.3724981135e+00 -4.7350492615e+00\n  246    0 1.0000000000 -5.4366613706e+00 -4.8102036608e+00\n  247    0 1.0000000000 -5.5002918775e+00 -4.8860262363e+00\n  248    0 1.0000000000 -5.5633576360e+00 -4.9624423171e+00\n  249    0 1.0000000000 -5.6258264566e+00 -5.0393749587e+00\n  250    0 1.0000000000 -5.6876659885e+00 -5.1167450204e+00\n  251    0 1.0000000000 -5.7488437501e+00 -5.1944712518e+00\n  252    0 1.0000000000 -5.8093271606e+00 -5.2724703879e+00\n  253    0 1.0000000000 -5.8690835727e+00 -5.3506572534e+00\n  254    0 1.0000000000 -5.9280803059e+00 -5.4289448748e+00\n  255    0 1.0000000000 -5.9862846803e+00 -5.5072446015e+00\n  256    0 1.0000000000 -6.0436640515e+00 -5.5854662346e+00\n  257    0 1.0000000000 -6.1001858459e+00 -5.6635181631e+00\n  258    0 1.0000000000 -6.1558175970e+00 -5.7413075083e+00\n  259    0 1.0000000000 -6.2105269815e+00 -5.8187402747e+00\n  260    0 1.0000000000 -6.2642818566e+00 -5.8957215076e+00\n  261    0 1.0000000000 -6.3170502974e+00 -5.9721554573e+00\n  262    0 1.0000000000 -6.3688006342e+00 -6.0479457489e+00\n  263    0 1.0000000000 -6.4195014914e+00 -6.1229955573e+00\n  264    0 1.0000000000 -6.4691218248e+00 -6.1972077876e+00\n  265    0 1.0000000000 -6.5176309604e+00 -6.2704852595e+00\n  266    0 1.0000000000 -6.5649986328e+00 -6.3427308953e+00\n  267    0 1.0000000000 -6.6111950233e+00 -6.4138479117e+00\n  268    0 1.0000000000 -6.6561907986e+00 -6.4837400139e+00\n  269    0 1.0000000000 -6.6999571485e+00 -6.5523115922e+00\n  270    0 1.0000000000 -6.7424658238e+00 -6.6194679194e+00\n  271    0 1.0000000000 -6.7836891738e+00 -6.6851153502e+00\n  272    0 1.0000000000 -6.8236001835e+00 -6.7491615199e+00\n  273    0 1.0000000000 -6.8621725102e+00 -6.8115155430e+00\n  274    0 1.0000000000 -6.8993805190e+00 -6.8720882117e+00\n  275    0 1.0000000000 -6.9351993188e+00 -6.9307921912e+00\n  276    0 1.0000000000 -6.9696047966e+00 -6.9875422145e+00\n  277    0 1.0000000000 -7.0025736511e+00 -7.0422552732e+00\n  278    0 1.0000000000 -7.0340834260e+00 -7.0948508050e+00\n  279    0 1.0000000000 -7.0641125414e+00 -7.1452508782e+00\n  280    0 1.0000000000 -7.0926403254e+00 -7.1933803697e+00\n  281    0 1.0000000000 -7.1196470433e+00 -7.2391671395e+00\n  282    0 1.0000000000 -7.1451139264e+00 -7.2825421986e+00\n  283    0 1.0000000000 -7.1690231994e+00 -7.3234398704e+00\n  284    0 1.0000000000 -7.1913581065e+00 -7.3617979453e+00\n  285    0 1.0000000000 -7.2121029357e+00 -7.3975578285e+00\n  286    0 1.0000000000 -7.2312430428e+00 -7.4306646790e+00\n  287    0 1.0000000000 -7.2487648724e+00 -7.4610675410e+00\n  288    0 1.0000000000 -7.2646559784e+00 -7.4887194657e+00\n  289    0 1.0000000000 -7.2789050429e+00 -7.5135776248e+00\n  290    0 1.0000000000 -7.2915018926e+00 -7.5356034136e+00\n  291    0 1.0000000000 -7.3024375148e+00 -7.5547625450e+00\n  292    0 1.0000000000 -7.3117040705e+00 -7.5710251322e+00\n  293    0 1.0000000000 -7.3192949065e+00 -7.5843657619e+00\n  294    0 1.0000000000 -7.3252045654e+00 -7.5947635561e+00\n  295    0 1.0000000000 -7.3294287939e+00 -7.6022022232e+00\n  296    0 1.0000000000 -7.3319645494e+00 -7.6066700976e+00\n  297    0 1.0000000000 -7.3328100044e+00 -7.6081601687e+00\n