SINGLE-ORBITAL NN+NNN EFFECTIVE MODEL FIT

m=4
eon=0.0
t0=1.0
l_decay=0.5
dl=7.0
pairing=./m=4/pairing.txt
microscopic_orbitals=34

E_eff(k) = eps0 + 2*t1[cos(k.u1)+cos(k.u2)] + 4*t2*cos(k.u1)*cos(k.u2)

eps0     = -5.75383888787858e+00
t1       = -4.16821195530543e-01
t2       = -3.11414950701536e-02

RMSE=2.45827087273667e-01
MAE=2.03031300698976e-01
max_abs_error=5.26829903978504e-01
optimizer_success=True
optimizer_message=Linear least-squares solution
minimum_tracking_continuity=1.0000000000
mean_tracking_continuity=1.0000000000

# k_index idx continuity target fit\n    0    0 1.0000000000 -7.3459770978e+00 -7.5456896503e+00\n    1    0 1.0000000000 -7.3457249251e+00 -7.5452072330e+00\n    2    0 1.0000000000 -7.3449684669e+00 -7.5437604668e+00\n    3    0 1.0000000000 -7.3437079035e+00 -7.5413508086e+00\n    4    0 1.0000000000 -7.3419435350e+00 -7.5379806846e+00\n    5    0 1.0000000000 -7.3396757815e+00 -7.5336534883e+00\n    6    0 1.0000000000 -7.3369051829e+00 -7.5283735767e+00\n    7    0 1.0000000000 -7.3336323981e+00 -7.5221462664e+00\n    8    0 1.0000000000 -7.3298582050e+00 -7.5149778276e+00\n    9    0 1.0000000000 -7.3255834988e+00 -7.5068754785e+00\n   10    0 1.0000000000 -7.3208092914e+00 -7.4978473773e+00\n   11    0 1.0000000000 -7.3155367089e+00 -7.4879026147e+00\n   12    0 1.0000000000 -7.3097669899e+00 -7.4770512040e+00\n   13    0 1.0000000000 -7.3035014821e+00 -7.4653040719e+00\n   14    0 1.0000000000 -7.2967416400e+00 -7.4526730466e+00\n   15    0 1.0000000000 -7.2894890212e+00 -7.4391708466e+00\n   16    0 1.0000000000 -7.2817452834e+00 -7.4248110673e+00\n   17    0 1.0000000000 -7.2735121817e+00 -7.4096081680e+00\n   18    0 1.0000000000 -7.2647915665e+00 -7.3935774565e+00\n   19    0 1.0000000000 -7.2555853818e+00 -7.3767350745e+00\n   20    0 1.0000000000 -7.2458956646e+00 -7.3590979809e+00\n   21    0 1.0000000000 -7.2357245443e+00 -7.3406839346e+00\n   22    0 1.0000000000 -7.2250742434e+00 -7.3215114772e+00\n   23    0 1.0000000000 -7.2139470775e+00 -7.3015999135e+00\n   24    0 1.0000000000 -7.2023454556e+00 -7.2809692929e+00\n   25    0 1.0000000000 -7.1902718808e+00 -7.2596403886e+00\n   26    0 1.0000000000 -7.1777289504e+00 -7.2376346771e+00\n   27    0 1.0000000000 -7.1647193556e+00 -7.2149743163e+00\n   28    0 1.0000000000 -7.1512458809e+00 -7.1916821231e+00\n   29    0 1.0000000000 -7.1373114040e+00 -7.1677815509e+00\n   30    0 1.0000000000 -7.1229188947e+00 -7.1432966655e+00\n   31    0 1.0000000000 -7.1080714137e+00 -7.1182521212e+00\n   32    0 1.0000000000 -7.0927721114e+00 -7.0926731356e+00\n   33    0 1.0000000000 -7.0770242268e+00 -7.0665854646e+00\n   34    0 1.0000000000 -7.0608310860e+00 -7.0400153763e+00\n   35    0 1.0000000000 -7.0441961006e+00 -7.0129896246e+00\n   36    0 1.0000000000 -7.0271227659e+00 -6.9855354220e+00\n   37    0 1.0000000000 -7.0096146598e+00 -6.9576804126e+00\n   38    0 1.0000000000 -6.9916754408e+00 -6.9294526441e+00\n   39    0 1.0000000000 -6.9733088461e+00 -6.9008805394e+00\n   40    0 1.0000000000 -6.9545186902e+00 -6.8719928682e+00\n   41    0 1.0000000000 -6.9353088632e+00 -6.8428187180e+00\n   42    0 1.0000000000 -6.9156833286e+00 -6.8133874646e+00\n   43    0 1.0000000000 -6.8956461219e+00 -6.7837287428e+00\n   44    0 1.0000000000 -6.8752013483e+00 -6.7538724164e+00\n   45    0 1.0000000000 -6.8543531816e+00 -6.7238485483e+00\n   46    0 1.0000000000 -6.8331058615e+00 -6.6936873699e+00\n   47    0 1.0000000000 -6.8114636923e+00 -6.6634192510e+00\n   48    0 1.0000000000 -6.7894310408e+00 -6.6330746690e+00\n   49    0 1.0000000000 -6.7670123346e+00 -6.6026841783e+00\n   50    0 1.0000000000 -6.7442120596e+00 -6.5722783796e+00\n   51    0 1.0000000000 -6.7210347590e+00 -6.5418878889e+00\n   52    0 1.0000000000 -6.6974850306e+00 -6.5115433069e+00\n   53    0 1.0000000000 -6.6735675250e+00 -6.4812751879e+00\n   54    0 1.0000000000 -6.6492869440e+00 -6.4511140095e+00\n   55    0 1.0000000000 -6.6246480384e+00 -6.4210901414e+00\n   56    0 1.0000000000 -6.5996556059e+00 -6.3912338151e+00\n   57    0 1.0000000000 -6.5743144894e+00 -6.3615750933e+00\n   58    0 1.0000000000 -6.5486295750e+00 -6.3321438399e+00\n   59    0 1.0000000000 -6.5226057897e+00 -6.3029696897e+00\n   60    0 1.0000000000 -6.4962480998e+00 -6.2740820185e+00\n   61    0 1.0000000000 -6.4695615090e+00 -6.2455099138e+00\n   62    0 1.0000000000 -6.4425510558e+00 -6.2172821453e+00\n   63    0 1.0000000000 -6.4152218123e+00 -6.1894271359e+00\n   64    0 1.0000000000 -6.3875788817e+00 -6.1619729333e+00\n   65    0 1.0000000000 -6.3596273968e+00 -6.1349471815e+00\n   66    0 1.0000000000 -6.3313725173e+00 -6.1083770933e+00\n   67    0 1.0000000000 -6.3028194287e+00 -6.0822894223e+00\n   68    0 1.0000000000 -6.2739733400e+00 -6.0567104367e+00\n   69    0 1.0000000000 -6.2448394814e+00 -6.0316658923e+00\n   70    0 1.0000000000 -6.2154231030e+00 -6.0071810070e+00\n   71    0 1.0000000000 -6.1857294725e+00 -5.9832804348e+00\n   72    0 1.0000000000 -6.1557638736e+00 -5.9599882416e+00\n   73    0 1.0000000000 -6.1255316037e+00 -5.9373278808e+00\n   74    0 1.0000000000 -6.0950379723e+00 -5.9153221693e+00\n   75    0 1.0000000000 -6.0642882992e+00 -5.8939932650e+00\n   76    0 1.0000000000 -6.0332879125e+00 -5.8733626444e+00\n   77    0 1.0000000000 -6.0020421468e+00 -5.8534510807e+00\n   78    0 1.0000000000 -5.9705563414e+00 -5.8342786232e+00\n   79    0 1.0000000000 -5.9388358389e+00 -5.8158645770e+00\n   80    0 1.0000000000 -5.9068859826e+00 -5.7982274833e+00\n   81    0 1.0000000000 -5.8747121156e+00 -5.7813851014e+00\n   82    0 1.0000000000 -5.8423195786e+00 -5.7653543899e+00\n   83    0 1.0000000000 -5.8097137086e+00 -5.7501514905e+00\n   84    0 1.0000000000 -5.7768998368e+00 -5.7357917113e+00\n   85    0 1.0000000000 -5.7438832872e+00 -5.7222895112e+00\n   86    0 1.0000000000 -5.7106693753e+00 -5.7096584860e+00\n   87    0 1.0000000000 -5.6772634061e+00 -5.6979113538e+00\n   88    0 1.0000000000 -5.6436706730e+00 -5.6870599432e+00\n   89    0 1.0000000000 -5.6098964565e+00 -5.6771151806e+00\n   90    0 1.0000000000 -5.5759460227e+00 -5.6680870794e+00\n   91    0 1.0000000000 -5.5418246232e+00 -5.6599847302e+00\n   92    0 1.0000000000 -5.5075374941e+00 -5.6528162915e+00\n   93    0 1.0000000000 -5.4730898578e+00 -5.6465889812e+00\n   94    0 1.0000000000 -5.4384869266e+00 -5.6413090696e+00\n   95    0 1.0000000000 -5.4037339150e+00 -5.6369818733e+00\n   96    0 1.0000000000 -5.3688360772e+00 -5.6336117493e+00\n   97    0 1.0000000000 -5.3337988528e+00 -5.6312020911e+00\n   98    0 1.0000000000 -5.2986287702e+00 -5.6297553249e+00\n   99    0 1.0000000000 -5.2633675952e+00 -5.6292729076e+00\n  100    0 1.0000000000 -5.2632113429e+00 -5.6289159177e+00\n  101    0 1.0000000000 -5.2626973314e+00 -5.6278453074e+00\n  102    0 1.0000000000 -5.2618256531e+00 -5.6260621547e+00\n  103    0 1.0000000000 -5.2605964709e+00 -5.6235682552e+00\n  104    0 1.0000000000 -5.2590100178e+00 -5.6203661199e+00\n  105    0 1.0000000000 -5.2570665973e+00 -5.6164589731e+00\n  106    0 1.0000000000 -5.2547665827e+00 -5.6118507491e+00\n  107    0 1.0000000000 -5.2521104176e+00 -5.6065460878e+00\n  108    0 1.0000000000 -5.2490986150e+00 -5.6005503307e+00\n  109    0 1.0000000000 -5.2457317574e+00 -5.5938695150e+00\n  110    0 1.0000000000 -5.2420104968e+00 -5.5865103676e+00\n  111    0 1.0000000000 -5.2379355538e+00 -5.5784802986e+00\n  112    0 1.0000000000 -5.2335077179e+00 -5.5697873937e+00\n  113    0 1.0000000000 -5.2287278467e+00 -5.5604404058e+00\n  114    0 1.0000000000 -5.2235968660e+00 -5.5504487465e+00\n  115    0 1.0000000000 -5.2181157687e+00 -5.5398224767e+00\n  116    0 1.0000000000 -5.2122856152e+00 -5.5285722960e+00\n  117    0 1.0000000000 -5.2061075323e+00 -5.5167095324e+00\n  118    0 1.0000000000 -5.1995827130e+00 -5.5042461308e+00\n  119    0 1.0000000000 -5.1927124160e+00 -5.4911946407e+00\n  120    0 1.0000000000 -5.1854979648e+00 -5.4775682039e+00\n  121    0 1.0000000000 -5.1779407479e+00 -5.4633805410e+00\n  122    0 1.0000000000 -5.1700422174e+00 -5.4486459379e+00\n  123    0 1.0000000000 -5.1618038888e+00 -5.4333792309e+00\n  124    0 1.0000000000 -5.1532273403e+00 -5.4175957924e+00\n  125    0 1.0000000000 -5.1443142121e+00 -5.4013115150e+00\n  126    0 1.0000000000 -5.1350662058e+00 -5.3845427956e+00\n  127    0 1.0000000000 -5.1254850834e+00 -5.3673065188e+00\n  128    0 1.0000000000 -5.1155726671e+00 -5.3496200401e+00\n  129    0 1.0000000000 -5.1053308378e+00 -5.3315011683e+00\n  130    0 1.0000000000 -5.0947615351e+00 -5.3129681476e+00\n  131    0 1.0000000000 -5.0838667559e+00 -5.2940396391e+00\n  132    0 1.0000000000 -5.0726485538e+00 -5.2747347022e+00\n  133    0 1.0000000000 -5.0611090383e+00 -5.2550727754e+00\n  134    0 1.0000000000 -5.0492503739e+00 -5.2350736566e+00\n  135    0 1.0000000000 -5.0370747791e+00 -5.2147574832e+00\n  136    0 1.0000000000 -5.0245845258e+00 -5.1941447119e+00\n  137    0 1.0000000000 -5.0117819378e+00 -5.1732560979e+00\n  138    0 1.0000000000 -4.9986693907e+00 -5.1521126743e+00\n  139    0 1.0000000000 -4.9852493099e+00 -5.1307357308e+00\n  140    0 1.0000000000 -4.9715241707e+00 -5.1091467922e+00\n  141    0 1.0000000000 -4.9574964966e+00 -5.0873675966e+00\n  142    0 1.0000000000 -4.9431688584e+00 -5.0654200739e+00\n  143    0 1.0000000000 -4.9285438734e+00 -5.0433263234e+00\n  144    0 1.0000000000 -4.9136242042e+00 -5.0211085915e+00\n  145    0 1.0000000000 -4.8984125577e+00 -4.9987892498e+00\n  146    0 1.0000000000 -4.8829116841e+00 -4.9763907718e+00\n  147    0 1.0000000000 -4.8671243757e+00 -4.9539357109e+00\n  148    0 1.0000000000 -4.8510534660e+00 -4.9314466775e+00\n  149    0 1.0000000000 -4.8347018283e+00 -4.9089463161e+00\n  150    0 1.0000000000 -4.8180723749e+00 -4.8864572827e+00\n  151    0 1.0000000000 -4.8011680560e+00 -4.8640022219e+00\n  152    0 1.0000000000 -4.7839918584e+00 -4.8416037439e+00\n  153    0 1.0000000000 -4.7665468043e+00 -4.8192844021e+00\n  154    0 1.0000000000 -4.7488359504e+00 -4.7970666703e+00\n  155    0 1.0000000000 -4.7308623869e+00 -4.7749729197e+00\n  156    0 1.0000000000 -4.7126292359e+00 -4.7530253970e+00\n  157    0 1.0000000000 -4.6941396505e+00 -4.7312462014e+00\n  158    0 1.0000000000 -4.6753968136e+00 -4.7096572628e+00\n  159    0 1.0000000000 -4.6564039370e+00 -4.6882803193e+00\n  160    0 1.0000000000 -4.6371642597e+00 -4.6671368958e+00\n  161    0 1.0000000000 -4.6176810473e+00 -4.6462482818e+00\n  162    0 1.0000000000 -4.5979575906e+00 -4.6256355104e+00\n  163    0 1.0000000000 -4.5779972043e+00 -4.6053193370e+00\n  164    0 1.0000000000 -4.5578032261e+00 -4.5853202182e+00\n  165    0 1.0000000000 -4.5373790152e+00 -4.5656582914e+00\n  166    0 1.0000000000 -4.5167279517e+00 -4.5463533546e+00\n  167    0 1.0000000000 -4.4958534348e+00 -4.5274248461e+00\n  168    0 1.0000000000 -4.4747588821e+00 -4.5088918253e+00\n  169    0 1.0000000000 -4.4534477282e+00 -4.4907729535e+00\n  170    0 1.0000000000 -4.4319234237e+00 -4.4730864748e+00\n  171    0 1.0000000000 -4.4101894341e+00 -4.4558501980e+00\n  172    0 1.0000000000 -4.3882492383e+00 -4.4390814786e+00\n  173    0 1.0000000000 -4.3661063280e+00 -4.4227972012e+00\n  174    0 1.0000000000 -4.3437642061e+00 -4.4070137627e+00\n  175    0 1.0000000000 -4.3212263858e+00 -4.3917470558e+00\n  176    0 1.0000000000 -4.2984963898e+00 -4.3770124526e+00\n  177    0 1.0000000000 -4.2755777484e+00 -4.3628247897e+00\n  178    0 1.0000000000 -4.2524739992e+00 -4.3491983529e+00\n  179    0 1.0000000000 -4.2291886856e+00 -4.3361468628e+00\n  180    0 1.0000000000 -4.2057253558e+00 -4.3236834612e+00\n  181    0 1.0000000000 -4.1820875618e+00 -4.3118206977e+00\n  182    0 1.0000000000 -4.1582788583e+00 -4.3005705170e+00\n  183    0 1.0000000000 -4.1343028017e+00 -4.2899442471e+00\n  184    0 1.0000000000 -4.1101629490e+00 -4.2799525879e+00\n  185    0 1.0000000000 -4.0858628570e+00 -4.2706055999e+00\n  186    0 1.0000000000 -4.0614060811e+00 -4.2619126950e+00\n  187    0 1.0000000000 -4.0367961745e+00 -4.2538826260e+00\n  188    0 1.0000000000 -4.0120366873e+00 -4.2465234787e+00\n  189    0 1.0000000000 -3.9871311655e+00 -4.2398426629e+00\n  190    0 1.0000000000 -3.9620831508e+00 -4.2338469058e+00\n  191    0 1.0000000000 -3.9368961795e+00 -4.2285422446e+00\n  192    0 1.0000000000 -3.9115737831e+00 -4.2239340205e+00\n  193    0 1.0000000000 -3.8861194894e+00 -4.2200268738e+00\n  194    0 1.0000000000 -3.8605368266e+00 -4.2168247385e+00\n  195    0 1.0000000000 -3.8348293373e+00 -4.2143308389e+00\n  196    0 1.0000000000 -3.8090006322e+00 -4.2125476863e+00\n  197    0 1.0000000000 -3.7830547114e+00 -4.2114770760e+00\n  198    0 1.0000000000 -3.7570050036e+00 -4.2111200860e+00\n  199    0 1.0000000000 -3.8091547446e+00 -4.2118340975e+00\n  200    0 1.0000000000 -3.8614100283e+00 -4.2139757914e+00\n  201    0 1.0000000000 -3.9137336484e+00 -4.2175441459e+00\n  202    0 1.0000000000 -3.9661151761e+00 -4.2225374535e+00\n  203    0 1.0000000000 -4.0185447912e+00 -4.2289533157e+00\n  204    0 1.0000000000 -4.0710126225e+00 -4.2367886348e+00\n  205    0 1.0000000000 -4.1235086416e+00 -4.2460396030e+00\n  206    0 1.0000000000 -4.1760226348e+00 -4.2567016904e+00\n  207    0 1.0000000000 -4.2285441947e+00 -4.2687696300e+00\n  208    0 1.0000000000 -4.2810627176e+00 -4.2822374010e+00\n  209    0 1.0000000000 -4.3335674025e+00 -4.2970982100e+00\n  210    0 1.0000000000 -4.3860472526e+00 -4.3133444711e+00\n  211    0 1.0000000000 -4.4384910758e+00 -4.3309677832e+00\n  212    0 1.0000000000 -4.4908874872e+00 -4.3499589069e+00\n  213    0 1.0000000000 -4.5432249112e+00 -4.3703077394e+00\n  214    0 1.0000000000 -4.5954915834e+00 -4.3920032884e+00\n  215    0 1.0000000000 -4.6476755541e+00 -4.4150336445e+00\n  216    0 1.0000000000 -4.6997646907e+00 -4.4393859540e+00\n  217    0 1.0000000000 -4.7517466813e+00 -4.4650463894e+00\n  218    0 1.0000000000 -4.8036090380e+00 -4.4920001210e+00\n  219    0 1.0000000000 -4.8553391009e+00 -4.5202312867e+00\n  220    0 1.0000000000 -4.9069240419e+00 -4.5497229633e+00\n  221    0 1.0000000000 -4.9583508689e+00 -4.5804571369e+00\n  222    0 1.0000000000 -5.0096064310e+00 -4.6124146740e+00\n  223    0 1.0000000000 -5.0606774222e+00 -4.6455752930e+00\n  224    0 1.0000000000 -5.1115503875e+00 -4.6799175373e+00\n  225    0 1.0000000000 -5.1622117274e+00 -4.7154187482e+00\n  226    0 1.0000000000 -5.2126477043e+00 -4.7520550402e+00\n  227    0 1.0000000000 -5.2628444473e+00 -4.7898012768e+00\n  228    0 1.0000000000 -5.3127879592e+00 -4.8286310492e+00\n  229    0 1.0000000000 -5.3624641225e+00 -4.8685166554e+00\n  230    0 1.0000000000 -5.4118587057e+00 -4.9094290827e+00\n  231    0 1.0000000000 -5.4609573706e+00 -4.9513379919e+00\n  232    0 1.0000000000 -5.5097456793e+00 -4.9942117041e+00\n  233    0 1.0000000000 -5.5582091014e+00 -5.0380171904e+00\n  234    0 1.0000000000 -5.6063330214e+00 -5.0827200639e+00\n  235    0 1.0000000000 -5.6541027472e+00 -5.1282845758e+00\n  236    0 1.0000000000 -5.7015035174e+00 -5.1746736134e+00\n  237    0 1.0000000000 -5.7485205101e+00 -5.2218487029e+00\n  238    0 1.0000000000 -5.7951388513e+00 -5.2697700143e+00\n  239    0 1.0000000000 -5.8413436233e+00 -5.3183963712e+00\n  240    0 1.0000000000 -5.8871198743e+00 -5.3676852631e+00\n  241    0 1.0000000000 -5.9324526269e+00 -5.4175928631e+00\n  242    0 1.0000000000 -5.9773268880e+00 -5.4680740477e+00\n  243    0 1.0000000000 -6.0217276578e+00 -5.5190824225e+00\n  244    0 1.0000000000 -6.0656399402e+00 -5.5705703502e+00\n  245    0 1.0000000000 -6.1090487519e+00 -5.6224889844e+00\n  246    0 1.0000000000 -6.1519391332e+00 -5.6747883059e+00\n  247    0 1.0000000000 -6.1942961578e+00 -5.7274171647e+00\n  248    0 1.0000000000 -6.2361049432e+00 -5.7803233248e+00\n  249    0 1.0000000000 -6.2773506614e+00 -5.8334535142e+00\n  250    0 1.0000000000 -6.3180185493e+00 -5.8867534785e+00\n  251    0 1.0000000000 -6.3580939196e+00 -5.9401680382e+00\n  252    0 1.0000000000 -6.3975621715e+00 -5.9936411507e+00\n  253    0 1.0000000000 -6.4364088018e+00 -6.0471159759e+00\n  254    0 1.0000000000 -6.4746194155e+00 -6.1005349449e+00\n  255    0 1.0000000000 -6.5121797376e+00 -6.1538398340e+00\n  256    0 1.0000000000 -6.5490756233e+00 -6.2069718400e+00\n  257    0 1.0000000000 -6.5852930699e+00 -6.2598716609e+00\n  258    0 1.0000000000 -6.6208182277e+00 -6.3124795788e+00\n  259    0 1.0000000000 -6.6556374111e+00 -6.3647355459e+00\n  260    0 1.0000000000 -6.6897371097e+00 -6.4165792732e+00\n  261    0 1.0000000000 -6.7231040001e+00 -6.4679503228e+00\n  262    0 1.0000000000 -6.7557249560e+00 -6.5187882013e+00\n  263    0 1.0000000000 -6.7875870605e+00 -6.5690324561e+00\n  264    0 1.0000000000 -6.8186776160e+00 -6.6186227740e+00\n  265    0 1.0000000000 -6.8489841562e+00 -6.6674990805e+00\n  266    0 1.0000000000 -6.8784944563e+00 -6.7156016414e+00\n  267    0 1.0000000000 -6.9071965442e+00 -6.7628711654e+00\n  268    0 1.0000000000 -6.9350787109e+00 -6.8092489074e+00\n  269    0 1.0000000000 -6.9621295216e+00 -6.8546767725e+00\n  270    0 1.0000000000 -6.9883378257e+00 -6.8990974205e+00\n  271    0 1.0000000000 -7.0136927675e+00 -6.9424543702e+00\n  272    0 1.0000000000 -7.0381837962e+00 -6.9846921037e+00\n  273    0 1.0000000000 -7.0618006757e+00 -7.0257561700e+00\n  274    0 1.0000000000 -7.0845334947e+00 -7.0655932881e+00\n  275    0 1.0000000000 -7.1063726760e+00 -7.1041514482e+00\n  276    0 1.0000000000 -7.1273089854e+00 -7.1413800123e+00\n  277    0 1.0000000000 -7.1473335401e+00 -7.1772298127e+00\n  278    0 1.0000000000 -7.1664378164e+00 -7.2116532486e+00\n  279    0 1.0000000000 -7.1846136563e+00 -7.2446043804e+00\n  280    0 1.0000000000 -7.2018532726e+00 -7.2760390209e+00\n  281    0 1.0000000000 -7.2181492521e+00 -7.3059148249e+00\n  282    0 1.0000000000 -7.2334945569e+00 -7.3341913742e+00\n  283    0 1.0000000000 -7.2478825241e+00 -7.3608302602e+00\n  284    0 1.0000000000 -7.2613068633e+00 -7.3857951629e+00\n  285    0 1.0000000000 -7.2737616555e+00 -7.4090519249e+00\n  286    0 1.0000000000 -7.2852413524e+00 -7.4305686230e+00\n  287    0 1.0000000000 -7.2957407814e+00 -7.4503156341e+00\n  288    0 1.0000000000 -7.3052551546e+00 -7.4682656970e+00\n  289    0 1.0000000000 -7.3137800830e+00 -7.4843939699e+00\n  290    0 1.0000000000 -7.3213115937e+00 -7.4986780824e+00\n  291    0 1.0000000000 -7.3278461479e+00 -7.5110981829e+00\n  292    0 1.0000000000 -7.3333806559e+00 -7.5216369804e+00\n  293    0 1.0000000000 -7.3379124901e+00 -7.5302797814e+00\n  294    0 1.0000000000 -7.3414394931e+00 -7.5370145209e+00\n  295    0 1.0000000000 -7.3439599836e+00 -7.5418317883e+00\n  296    0 1.0000000000 -7.3454727591e+00 -7.5447248472e+00\n  297    0 1.0000000000 -7.3459770978e+00 -7.5456896503e+00\n