SINGLE-ORBITAL NN+NNN EFFECTIVE MODEL FIT

m=5
eon=0.0
t0=1.0
l_decay=0.5
dl=7.0
pairing=./m=5/pairing.txt
microscopic_orbitals=52

E_eff(k) = eps0 + 2*t1[cos(k.u1)+cos(k.u2)] + 4*t2*cos(k.u1)*cos(k.u2)

eps0     = -6.23784433815847e+00
t1       = -2.98215457424098e-01
t2       = -1.56002783240278e-02

RMSE=1.85118853473907e-01
MAE=1.51298226848692e-01
max_abs_error=4.00600950993483e-01
optimizer_success=True
optimizer_message=Linear least-squares solution
minimum_tracking_continuity=1.0000000000
mean_tracking_continuity=1.0000000000

# k_index idx continuity target fit\n    0    0 1.0000000000 -7.3476260446e+00 -7.4931072812e+00\n    1    0 1.0000000000 -7.3474605884e+00 -7.4927755871e+00\n    2    0 1.0000000000 -7.3469642444e+00 -7.4917808391e+00\n    3    0 1.0000000000 -7.3461370869e+00 -7.4901240387e+00\n    4    0 1.0000000000 -7.3449792398e+00 -7.4878068542e+00\n    5    0 1.0000000000 -7.3434908761e+00 -7.4848316187e+00\n    6    0 1.0000000000 -7.3416722186e+00 -7.4812013281e+00\n    7    0 1.0000000000 -7.3395235391e+00 -7.4769196378e+00\n    8    0 1.0000000000 -7.3370451589e+00 -7.4719908591e+00\n    9    0 1.0000000000 -7.3342374483e+00 -7.4664199548e+00\n   10    0 1.0000000000 -7.3311008267e+00 -7.4602125344e+00\n   11    0 1.0000000000 -7.3276357625e+00 -7.4533748482e+00\n   12    0 1.0000000000 -7.3238427726e+00 -7.4459137812e+00\n   13    0 1.0000000000 -7.3197224227e+00 -7.4378368460e+00\n   14    0 1.0000000000 -7.3152753267e+00 -7.4291521755e+00\n   15    0 1.0000000000 -7.3105021469e+00 -7.4198685143e+00\n   16    0 1.0000000000 -7.3054035931e+00 -7.4099952104e+00\n   17    0 1.0000000000 -7.2999804231e+00 -7.3995422053e+00\n   18    0 1.0000000000 -7.2942334418e+00 -7.3885200242e+00\n   19    0 1.0000000000 -7.2881635013e+00 -7.3769397657e+00\n   20    0 1.0000000000 -7.2817715001e+00 -7.3648130900e+00\n   21    0 1.0000000000 -7.2750583831e+00 -7.3521522076e+00\n   22    0 1.0000000000 -7.2680251411e+00 -7.3389698671e+00\n   23    0 1.0000000000 -7.2606728100e+00 -7.3252793419e+00\n   24    0 1.0000000000 -7.2530024709e+00 -7.3110944172e+00\n   25    0 1.0000000000 -7.2450152492e+00 -7.2964293760e+00\n   26    0 1.0000000000 -7.2367123142e+00 -7.2812989847e+00\n   27    0 1.0000000000 -7.2280948787e+00 -7.2657184785e+00\n   28    0 1.0000000000 -7.2191641984e+00 -7.2497035455e+00\n   29    0 1.0000000000 -7.2099215711e+00 -7.2332703114e+00\n   30    0 1.0000000000 -7.2003683367e+00 -7.2164353232e+00\n   31    0 1.0000000000 -7.1905058763e+00 -7.1992155321e+00\n   32    0 1.0000000000 -7.1803356119e+00 -7.1816282771e+00\n   33    0 1.0000000000 -7.1698590055e+00 -7.1636912671e+00\n   34    0 1.0000000000 -7.1590775593e+00 -7.1454225630e+00\n   35    0 1.0000000000 -7.1479928146e+00 -7.1268405600e+00\n   36    0 1.0000000000 -7.1366063518e+00 -7.1079639685e+00\n   37    0 1.0000000000 -7.1249197896e+00 -7.0888117957e+00\n   38    0 1.0000000000 -7.1129347846e+00 -7.0694033262e+00\n   39    0 1.0000000000 -7.1006530313e+00 -7.0497581026e+00\n   40    0 1.0000000000 -7.0880762610e+00 -7.0298959061e+00\n   41    0 1.0000000000 -7.0752062417e+00 -7.0098367361e+00\n   42    0 1.0000000000 -7.0620447778e+00 -6.9896007906e+00\n   43    0 1.0000000000 -7.0485937094e+00 -6.9692084455e+00\n   44    0 1.0000000000 -7.0348549116e+00 -6.9486802341e+00\n   45    0 1.0000000000 -7.0208302947e+00 -6.9280368265e+00\n   46    0 1.0000000000 -7.0065218029e+00 -6.9072990090e+00\n   47    0 1.0000000000 -6.9919314143e+00 -6.8864876628e+00\n   48    0 1.0000000000 -6.9770611402e+00 -6.8656237431e+00\n   49    0 1.0000000000 -6.9619130245e+00 -6.8447282581e+00\n   50    0 1.0000000000 -6.9464891433e+00 -6.8238222479e+00\n   51    0 1.0000000000 -6.9307916040e+00 -6.8029267629e+00\n   52    0 1.0000000000 -6.9148225449e+00 -6.7820628432e+00\n   53    0 1.0000000000 -6.8985841349e+00 -6.7612514970e+00\n   54    0 1.0000000000 -6.8820785722e+00 -6.7405136795e+00\n   55    0 1.0000000000 -6.8653080841e+00 -6.7198702719e+00\n   56    0 1.0000000000 -6.8482749265e+00 -6.6993420605e+00\n   57    0 1.0000000000 -6.8309813829e+00 -6.6789497154e+00\n   58    0 1.0000000000 -6.8134297638e+00 -6.6587137699e+00\n   59    0 1.0000000000 -6.7956224062e+00 -6.6386545999e+00\n   60    0 1.0000000000 -6.7775616730e+00 -6.6187924034e+00\n   61    0 1.0000000000 -6.7592499520e+00 -6.5991471798e+00\n   62    0 1.0000000000 -6.7406896554e+00 -6.5797387103e+00\n   63    0 1.0000000000 -6.7218832191e+00 -6.5605865375e+00\n   64    0 1.0000000000 -6.7028331023e+00 -6.5417099460e+00\n   65    0 1.0000000000 -6.6835417861e+00 -6.5231279430e+00\n   66    0 1.0000000000 -6.6640117736e+00 -6.5048592389e+00\n   67    0 1.0000000000 -6.6442455887e+00 -6.4869222289e+00\n   68    0 1.0000000000 -6.6242457755e+00 -6.4693349739e+00\n   69    0 1.0000000000 -6.6040148978e+00 -6.4521151828e+00\n   70    0 1.0000000000 -6.5835555381e+00 -6.4352801946e+00\n   71    0 1.0000000000 -6.5628702971e+00 -6.4188469605e+00\n   72    0 1.0000000000 -6.5419617930e+00 -6.4028320275e+00\n   73    0 1.0000000000 -6.5208326608e+00 -6.3872515213e+00\n   74    0 1.0000000000 -6.4994855513e+00 -6.3721211300e+00\n   75    0 1.0000000000 -6.4779231310e+00 -6.3574560888e+00\n   76    0 1.0000000000 -6.4561480807e+00 -6.3432711641e+00\n   77    0 1.0000000000 -6.4341630954e+00 -6.3295806389e+00\n   78    0 1.0000000000 -6.4119708833e+00 -6.3163982984e+00\n   79    0 1.0000000000 -6.3895741651e+00 -6.3037374160e+00\n   80    0 1.0000000000 -6.3669756734e+00 -6.2916107403e+00\n   81    0 1.0000000000 -6.3441781520e+00 -6.2800304818e+00\n   82    0 1.0000000000 -6.3211843553e+00 -6.2690083008e+00\n   83    0 1.0000000000 -6.2979970473e+00 -6.2585552956e+00\n   84    0 1.0000000000 -6.2746190013e+00 -6.2486819917e+00\n   85    0 1.0000000000 -6.2510529991e+00 -6.2393983305e+00\n   86    0 1.0000000000 -6.2273018300e+00 -6.2307136600e+00\n   87    0 1.0000000000 -6.2033682908e+00 -6.2226367248e+00\n   88    0 1.0000000000 -6.1792551846e+00 -6.2151756578e+00\n   89    0 1.0000000000 -6.1549653202e+00 -6.2083379716e+00\n   90    0 1.0000000000 -6.1305015117e+00 -6.2021305512e+00\n   91    0 1.0000000000 -6.1058665777e+00 -6.1965596469e+00\n   92    0 1.0000000000 -6.0810633407e+00 -6.1916308682e+00\n   93    0 1.0000000000 -6.0560946266e+00 -6.1873491779e+00\n   94    0 1.0000000000 -6.0309632639e+00 -6.1837188873e+00\n   95    0 1.0000000000 -6.0056720840e+00 -6.1807436518e+00\n   96    0 1.0000000000 -5.9802239210e+00 -6.1784264673e+00\n   97    0 1.0000000000 -5.9546216151e+00 -6.1767696669e+00\n   98    0 1.0000000000 -5.9288680376e+00 -6.1757749189e+00\n   99    0 1.0000000000 -5.9029682451e+00 -6.1754432249e+00\n  100    0 1.0000000000 -5.9028450352e+00 -6.1751743635e+00\n  101    0 1.0000000000 -5.9024590875e+00 -6.1743680501e+00\n  102    0 1.0000000000 -5.9018104502e+00 -6.1730250966e+00\n  103    0 1.0000000000 -5.9008992073e+00 -6.1711468552e+00\n  104    0 1.0000000000 -5.8997254782e+00 -6.1687352171e+00\n  105    0 1.0000000000 -5.8982894181e+00 -6.1657926106e+00\n  106    0 1.0000000000 -5.8965912175e+00 -6.1623219988e+00\n  107    0 1.0000000000 -5.8946311025e+00 -6.1583268762e+00\n  108    0 1.0000000000 -5.8924093344e+00 -6.1538112656e+00\n  109    0 1.0000000000 -5.8899262099e+00 -6.1487797138e+00\n  110    0 1.0000000000 -5.8871820608e+00 -6.1432372871e+00\n  111    0 1.0000000000 -5.8841772542e+00 -6.1371895663e+00\n  112    0 1.0000000000 -5.8809121919e+00 -6.1306426410e+00\n  113    0 1.0000000000 -5.8773873108e+00 -6.1236031034e+00\n  114    0 1.0000000000 -5.8736030825e+00 -6.1160780416e+00\n  115    0 1.0000000000 -5.8695600130e+00 -6.1080750327e+00\n  116    0 1.0000000000 -5.8652586430e+00 -6.0996021352e+00\n  117    0 1.0000000000 -5.8606995472e+00 -6.0906678805e+00\n  118    0 1.0000000000 -5.8558833346e+00 -6.0812812646e+00\n  119    0 1.0000000000 -5.8508106479e+00 -6.0714517391e+00\n  120    0 1.0000000000 -5.8454821638e+00 -6.0611892015e+00\n  121    0 1.0000000000 -5.8398985924e+00 -6.0505039852e+00\n  122    0 1.0000000000 -5.8340606768e+00 -6.0394068495e+00\n  123    0 1.0000000000 -5.8279691937e+00 -6.0279089681e+00\n  124    0 1.0000000000 -5.8216249522e+00 -6.0160219184e+00\n  125    0 1.0000000000 -5.8150287943e+00 -6.0037576697e+00\n  126    0 1.0000000000 -5.8081815941e+00 -5.9911285711e+00\n  127    0 1.0000000000 -5.8010842581e+00 -5.9781473390e+00\n  128    0 1.0000000000 -5.7937377242e+00 -5.9648270444e+00\n  129    0 1.0000000000 -5.7861429623e+00 -5.9511810996e+00\n  130    0 1.0000000000 -5.7783009732e+00 -5.9372232451e+00\n  131    0 1.0000000000 -5.7702127889e+00 -5.9229675352e+00\n  132    0 1.0000000000 -5.7618794720e+00 -5.9084283241e+00\n  133    0 1.0000000000 -5.7533021152e+00 -5.8936202516e+00\n  134    0 1.0000000000 -5.7444818416e+00 -5.8785582283e+00\n  135    0 1.0000000000 -5.7354198039e+00 -5.8632574203e+00\n  136    0 1.0000000000 -5.7261171839e+00 -5.8477332341e+00\n  137    0 1.0000000000 -5.7165751928e+00 -5.8320013014e+00\n  138    0 1.0000000000 -5.7067950701e+00 -5.8160774629e+00\n  139    0 1.0000000000 -5.6967780840e+00 -5.7999777524e+00\n  140    0 1.0000000000 -5.6865255304e+00 -5.7837183812e+00\n  141    0 1.0000000000 -5.6760387327e+00 -5.7673157209e+00\n  142    0 1.0000000000 -5.6653190418e+00 -5.7507862876e+00\n  143    0 1.0000000000 -5.6543678352e+00 -5.7341467252e+00\n  144    0 1.0000000000 -5.6431865168e+00 -5.7174137882e+00\n  145    0 1.0000000000 -5.6317765166e+00 -5.7006043252e+00\n  146    0 1.0000000000 -5.6201392902e+00 -5.6837352620e+00\n  147    0 1.0000000000 -5.6082763186e+00 -5.6668235844e+00\n  148    0 1.0000000000 -5.5961891072e+00 -5.6498863208e+00\n  149    0 1.0000000000 -5.5838791860e+00 -5.6329405258e+00\n  150    0 1.0000000000 -5.5713481092e+00 -5.6160032622e+00\n  151    0 1.0000000000 -5.5585974540e+00 -5.5990915846e+00\n  152    0 1.0000000000 -5.5456288212e+00 -5.5822225214e+00\n  153    0 1.0000000000 -5.5324438339e+00 -5.5654130585e+00\n  154    0 1.0000000000 -5.5190441375e+00 -5.5486801215e+00\n  155    0 1.0000000000 -5.5054313993e+00 -5.5320405590e+00\n  156    0 1.0000000000 -5.4916073077e+00 -5.5155111258e+00\n  157    0 1.0000000000 -5.4775735722e+00 -5.4991084655e+00\n  158    0 1.0000000000 -5.4633319223e+00 -5.4828490942e+00\n  159    0 1.0000000000 -5.4488841079e+00 -5.4667493838e+00\n  160    0 1.0000000000 -5.4342318981e+00 -5.4508255452e+00\n  161    0 1.0000000000 -5.4193770810e+00 -5.4350936125e+00\n  162    0 1.0000000000 -5.4043214633e+00 -5.4195694264e+00\n  163    0 1.0000000000 -5.3890668697e+00 -5.4042686183e+00\n  164    0 1.0000000000 -5.3736151426e+00 -5.3892065950e+00\n  165    0 1.0000000000 -5.3579681414e+00 -5.3743985225e+00\n  166    0 1.0000000000 -5.3421277420e+00 -5.3598593115e+00\n  167    0 1.0000000000 -5.3260958368e+00 -5.3456036015e+00\n  168    0 1.0000000000 -5.3098743335e+00 -5.3316457470e+00\n  169    0 1.0000000000 -5.2934651552e+00 -5.3179998023e+00\n  170    0 1.0000000000 -5.2768702396e+00 -5.3046795076e+00\n  171    0 1.0000000000 -5.2600915386e+00 -5.2916982755e+00\n  172    0 1.0000000000 -5.2431310180e+00 -5.2790691769e+00\n  173    0 1.0000000000 -5.2259906565e+00 -5.2668049282e+00\n  174    0 1.0000000000 -5.2086724458e+00 -5.2549178786e+00\n  175    0 1.0000000000 -5.1911783898e+00 -5.2434199971e+00\n  176    0 1.0000000000 -5.1735105043e+00 -5.2323228614e+00\n  177    0 1.0000000000 -5.1556708162e+00 -5.2216376451e+00\n  178    0 1.0000000000 -5.1376613633e+00 -5.2113751075e+00\n  179    0 1.0000000000 -5.1194841937e+00 -5.2015455820e+00\n  180    0 1.0000000000 -5.1011413654e+00 -5.1921589661e+00\n  181    0 1.0000000000 -5.0826349456e+00 -5.1832247114e+00\n  182    0 1.0000000000 -5.0639670106e+00 -5.1747518139e+00\n  183    0 1.0000000000 -5.0451396449e+00 -5.1667488051e+00\n  184    0 1.0000000000 -5.0261549410e+00 -5.1592237433e+00\n  185    0 1.0000000000 -5.0070149990e+00 -5.1521842056e+00\n  186    0 1.0000000000 -4.9877219257e+00 -5.1456372803e+00\n  187    0 1.0000000000 -4.9682778345e+00 -5.1395895595e+00\n  188    0 1.0000000000 -4.9486848449e+00 -5.1340471328e+00\n  189    0 1.0000000000 -4.9289450820e+00 -5.1290155810e+00\n  190    0 1.0000000000 -4.9090606759e+00 -5.1244999704e+00\n  191    0 1.0000000000 -4.8890337614e+00 -5.1205048478e+00\n  192    0 1.0000000000 -4.8688664777e+00 -5.1170342360e+00\n  193    0 1.0000000000 -4.8485609677e+00 -5.1140916295e+00\n  194    0 1.0000000000 -4.8281193780e+00 -5.1116799915e+00\n  195    0 1.0000000000 -4.8075438589e+00 -5.1098017500e+00\n  196    0 1.0000000000 -4.7868365665e+00 -5.1084587965e+00\n  197    0 1.0000000000 -4.7659996786e+00 -5.1076524831e+00\n  198    0 1.0000000000 -4.7460147405e+00 -5.1073836218e+00\n  199    0 1.0000000000 -4.7870177204e+00 -5.1079213603e+00\n  200    0 1.0000000000 -4.8289172719e+00 -5.1095342242e+00\n  201    0 1.0000000000 -4.8707269323e+00 -5.1122211578e+00\n  202    0 1.0000000000 -4.9124398520e+00 -5.1159804001e+00\n  203    0 1.0000000000 -4.9540491425e+00 -5.1208094831e+00\n  204    0 1.0000000000 -4.9955478521e+00 -5.1267052286e+00\n  205    0 1.0000000000 -5.0369289633e+00 -5.1336637451e+00\n  206    0 1.0000000000 -5.0781853936e+00 -5.1416804228e+00\n  207    0 1.0000000000 -5.1193099971e+00 -5.1507499292e+00\n  208    0 1.0000000000 -5.1602955662e+00 -5.1608662032e+00\n  209    0 1.0000000000 -5.2011348330e+00 -5.1720224489e+00\n  210    0 1.0000000000 -5.2418204716e+00 -5.1842111285e+00\n  211    0 1.0000000000 -5.2823451001e+00 -5.1974239554e+00\n  212    0 1.0000000000 -5.3227012826e+00 -5.2116518865e+00\n  213    0 1.0000000000 -5.3628815316e+00 -5.2268851137e+00\n  214    0 1.0000000000 -5.4028783098e+00 -5.2431130561e+00\n  215    0 1.0000000000 -5.4426840329e+00 -5.2603243511e+00\n  216    0 1.0000000000 -5.4822910718e+00 -5.2785068460e+00\n  217    0 1.0000000000 -5.5216917551e+00 -5.2976475896e+00\n  218    0 1.0000000000 -5.5608783716e+00 -5.3177328230e+00\n  219    0 1.0000000000 -5.5998431729e+00 -5.3387479720e+00\n  220    0 1.0000000000 -5.6385783762e+00 -5.3606776386e+00\n  221    0 1.0000000000 -5.6770761671e+00 -5.3835055933e+00\n  222    0 1.0000000000 -5.7153287021e+00 -5.4072147682e+00\n  223    0 1.0000000000 -5.7533281119e+00 -5.4317872499e+00\n  224    0 1.0000000000 -5.7910665041e+00 -5.4572042739e+00\n  225    0 1.0000000000 -5.8285359662e+00 -5.4834462193e+00\n  226    0 1.0000000000 -5.8657285689e+00 -5.5104926046e+00\n  227    0 1.0000000000 -5.9026363690e+00 -5.5383220840e+00\n  228    0 1.0000000000 -5.9392514128e+00 -5.5669124458e+00\n  229    0 1.0000000000 -5.9755657393e+00 -5.5962406109e+00\n  230    0 1.0000000000 -6.0115713833e+00 -5.6262826333e+00\n  231    0 1.0000000000 -6.0472603791e+00 -5.6570137016e+00\n  232    0 1.0000000000 -6.0826247639e+00 -5.6884081421e+00\n  233    0 1.0000000000 -6.1176565810e+00 -5.7204394234e+00\n  234    0 1.0000000000 -6.1523478837e+00 -5.7530801629e+00\n  235    0 1.0000000000 -6.1866907384e+00 -5.7863021343e+00\n  236    0 1.0000000000 -6.2206772288e+00 -5.8200762778e+00\n  237    0 1.0000000000 -6.2542994592e+00 -5.8543727115e+00\n  238    0 1.0000000000 -6.2875495580e+00 -5.8891607448e+00\n  239    0 1.0000000000 -6.3204196821e+00 -5.9244088938e+00\n  240    0 1.0000000000 -6.3529020199e+00 -5.9600848989e+00\n  241    0 1.0000000000 -6.3849887958e+00 -5.9961557442e+00\n  242    0 1.0000000000 -6.4166722736e+00 -6.0325876790e+00\n  243    0 1.0000000000 -6.4479447604e+00 -6.0693462416e+00\n  244    0 1.0000000000 -6.4787986107e+00 -6.1063962846e+00\n  245    0 1.0000000000 -6.5092262301e+00 -6.1437020033e+00\n  246    0 1.0000000000 -6.5392200793e+00 -6.1812269655e+00\n  247    0 1.0000000000 -6.5687726780e+00 -6.2189341437e+00\n  248    0 1.0000000000 -6.5978766089e+00 -6.2567859490e+00\n  249    0 1.0000000000 -6.6265245218e+00 -6.2947442679e+00\n  250    0 1.0000000000 -6.6547091371e+00 -6.3327705004e+00\n  251    0 1.0000000000 -6.6824232503e+00 -6.3708256004e+00\n  252    0 1.0000000000 -6.7096597356e+00 -6.4088701183e+00\n  253    0 1.0000000000 -6.7364115499e+00 -6.4468642449e+00\n  254    0 1.0000000000 -6.7626717370e+00 -6.4847678578e+00\n  255    0 1.0000000000 -6.7884334310e+00 -6.5225405692e+00\n  256    0 1.0000000000 -6.8136898607e+00 -6.5601417757e+00\n  257    0 1.0000000000 -6.8384343533e+00 -6.5975307092e+00\n  258    0 1.0000000000 -6.8626603380e+00 -6.6346664899e+00\n  259    0 1.0000000000 -6.8863613503e+00 -6.6715081804e+00\n  260    0 1.0000000000 -6.9095310350e+00 -6.7080148414e+00\n  261    0 1.0000000000 -6.9321631506e+00 -6.7441455879e+00\n  262    0 1.0000000000 -6.9542515725e+00 -6.7798596475e+00\n  263    0 1.0000000000 -6.9757902967e+00 -6.8151164188e+00\n  264    0 1.0000000000 -6.9967734431e+00 -6.8498755313e+00\n  265    0 1.0000000000 -7.0171952589e+00 -6.8840969053e+00\n  266    0 1.0000000000 -7.0370501219e+00 -6.9177408127e+00\n  267    0 1.0000000000 -7.0563325436e+00 -6.9507679388e+00\n  268    0 1.0000000000 -7.0750371721e+00 -6.9831394430e+00\n  269    0 1.0000000000 -7.0931587948e+00 -7.0148170209e+00\n  270    0 1.0000000000 -7.1106923418e+00 -7.0457629659e+00\n  271    0 1.0000000000 -7.1276328877e+00 -7.0759402302e+00\n  272    0 1.0000000000 -7.1439756547e+00 -7.1053124859e+00\n  273    0 1.0000000000 -7.1597160151e+00 -7.1338441860e+00\n  274    0 1.0000000000 -7.1748494936e+00 -7.1615006234e+00\n  275    0 1.0000000000 -7.1893717702e+00 -7.1882479907e+00\n  276    0 1.0000000000 -7.2032786824e+00 -7.2140534377e+00\n  277    0 1.0000000000 -7.2165662282e+00 -7.2388851286e+00\n  278    0 1.0000000000 -7.2292305690e+00 -7.2627122976e+00\n  279    0 1.0000000000 -7.2412680321e+00 -7.2855053029e+00\n  280    0 1.0000000000 -7.2526751143e+00 -7.3072356794e+00\n  281    0 1.0000000000 -7.2634484843e+00 -7.3278761897e+00\n  282    0 1.0000000000 -7.2735849860e+00 -7.3474008729e+00\n  283    0 1.0000000000 -7.2830816413e+00 -7.3657850916e+00\n  284    0 1.0000000000 -7.2919356525e+00 -7.3830055769e+00\n  285    0 1.0000000000 -7.3001444054e+00 -7.3990404709e+00\n  286    0 1.0000000000 -7.3077054712e+00 -7.4138693668e+00\n  287    0 1.0000000000 -7.3146166087e+00 -7.4274733469e+00\n  288    0 1.0000000000 -7.3208757660e+00 -7.4398350174e+00\n  289    0 1.0000000000 -7.3264810825e+00 -7.4509385408e+00\n  290    0 1.0000000000 -7.3314308899e+00 -7.4607696657e+00\n  291    0 1.0000000000 -7.3357237135e+00 -7.4693157535e+00\n  292    0 1.0000000000 -7.3393582734e+00 -7.4765658020e+00\n  293    0 1.0000000000 -7.3423334854e+00 -7.4825104661e+00\n  294    0 1.0000000000 -7.3446484611e+00 -7.4871420757e+00\n  295    0 1.0000000000 -7.3463025094e+00 -7.4904546500e+00\n  296    0 1.0000000000 -7.3472951361e+00 -7.4924439090e+00\n  297    0 1.0000000000 -7.3476260446e+00 -7.4931072812e+00\n