SINGLE-ORBITAL NN+NNN EFFECTIVE MODEL FIT

m=6
eon=0.0
t0=1.0
l_decay=0.5
dl=7.0
pairing=./m=6/pairing.txt
microscopic_orbitals=74

E_eff(k) = eps0 + 2*t1[cos(k.u1)+cos(k.u2)] + 4*t2*cos(k.u1)*cos(k.u2)

eps0     = -6.53786322812529e+00
t1       = -2.21127289784297e-01
t2       = -8.53827416371522e-03

RMSE=1.41389711538554e-01
MAE=1.14742168304039e-01
max_abs_error=3.07726385739168e-01
optimizer_success=True
optimizer_message=Linear least-squares solution
minimum_tracking_continuity=1.0000000000
mean_tracking_continuity=1.0000000000

# k_index idx continuity target fit\n    0    0 1.0000000000 -7.3478323316e+00 -7.4565254839e+00\n    1    0 1.0000000000 -7.3477158962e+00 -7.4562856328e+00\n    2    0 1.0000000000 -7.3473666023e+00 -7.4555663211e+00\n    3    0 1.0000000000 -7.3467844865e+00 -7.4543682731e+00\n    4    0 1.0000000000 -7.3459696097e+00 -7.4526926950e+00\n    5    0 1.0000000000 -7.3449220572e+00 -7.4505412741e+00\n    6    0 1.0000000000 -7.3436419386e+00 -7.4479161766e+00\n    7    0 1.0000000000 -7.3421293881e+00 -7.4448200458e+00\n    8    0 1.0000000000 -7.3403845638e+00 -7.4412559992e+00\n    9    0 1.0000000000 -7.3384076483e+00 -7.4372276256e+00\n   10    0 1.0000000000 -7.3361988483e+00 -7.4327389811e+00\n   11    0 1.0000000000 -7.3337583947e+00 -7.4277945855e+00\n   12    0 1.0000000000 -7.3310865425e+00 -7.4223994173e+00\n   13    0 1.0000000000 -7.3281835708e+00 -7.4165589091e+00\n   14    0 1.0000000000 -7.3250497826e+00 -7.4102789416e+00\n   15    0 1.0000000000 -7.3216855050e+00 -7.4035658383e+00\n   16    0 1.0000000000 -7.3180910886e+00 -7.3964263588e+00\n   17    0 1.0000000000 -7.3142669081e+00 -7.3888676918e+00\n   18    0 1.0000000000 -7.3102133617e+00 -7.3808974484e+00\n   19    0 1.0000000000 -7.3059308712e+00 -7.3725236538e+00\n   20    0 1.0000000000 -7.3014198819e+00 -7.3637547398e+00\n   21    0 1.0000000000 -7.2966808623e+00 -7.3545995359e+00\n   22    0 1.0000000000 -7.2917143046e+00 -7.3450672607e+00\n   23    0 1.0000000000 -7.2865207235e+00 -7.3351675123e+00\n   24    0 1.0000000000 -7.2811006572e+00 -7.3249102590e+00\n   25    0 1.0000000000 -7.2754546665e+00 -7.3143058289e+00\n   26    0 1.0000000000 -7.2695833350e+00 -7.3033648997e+00\n   27    0 1.0000000000 -7.2634872690e+00 -7.2920984882e+00\n   28    0 1.0000000000 -7.2571670970e+00 -7.2805179386e+00\n   29    0 1.0000000000 -7.2506234699e+00 -7.2686349114e+00\n   30    0 1.0000000000 -7.2438570606e+00 -7.2564613721e+00\n   31    0 1.0000000000 -7.2368685640e+00 -7.2440095781e+00\n   32    0 1.0000000000 -7.2296586967e+00 -7.2312920676e+00\n   33    0 1.0000000000 -7.2222281968e+00 -7.2183216458e+00\n   34    0 1.0000000000 -7.2145778238e+00 -7.2051113730e+00\n   35    0 1.0000000000 -7.2067083583e+00 -7.1916745507e+00\n   36    0 1.0000000000 -7.1986206020e+00 -7.1780247087e+00\n   37    0 1.0000000000 -7.1903153771e+00 -7.1641755912e+00\n   38    0 1.0000000000 -7.1817935265e+00 -7.1501411432e+00\n   39    0 1.0000000000 -7.1730559133e+00 -7.1359354961e+00\n   40    0 1.0000000000 -7.1641034209e+00 -7.1215729537e+00\n   41    0 1.0000000000 -7.1549369523e+00 -7.1070679780e+00\n   42    0 1.0000000000 -7.1455574303e+00 -7.0924351743e+00\n   43    0 1.0000000000 -7.1359657972e+00 -7.0776892765e+00\n   44    0 1.0000000000 -7.1261630142e+00 -7.0628451325e+00\n   45    0 1.0000000000 -7.1161500618e+00 -7.0479176891e+00\n   46    0 1.0000000000 -7.1059279392e+00 -7.0329219769e+00\n   47    0 1.0000000000 -7.0954976639e+00 -7.0178730955e+00\n   48    0 1.0000000000 -7.0848602718e+00 -7.0027861976e+00\n   49    0 1.0000000000 -7.0740168171e+00 -6.9876764747e+00\n   50    0 1.0000000000 -7.0629683715e+00 -6.9725591407e+00\n   51    0 1.0000000000 -7.0517160245e+00 -6.9574494177e+00\n   52    0 1.0000000000 -7.0402608829e+00 -6.9423625199e+00\n   53    0 1.0000000000 -7.0286040708e+00 -6.9273136384e+00\n   54    0 1.0000000000 -7.0167467291e+00 -6.9123179263e+00\n   55    0 1.0000000000 -7.0046900153e+00 -6.8973904829e+00\n   56    0 1.0000000000 -6.9924351036e+00 -6.8825463389e+00\n   57    0 1.0000000000 -6.9799831842e+00 -6.8678004411e+00\n   58    0 1.0000000000 -6.9673354635e+00 -6.8531676373e+00\n   59    0 1.0000000000 -6.9544931634e+00 -6.8386626617e+00\n   60    0 1.0000000000 -6.9414575216e+00 -6.8243001193e+00\n   61    0 1.0000000000 -6.9282297907e+00 -6.8100944722e+00\n   62    0 1.0000000000 -6.9148112386e+00 -6.7960600241e+00\n   63    0 1.0000000000 -6.9012031478e+00 -6.7822109067e+00\n   64    0 1.0000000000 -6.8874068154e+00 -6.7685610647e+00\n   65    0 1.0000000000 -6.8734235527e+00 -6.7551242424e+00\n   66    0 1.0000000000 -6.8592546850e+00 -6.7419139696e+00\n   67    0 1.0000000000 -6.8449015512e+00 -6.7289435478e+00\n   68    0 1.0000000000 -6.8303655039e+00 -6.7162260373e+00\n   69    0 1.0000000000 -6.8156479087e+00 -6.7037742433e+00\n   70    0 1.0000000000 -6.8007501441e+00 -6.6916007039e+00\n   71    0 1.0000000000 -6.7856736014e+00 -6.6797176768e+00\n   72    0 1.0000000000 -6.7704196842e+00 -6.6681371272e+00\n   73    0 1.0000000000 -6.7549898081e+00 -6.6568707156e+00\n   74    0 1.0000000000 -6.7393854006e+00 -6.6459297865e+00\n   75    0 1.0000000000 -6.7236079008e+00 -6.6353253564e+00\n   76    0 1.0000000000 -6.7076587589e+00 -6.6250681031e+00\n   77    0 1.0000000000 -6.6915394362e+00 -6.6151683547e+00\n   78    0 1.0000000000 -6.6752514047e+00 -6.6056360794e+00\n   79    0 1.0000000000 -6.6587961465e+00 -6.5964808756e+00\n   80    0 1.0000000000 -6.6421751542e+00 -6.5877119616e+00\n   81    0 1.0000000000 -6.6253899300e+00 -6.5793381670e+00\n   82    0 1.0000000000 -6.6084419858e+00 -6.5713679236e+00\n   83    0 1.0000000000 -6.5913328425e+00 -6.5638092566e+00\n   84    0 1.0000000000 -6.5740640301e+00 -6.5566697771e+00\n   85    0 1.0000000000 -6.5566370873e+00 -6.5499566738e+00\n   86    0 1.0000000000 -6.5390535611e+00 -6.5436767063e+00\n   87    0 1.0000000000 -6.5213150066e+00 -6.5378361980e+00\n   88    0 1.0000000000 -6.5034229869e+00 -6.5324410299e+00\n   89    0 1.0000000000 -6.4853790722e+00 -6.5274966342e+00\n   90    0 1.0000000000 -6.4671848402e+00 -6.5230079898e+00\n   91    0 1.0000000000 -6.4488418756e+00 -6.5189796162e+00\n   92    0 1.0000000000 -6.4303517695e+00 -6.5154155696e+00\n   93    0 1.0000000000 -6.4117161195e+00 -6.5123194388e+00\n   94    0 1.0000000000 -6.3929365293e+00 -6.5096943413e+00\n   95    0 1.0000000000 -6.3740146083e+00 -6.5075429204e+00\n   96    0 1.0000000000 -6.3549519715e+00 -6.5058673423e+00\n   97    0 1.0000000000 -6.3357502393e+00 -6.5046692943e+00\n   98    0 1.0000000000 -6.3164110377e+00 -6.5039499825e+00\n   99    0 1.0000000000 -6.2977546996e+00 -6.5037101315e+00\n  100    0 1.0000000000 -6.2975975635e+00 -6.5035046697e+00\n  101    0 1.0000000000 -6.2972427564e+00 -6.5028884912e+00\n  102    0 1.0000000000 -6.2966903497e+00 -6.5018622164e+00\n  103    0 1.0000000000 -6.2959404500e+00 -6.5004268787e+00\n  104    0 1.0000000000 -6.2949932090e+00 -6.4985839233e+00\n  105    0 1.0000000000 -6.2938488394e+00 -6.4963352060e+00\n  106    0 1.0000000000 -6.2925076449e+00 -6.4936829911e+00\n  107    0 1.0000000000 -6.2909700774e+00 -6.4906299490e+00\n  108    0 1.0000000000 -6.2892368518e+00 -6.4871791539e+00\n  109    0 1.0000000000 -6.2873091778e+00 -6.4833340806e+00\n  110    0 1.0000000000 -6.2851891850e+00 -6.4790986006e+00\n  111    0 1.0000000000 -6.2828803420e+00 -6.4744769787e+00\n  112    0 1.0000000000 -6.2803864796e+00 -6.4694738685e+00\n  113    0 1.0000000000 -6.2777084355e+00 -6.4640943078e+00\n  114    0 1.0000000000 -6.2748433296e+00 -6.4583437132e+00\n  115    0 1.0000000000 -6.2717879027e+00 -6.4522278752e+00\n  116    0 1.0000000000 -6.2685401964e+00 -6.4457529518e+00\n  117    0 1.0000000000 -6.2650993015e+00 -6.4389254628e+00\n  118    0 1.0000000000 -6.2614648908e+00 -6.4317522829e+00\n  119    0 1.0000000000 -6.2576369439e+00 -6.4242406348e+00\n  120    0 1.0000000000 -6.2536156101e+00 -6.4163980822e+00\n  121    0 1.0000000000 -6.2494011398e+00 -6.4082325218e+00\n  122    0 1.0000000000 -6.2449938495e+00 -6.3997521756e+00\n  123    0 1.0000000000 -6.2403941029e+00 -6.3909655827e+00\n  124    0 1.0000000000 -6.2356023003e+00 -6.3818815905e+00\n  125    0 1.0000000000 -6.2306188716e+00 -6.3725093456e+00\n  126    0 1.0000000000 -6.2254442729e+00 -6.3628582852e+00\n  127    0 1.0000000000 -6.2200789836e+00 -6.3529381270e+00\n  128    0 1.0000000000 -6.2145235050e+00 -6.3427588599e+00\n  129    0 1.0000000000 -6.2087783588e+00 -6.3323307335e+00\n  130    0 1.0000000000 -6.2028440862e+00 -6.3216642480e+00\n  131    0 1.0000000000 -6.1967212479e+00 -6.3107701437e+00\n  132    0 1.0000000000 -6.1904104227e+00 -6.2996593900e+00\n  133    0 1.0000000000 -6.1839122077e+00 -6.2883431745e+00\n  134    0 1.0000000000 -6.1772272177e+00 -6.2768328917e+00\n  135    0 1.0000000000 -6.1703560853e+00 -6.2651401314e+00\n  136    0 1.0000000000 -6.1632994602e+00 -6.2532766673e+00\n  137    0 1.0000000000 -6.1560580089e+00 -6.2412544448e+00\n  138    0 1.0000000000 -6.1486324152e+00 -6.2290855694e+00\n  139    0 1.0000000000 -6.1410233792e+00 -6.2167822940e+00\n  140    0 1.0000000000 -6.1332316176e+00 -6.2043570071e+00\n  141    0 1.0000000000 -6.1252578633e+00 -6.1918222197e+00\n  142    0 1.0000000000 -6.1171028651e+00 -6.1791905535e+00\n  143    0 1.0000000000 -6.1087673881e+00 -6.1664747274e+00\n  144    0 1.0000000000 -6.1002522127e+00 -6.1536875451e+00\n  145    0 1.0000000000 -6.0915581351e+00 -6.1408418823e+00\n  146    0 1.0000000000 -6.0826859667e+00 -6.1279506735e+00\n  147    0 1.0000000000 -6.0736365342e+00 -6.1150268990e+00\n  148    0 1.0000000000 -6.0644106791e+00 -6.1020835719e+00\n  149    0 1.0000000000 -6.0550092579e+00 -6.0891337252e+00\n  150    0 1.0000000000 -6.0454331416e+00 -6.0761903981e+00\n  151    0 1.0000000000 -6.0356832158e+00 -6.0632666236e+00\n  152    0 1.0000000000 -6.0257603801e+00 -6.0503754148e+00\n  153    0 1.0000000000 -6.0156655484e+00 -6.0375297520e+00\n  154    0 1.0000000000 -6.0053996483e+00 -6.0247425697e+00\n  155    0 1.0000000000 -5.9949636213e+00 -6.0120267436e+00\n  156    0 1.0000000000 -5.9843584221e+00 -5.9993950774e+00\n  157    0 1.0000000000 -5.9735850188e+00 -5.9868602900e+00\n  158    0 1.0000000000 -5.9626443928e+00 -5.9744350031e+00\n  159    0 1.0000000000 -5.9515375382e+00 -5.9621317277e+00\n  160    0 1.0000000000 -5.9402654617e+00 -5.9499628523e+00\n  161    0 1.0000000000 -5.9288291826e+00 -5.9379406298e+00\n  162    0 1.0000000000 -5.9172297327e+00 -5.9260771657e+00\n  163    0 1.0000000000 -5.9054681555e+00 -5.9143844054e+00\n  164    0 1.0000000000 -5.8935455067e+00 -5.9028741226e+00\n  165    0 1.0000000000 -5.8814628534e+00 -5.8915579071e+00\n  166    0 1.0000000000 -5.8692212743e+00 -5.8804471534e+00\n  167    0 1.0000000000 -5.8568218594e+00 -5.8695530491e+00\n  168    0 1.0000000000 -5.8442657096e+00 -5.8588865636e+00\n  169    0 1.0000000000 -5.8315539367e+00 -5.8484584372e+00\n  170    0 1.0000000000 -5.8186876632e+00 -5.8382791701e+00\n  171    0 1.0000000000 -5.8056680217e+00 -5.8283590119e+00\n  172    0 1.0000000000 -5.7924961552e+00 -5.8187079515e+00\n  173    0 1.0000000000 -5.7791732168e+00 -5.8093357067e+00\n  174    0 1.0000000000 -5.7657003689e+00 -5.8002517144e+00\n  175    0 1.0000000000 -5.7520787839e+00 -5.7914651215e+00\n  176    0 1.0000000000 -5.7383096432e+00 -5.7829847753e+00\n  177    0 1.0000000000 -5.7243941374e+00 -5.7748192149e+00\n  178    0 1.0000000000 -5.7103334659e+00 -5.7669766623e+00\n  179    0 1.0000000000 -5.6961288369e+00 -5.7594650142e+00\n  180    0 1.0000000000 -5.6817814668e+00 -5.7522918343e+00\n  181    0 1.0000000000 -5.6672925806e+00 -5.7454643453e+00\n  182    0 1.0000000000 -5.6526634110e+00 -5.7389894219e+00\n  183    0 1.0000000000 -5.6378951985e+00 -5.7328735839e+00\n  184    0 1.0000000000 -5.6229891914e+00 -5.7271229893e+00\n  185    0 1.0000000000 -5.6079466453e+00 -5.7217434286e+00\n  186    0 1.0000000000 -5.5927688232e+00 -5.7167403184e+00\n  187    0 1.0000000000 -5.5774569950e+00 -5.7121186965e+00\n  188    0 1.0000000000 -5.5620124378e+00 -5.7078832165e+00\n  189    0 1.0000000000 -5.5464364358e+00 -5.7040381432e+00\n  190    0 1.0000000000 -5.5307302803e+00 -5.7005873481e+00\n  191    0 1.0000000000 -5.5148952704e+00 -5.6975343061e+00\n  192    0 1.0000000000 -5.4989327142e+00 -5.6948820911e+00\n  193    0 1.0000000000 -5.4828439317e+00 -5.6926333738e+00\n  194    0 1.0000000000 -5.4666302622e+00 -5.6907904185e+00\n  195    0 1.0000000000 -5.4502930859e+00 -5.6893550808e+00\n  196    0 1.0000000000 -5.4338338993e+00 -5.6883288060e+00\n  197    0 1.0000000000 -5.4172546793e+00 -5.6877126274e+00\n  198    0 1.0000000000 -5.4057361371e+00 -5.6875071656e+00\n  199    0 1.0000000000 -5.4339837037e+00 -5.6879180979e+00\n  200    0 1.0000000000 -5.4672769994e+00 -5.6891505847e+00\n  201    0 1.0000000000 -5.5004265287e+00 -5.6912036961e+00\n  202    0 1.0000000000 -5.5334277615e+00 -5.6940758818e+00\n  203    0 1.0000000000 -5.5662761493e+00 -5.6977649707e+00\n  204    0 1.0000000000 -5.5989671262e+00 -5.7022681700e+00\n  205    0 1.0000000000 -5.6314961089e+00 -5.7075820645e+00\n  206    0 1.0000000000 -5.6638584989e+00 -5.7137026156e+00\n  207    0 1.0000000000 -5.6960496828e+00 -5.7206251598e+00\n  208    0 1.0000000000 -5.7280650338e+00 -5.7283444074e+00\n  209    0 1.0000000000 -5.7598999130e+00 -5.7368544415e+00\n  210    0 1.0000000000 -5.7915496704e+00 -5.7461487159e+00\n  211    0 1.0000000000 -5.8230096465e+00 -5.7562200538e+00\n  212    0 1.0000000000 -5.8542751730e+00 -5.7670606464e+00\n  213    0 1.0000000000 -5.8853415748e+00 -5.7786620510e+00\n  214    0 1.0000000000 -5.9162041706e+00 -5.7910151899e+00\n  215    0 1.0000000000 -5.9468582750e+00 -5.8041103489e+00\n  216    0 1.0000000000 -5.9772991992e+00 -5.8179371761e+00\n  217    0 1.0000000000 -6.0075222525e+00 -5.8324846808e+00\n  218    0 1.0000000000 -6.0375227442e+00 -5.8477412332e+00\n  219    0 1.0000000000 -6.0672959843e+00 -5.8636945634e+00\n  220    0 1.0000000000 -6.0968372854e+00 -5.8803317617e+00\n  221    0 1.0000000000 -6.1261419642e+00 -5.8976392786e+00\n  222    0 1.0000000000 -6.1552053426e+00 -5.9156029259e+00\n  223    0 1.0000000000 -6.1840227493e+00 -5.9342078775e+00\n  224    0 1.0000000000 -6.2125895215e+00 -5.9534386717e+00\n  225    0 1.0000000000 -6.2409010065e+00 -5.9732792131e+00\n  226    0 1.0000000000 -6.2689525626e+00 -5.9937127761e+00\n  227    0 1.0000000000 -6.2967395614e+00 -6.0147220084e+00\n  228    0 1.0000000000 -6.3242573890e+00 -6.0362889352e+00\n  229    0 1.0000000000 -6.3515014473e+00 -6.0583949653e+00\n  230    0 1.0000000000 -6.3784671562e+00 -6.0810208965e+00\n  231    0 1.0000000000 -6.4051499548e+00 -6.1041469227e+00\n  232    0 1.0000000000 -6.4315453029e+00 -6.1277526425e+00\n  233    0 1.0000000000 -6.4576486829e+00 -6.1518170672e+00\n  234    0 1.0000000000 -6.4834556013e+00 -6.1763186316e+00\n  235    0 1.0000000000 -6.5089615901e+00 -6.2012352044e+00\n  236    0 1.0000000000 -6.5341622089e+00 -6.2265441003e+00\n  237    0 1.0000000000 -6.5590530462e+00 -6.2522220936e+00\n  238    0 1.0000000000 -6.5836297209e+00 -6.2782454320e+00\n  239    0 1.0000000000 -6.6078878843e+00 -6.3045898524e+00\n  240    0 1.0000000000 -6.6318232215e+00 -6.3312305972e+00\n  241    0 1.0000000000 -6.6554314531e+00 -6.3581424324e+00\n  242    0 1.0000000000 -6.6787083369e+00 -6.3852996664e+00\n  243    0 1.0000000000 -6.7016496695e+00 -6.4126761704e+00\n  244    0 1.0000000000 -6.7242512877e+00 -6.4402453996e+00\n  245    0 1.0000000000 -6.7465090704e+00 -6.4679804158e+00\n  246    0 1.0000000000 -6.7684189402e+00 -6.4958539117e+00\n  247    0 1.0000000000 -6.7899768648e+00 -6.5238382351e+00\n  248    0 1.0000000000 -6.8111788589e+00 -6.5519054158e+00\n  249    0 1.0000000000 -6.8320209853e+00 -6.5800271924e+00\n  250    0 1.0000000000 -6.8524993569e+00 -6.6081750413e+00\n  251    0 1.0000000000 -6.8726101381e+00 -6.6363202056e+00\n  252    0 1.0000000000 -6.8923495463e+00 -6.6644337263e+00\n  253    0 1.0000000000 -6.9117138533e+00 -6.6924864736e+00\n  254    0 1.0000000000 -6.9306993870e+00 -6.7204491799e+00\n  255    0 1.0000000000 -6.9493025325e+00 -6.7482924728e+00\n  256    0 1.0000000000 -6.9675197340e+00 -6.7759869101e+00\n  257    0 1.0000000000 -6.9853474959e+00 -6.8035030150e+00\n  258    0 1.0000000000 -7.0027823841e+00 -6.8308113120e+00\n  259    0 1.0000000000 -7.0198210276e+00 -6.8578823638e+00\n  260    0 1.0000000000 -7.0364601198e+00 -6.8846868089e+00\n  261    0 1.0000000000 -7.0526964197e+00 -6.9111953993e+00\n  262    0 1.0000000000 -7.0685267531e+00 -6.9373790395e+00\n  263    0 1.0000000000 -7.0839480143e+00 -6.9632088249e+00\n  264    0 1.0000000000 -7.0989571671e+00 -6.9886560819e+00\n  265    0 1.0000000000 -7.1135512460e+00 -7.0136924065e+00\n  266    0 1.0000000000 -7.1277273578e+00 -7.0382897052e+00\n  267    0 1.0000000000 -7.1414826827e+00 -7.0624202339e+00\n  268    0 1.0000000000 -7.1548144758e+00 -7.0860566386e+00\n  269    0 1.0000000000 -7.1677200678e+00 -7.1091719948e+00\n  270    0 1.0000000000 -7.1801968673e+00 -7.1317398474e+00\n  271    0 1.0000000000 -7.1922423611e+00 -7.1537342498e+00\n  272    0 1.0000000000 -7.2038541161e+00 -7.1751298036e+00\n  273    0 1.0000000000 -7.2150297805e+00 -7.1959016968e+00\n  274    0 1.0000000000 -7.2257670847e+00 -7.2160257420e+00\n  275    0 1.0000000000 -7.2360638428e+00 -7.2354784142e+00\n  276    0 1.0000000000 -7.2459179537e+00 -7.2542368872e+00\n  277    0 1.0000000000 -7.2553274023e+00 -7.2722790700e+00\n  278    0 1.0000000000 -7.2642902602e+00 -7.2895836417e+00\n  279    0 1.0000000000 -7.2728046873e+00 -7.3061300859e+00\n  280    0 1.0000000000 -7.2808689322e+00 -7.3218987237e+00\n  281    0 1.0000000000 -7.2884813333e+00 -7.3368707454e+00\n  282    0 1.0000000000 -7.2956403200e+00 -7.3510282416e+00\n  283    0 1.0000000000 -7.3023444127e+00 -7.3643542327e+00\n  284    0 1.0000000000 -7.3085922244e+00 -7.3768326966e+00\n  285    0 1.0000000000 -7.3143824608e+00 -7.3884485955e+00\n  286    0 1.0000000000 -7.3197139209e+00 -7.3991879013e+00\n  287    0 1.0000000000 -7.3245854979e+00 -7.4090376184e+00\n  288    0 1.0000000000 -7.3289961797e+00 -7.4179858064e+00\n  289    0 1.0000000000 -7.3329450489e+00 -7.4260215995e+00\n  290    0 1.0000000000 -7.3364312838e+00 -7.4331352257e+00\n  291    0 1.0000000000 -7.3394541585e+00 -7.4393180227e+00\n  292    0 1.0000000000 -7.3420130430e+00 -7.4445624529e+00\n  293    0 1.0000000000 -7.3441074040e+00 -7.4488621166e+00\n  294    0 1.0000000000 -7.3457368048e+00 -7.4522117625e+00\n  295    0 1.0000000000 -7.3469009053e+00 -7.4546072968e+00\n  296    0 1.0000000000 -7.3475994629e+00 -7.4560457904e+00\n  297    0 1.0000000000 -7.3478323316e+00 -7.4565254839e+00\n