SINGLE-ORBITAL NN+NNN EFFECTIVE MODEL FIT

m=7
eon=0.0
t0=1.0
l_decay=0.5
dl=7.0
pairing=./m=7/pairing.txt
microscopic_orbitals=100

E_eff(k) = eps0 + 2*t1[cos(k.u1)+cos(k.u2)] + 4*t2*cos(k.u1)*cos(k.u2)

eps0     = -6.73443356984591e+00
t1       = -1.69174854758682e-01
t2       = -5.05551062689030e-03

RMSE=1.10279389272019e-01
MAE=8.90396656653813e-02
max_abs_error=2.40793528604553e-01
optimizer_success=True
optimizer_message=Linear least-squares solution
minimum_tracking_continuity=1.0000000000
mean_tracking_continuity=1.0000000000

# k_index idx continuity target fit\n    0    0 1.0000000000 -7.3478582172e+00 -7.4313550314e+00\n    1    0 1.0000000000 -7.3477720819e+00 -7.4311745057e+00\n    2    0 1.0000000000 -7.3475136826e+00 -7.4306331104e+00\n    3    0 1.0000000000 -7.3470830393e+00 -7.4297313907e+00\n    4    0 1.0000000000 -7.3464801850e+00 -7.4284702545e+00\n    5    0 1.0000000000 -7.3457051663e+00 -7.4268509717e+00\n    6    0 1.0000000000 -7.3447580427e+00 -7.4248751727e+00\n    7    0 1.0000000000 -7.3436388873e+00 -7.4225448470e+00\n    8    0 1.0000000000 -7.3423477861e+00 -7.4198623411e+00\n    9    0 1.0000000000 -7.3408848386e+00 -7.4168303560e+00\n   10    0 1.0000000000 -7.3392501572e+00 -7.4134519446e+00\n   11    0 1.0000000000 -7.3374438678e+00 -7.4097305088e+00\n   12    0 1.0000000000 -7.3354661091e+00 -7.4056697956e+00\n   13    0 1.0000000000 -7.3333170332e+00 -7.4012738940e+00\n   14    0 1.0000000000 -7.3309968052e+00 -7.3965472301e+00\n   15    0 1.0000000000 -7.3285056034e+00 -7.3914945634e+00\n   16    0 1.0000000000 -7.3258436188e+00 -7.3861209815e+00\n   17    0 1.0000000000 -7.3230110558e+00 -7.3804318951e+00\n   18    0 1.0000000000 -7.3200081316e+00 -7.3744330325e+00\n   19    0 1.0000000000 -7.3168350763e+00 -7.3681304343e+00\n   20    0 1.0000000000 -7.3134921330e+00 -7.3615304465e+00\n   21    0 1.0000000000 -7.3099795575e+00 -7.3546397147e+00\n   22    0 1.0000000000 -7.3062976186e+00 -7.3474651775e+00\n   23    0 1.0000000000 -7.3024465977e+00 -7.3400140588e+00\n   24    0 1.0000000000 -7.2984267891e+00 -7.3322938614e+00\n   25    0 1.0000000000 -7.2942384994e+00 -7.3243123588e+00\n   26    0 1.0000000000 -7.2898820483e+00 -7.3160775878e+00\n   27    0 1.0000000000 -7.2853577677e+00 -7.3075978401e+00\n   28    0 1.0000000000 -7.2806660020e+00 -7.2988816539e+00\n   29    0 1.0000000000 -7.2758071083e+00 -7.2899378059e+00\n   30    0 1.0000000000 -7.2707814558e+00 -7.2807753017e+00\n   31    0 1.0000000000 -7.2655894262e+00 -7.2714033671e+00\n   32    0 1.0000000000 -7.2602314133e+00 -7.2618314390e+00\n   33    0 1.0000000000 -7.2547078232e+00 -7.2520691554e+00\n   34    0 1.0000000000 -7.2490190739e+00 -7.2421263461e+00\n   35    0 1.0000000000 -7.2431655958e+00 -7.2320130227e+00\n   36    0 1.0000000000 -7.2371478309e+00 -7.2217393684e+00\n   37    0 1.0000000000 -7.2309662334e+00 -7.2113157280e+00\n   38    0 1.0000000000 -7.2246212689e+00 -7.2007525971e+00\n   39    0 1.0000000000 -7.2181134152e+00 -7.1900606120e+00\n   40    0 1.0000000000 -7.2114431615e+00 -7.1792505386e+00\n   41    0 1.0000000000 -7.2046110085e+00 -7.1683332616e+00\n   42    0 1.0000000000 -7.1976174685e+00 -7.1573197739e+00\n   43    0 1.0000000000 -7.1904630653e+00 -7.1462211652e+00\n   44    0 1.0000000000 -7.1831483337e+00 -7.1350486107e+00\n   45    0 1.0000000000 -7.1756738200e+00 -7.1238133603e+00\n   46    0 1.0000000000 -7.1680400815e+00 -7.1125267269e+00\n   47    0 1.0000000000 -7.1602476866e+00 -7.1012000752e+00\n   48    0 1.0000000000 -7.1522972145e+00 -7.0898448103e+00\n   49    0 1.0000000000 -7.1441892555e+00 -7.0784723658e+00\n   50    0 1.0000000000 -7.1359244103e+00 -7.0670941929e+00\n   51    0 1.0000000000 -7.1275032904e+00 -7.0557217484e+00\n   52    0 1.0000000000 -7.1189265181e+00 -7.0443664835e+00\n   53    0 1.0000000000 -7.1101947256e+00 -7.0330398318e+00\n   54    0 1.0000000000 -7.1013085560e+00 -7.0217531985e+00\n   55    0 1.0000000000 -7.0922686621e+00 -7.0105179481e+00\n   56    0 1.0000000000 -7.0830757073e+00 -6.9993453936e+00\n   57    0 1.0000000000 -7.0737303647e+00 -6.9882467848e+00\n   58    0 1.0000000000 -7.0642333174e+00 -6.9772332971e+00\n   59    0 1.0000000000 -7.0545852583e+00 -6.9663160202e+00\n   60    0 1.0000000000 -7.0447868899e+00 -6.9555059467e+00\n   61    0 1.0000000000 -7.0348389244e+00 -6.9448139616e+00\n   62    0 1.0000000000 -7.0247420834e+00 -6.9342508308e+00\n   63    0 1.0000000000 -7.0144970978e+00 -6.9238271903e+00\n   64    0 1.0000000000 -7.0041047076e+00 -6.9135535361e+00\n   65    0 1.0000000000 -6.9935656623e+00 -6.9034402127e+00\n   66    0 1.0000000000 -6.9828807198e+00 -6.8934974034e+00\n   67    0 1.0000000000 -6.9720506474e+00 -6.8837351197e+00\n   68    0 1.0000000000 -6.9610762209e+00 -6.8741631916e+00\n   69    0 1.0000000000 -6.9499582245e+00 -6.8647912570e+00\n   70    0 1.0000000000 -6.9386974513e+00 -6.8556287528e+00\n   71    0 1.0000000000 -6.9272947026e+00 -6.8466849048e+00\n   72    0 1.0000000000 -6.9157507878e+00 -6.8379687187e+00\n   73    0 1.0000000000 -6.9040665246e+00 -6.8294889709e+00\n   74    0 1.0000000000 -6.8922427385e+00 -6.8212541999e+00\n   75    0 1.0000000000 -6.8802802632e+00 -6.8132726973e+00\n   76    0 1.0000000000 -6.8681799397e+00 -6.8055524999e+00\n   77    0 1.0000000000 -6.8559426170e+00 -6.7981013813e+00\n   78    0 1.0000000000 -6.8435691512e+00 -6.7909268440e+00\n   79    0 1.0000000000 -6.8310604060e+00 -6.7840361123e+00\n   80    0 1.0000000000 -6.8184172523e+00 -6.7774361245e+00\n   81    0 1.0000000000 -6.8056405680e+00 -6.7711335262e+00\n   82    0 1.0000000000 -6.7927312379e+00 -6.7651346637e+00\n   83    0 1.0000000000 -6.7796901537e+00 -6.7594455772e+00\n   84    0 1.0000000000 -6.7665182137e+00 -6.7540719953e+00\n   85    0 1.0000000000 -6.7532163230e+00 -6.7490193286e+00\n   86    0 1.0000000000 -6.7397853927e+00 -6.7442926647e+00\n   87    0 1.0000000000 -6.7262263405e+00 -6.7398967631e+00\n   88    0 1.0000000000 -6.7125400901e+00 -6.7358360500e+00\n   89    0 1.0000000000 -6.6987275713e+00 -6.7321146141e+00\n   90    0 1.0000000000 -6.6847897197e+00 -6.7287362028e+00\n   91    0 1.0000000000 -6.6707274766e+00 -6.7257042176e+00\n   92    0 1.0000000000 -6.6565417890e+00 -6.7230217117e+00\n   93    0 1.0000000000 -6.6422336093e+00 -6.7206913860e+00\n   94    0 1.0000000000 -6.6278038953e+00 -6.7187155870e+00\n   95    0 1.0000000000 -6.6132536099e+00 -6.7170963042e+00\n   96    0 1.0000000000 -6.5985837210e+00 -6.7158351680e+00\n   97    0 1.0000000000 -6.5837952018e+00 -6.7149334483e+00\n   98    0 1.0000000000 -6.5688890297e+00 -6.7143920530e+00\n   99    0 1.0000000000 -6.5538677673e+00 -6.7142115273e+00\n  100    0 1.0000000000 -6.5537915561e+00 -6.7140513635e+00\n  101    0 1.0000000000 -6.5535629280e+00 -6.7135710334e+00\n  102    0 1.0000000000 -6.5531818996e+00 -6.7127710206e+00\n  103    0 1.0000000000 -6.5526484983e+00 -6.7116521307e+00\n  104    0 1.0000000000 -6.5519627629e+00 -6.7102154903e+00\n  105    0 1.0000000000 -6.5511247427e+00 -6.7084625460e+00\n  106    0 1.0000000000 -6.5501344984e+00 -6.7063950628e+00\n  107    0 1.0000000000 -6.5489921016e+00 -6.7040151225e+00\n  108    0 1.0000000000 -6.5476976348e+00 -6.7013251215e+00\n  109    0 1.0000000000 -6.5462511918e+00 -6.6983277685e+00\n  110    0 1.0000000000 -6.5446528770e+00 -6.6950260815e+00\n  111    0 1.0000000000 -6.5429028061e+00 -6.6914233850e+00\n  112    0 1.0000000000 -6.5410011056e+00 -6.6875233066e+00\n  113    0 1.0000000000 -6.5389479131e+00 -6.6833297734e+00\n  114    0 1.0000000000 -6.5367433771e+00 -6.6788470080e+00\n  115    0 1.0000000000 -6.5343876571e+00 -6.6740795240e+00\n  116    0 1.0000000000 -6.5318809234e+00 -6.6690321219e+00\n  117    0 1.0000000000 -6.5292233573e+00 -6.6637098841e+00\n  118    0 1.0000000000 -6.5264151511e+00 -6.6581181695e+00\n  119    0 1.0000000000 -6.5234565079e+00 -6.6522626087e+00\n  120    0 1.0000000000 -6.5203476414e+00 -6.6461490975e+00\n  121    0 1.0000000000 -6.5170887766e+00 -6.6397837918e+00\n  122    0 1.0000000000 -6.5136801489e+00 -6.6331731010e+00\n  123    0 1.0000000000 -6.5101220045e+00 -6.6263236814e+00\n  124    0 1.0000000000 -6.5064146007e+00 -6.6192424298e+00\n  125    0 1.0000000000 -6.5025582049e+00 -6.6119364765e+00\n  126    0 1.0000000000 -6.4985530957e+00 -6.6044131778e+00\n  127    0 1.0000000000 -6.4943995619e+00 -6.5966801092e+00\n  128    0 1.0000000000 -6.4900979031e+00 -6.5887450572e+00\n  129    0 1.0000000000 -6.4856484293e+00 -6.5806160117e+00\n  130    0 1.0000000000 -6.4810514610e+00 -6.5723011580e+00\n  131    0 1.0000000000 -6.4763073292e+00 -6.5638088683e+00\n  132    0 1.0000000000 -6.4714163752e+00 -6.5551476938e+00\n  133    0 1.0000000000 -6.4663789506e+00 -6.5463263555e+00\n  134    0 1.0000000000 -6.4611954172e+00 -6.5373537358e+00\n  135    0 1.0000000000 -6.4558661471e+00 -6.5282388693e+00\n  136    0 1.0000000000 -6.4503915225e+00 -6.5189909338e+00\n  137    0 1.0000000000 -6.4447719357e+00 -6.5096192414e+00\n  138    0 1.0000000000 -6.4390077890e+00 -6.5001332285e+00\n  139    0 1.0000000000 -6.4330994946e+00 -6.4905424466e+00\n  140    0 1.0000000000 -6.4270474747e+00 -6.4808565530e+00\n  141    0 1.0000000000 -6.4208521612e+00 -6.4710853005e+00\n  142    0 1.0000000000 -6.4145139957e+00 -6.4612385278e+00\n  143    0 1.0000000000 -6.4080334297e+00 -6.4513261500e+00\n  144    0 1.0000000000 -6.4014109242e+00 -6.4413581478e+00\n  145    0 1.0000000000 -6.3946469495e+00 -6.4313445583e+00\n  146    0 1.0000000000 -6.3877419856e+00 -6.4212954642e+00\n  147    0 1.0000000000 -6.3806965219e+00 -6.4112209842e+00\n  148    0 1.0000000000 -6.3735110570e+00 -6.4011312624e+00\n  149    0 1.0000000000 -6.3661860986e+00 -6.3910364583e+00\n  150    0 1.0000000000 -6.3587221639e+00 -6.3809467365e+00\n  151    0 1.0000000000 -6.3511197788e+00 -6.3708722564e+00\n  152    0 1.0000000000 -6.3433794782e+00 -6.3608231624e+00\n  153    0 1.0000000000 -6.3355018063e+00 -6.3508095728e+00\n  154    0 1.0000000000 -6.3274873155e+00 -6.3408415707e+00\n  155    0 1.0000000000 -6.3193365675e+00 -6.3309291928e+00\n  156    0 1.0000000000 -6.3110501322e+00 -6.3210824202e+00\n  157    0 1.0000000000 -6.3026285883e+00 -6.3113111677e+00\n  158    0 1.0000000000 -6.2940725229e+00 -6.3016252740e+00\n  159    0 1.0000000000 -6.2853825315e+00 -6.2920344922e+00\n  160    0 1.0000000000 -6.2765592178e+00 -6.2825484793e+00\n  161    0 1.0000000000 -6.2676031938e+00 -6.2731767868e+00\n  162    0 1.0000000000 -6.2585150796e+00 -6.2639288514e+00\n  163    0 1.0000000000 -6.2492955033e+00 -6.2548139849e+00\n  164    0 1.0000000000 -6.2399451009e+00 -6.2458413651e+00\n  165    0 1.0000000000 -6.2304645163e+00 -6.2370200268e+00\n  166    0 1.0000000000 -6.2208544012e+00 -6.2283588523e+00\n  167    0 1.0000000000 -6.2111154149e+00 -6.2198665627e+00\n  168    0 1.0000000000 -6.2012482243e+00 -6.2115517090e+00\n  169    0 1.0000000000 -6.1912535037e+00 -6.2034226634e+00\n  170    0 1.0000000000 -6.1811319351e+00 -6.1954876114e+00\n  171    0 1.0000000000 -6.1708842075e+00 -6.1877545428e+00\n  172    0 1.0000000000 -6.1605110174e+00 -6.1802312442e+00\n  173    0 1.0000000000 -6.1500130683e+00 -6.1729252908e+00\n  174    0 1.0000000000 -6.1393910709e+00 -6.1658440393e+00\n  175    0 1.0000000000 -6.1286457430e+00 -6.1589946196e+00\n  176    0 1.0000000000 -6.1177778091e+00 -6.1523839288e+00\n  177    0 1.0000000000 -6.1067880010e+00 -6.1460186232e+00\n  178    0 1.0000000000 -6.0956770570e+00 -6.1399051120e+00\n  179    0 1.0000000000 -6.0844457225e+00 -6.1340495511e+00\n  180    0 1.0000000000 -6.0730947495e+00 -6.1284578366e+00\n  181    0 1.0000000000 -6.0616248969e+00 -6.1231355987e+00\n  182    0 1.0000000000 -6.0500369303e+00 -6.1180881967e+00\n  183    0 1.0000000000 -6.0383316221e+00 -6.1133207127e+00\n  184    0 1.0000000000 -6.0265097516e+00 -6.1088379472e+00\n  185    0 1.0000000000 -6.0145721046e+00 -6.1046444140e+00\n  186    0 1.0000000000 -6.0025194744e+00 -6.1007443357e+00\n  187    0 1.0000000000 -5.9903526608e+00 -6.0971416392e+00\n  188    0 1.0000000000 -5.9780724711e+00 -6.0938399521e+00\n  189    0 1.0000000000 -5.9656797197e+00 -6.0908425991e+00\n  190    0 1.0000000000 -5.9531752283e+00 -6.0881525982e+00\n  191    0 1.0000000000 -5.9405598263e+00 -6.0857726579e+00\n  192    0 1.0000000000 -5.9278343507e+00 -6.0837051747e+00\n  193    0 1.0000000000 -5.9149996461e+00 -6.0819522304e+00\n  194    0 1.0000000000 -5.9020565647e+00 -6.0805155899e+00\n  195    0 1.0000000000 -5.8890059661e+00 -6.0793967000e+00\n  196    0 1.0000000000 -5.8758487166e+00 -6.0785966872e+00\n  197    0 1.0000000000 -5.8625856889e+00 -6.0781163571e+00\n  198    0 1.0000000000 -5.8492194060e+00 -6.0779561933e+00\n  199    0 1.0000000000 -5.8759827299e+00 -6.0782765260e+00\n  200    0 1.0000000000 -5.9025992038e+00 -6.0792372631e+00\n  201    0 1.0000000000 -5.9290629178e+00 -6.0808376214e+00\n  202    0 1.0000000000 -5.9553708882e+00 -6.0830762954e+00\n  203    0 1.0000000000 -5.9815201298e+00 -6.0859514581e+00\n  204    0 1.0000000000 -6.0075076568e+00 -6.0894607600e+00\n  205    0 1.0000000000 -6.0333304832e+00 -6.0936013304e+00\n  206    0 1.0000000000 -6.0589856234e+00 -6.0983697768e+00\n  207    0 1.0000000000 -6.0844700931e+00 -6.1037621856e+00\n  208    0 1.0000000000 -6.1097809097e+00 -6.1097741224e+00\n  209    0 1.0000000000 -6.1349150933e+00 -6.1164006322e+00\n  210    0 1.0000000000 -6.1598696672e+00 -6.1236362404e+00\n  211    0 1.0000000000 -6.1846416587e+00 -6.1314749533e+00\n  212    0 1.0000000000 -6.2092280995e+00 -6.1399102586e+00\n  213    0 1.0000000000 -6.2336260269e+00 -6.1489351271e+00\n  214    0 1.0000000000 -6.2578324843e+00 -6.1585420132e+00\n  215    0 1.0000000000 -6.2818445217e+00 -6.1687228567e+00\n  216    0 1.0000000000 -6.3056591968e+00 -6.1794690842e+00\n  217    0 1.0000000000 -6.3292735754e+00 -6.1907716111e+00\n  218    0 1.0000000000 -6.3526847325e+00 -6.2026208439e+00\n  219    0 1.0000000000 -6.3758897527e+00 -6.2150066822e+00\n  220    0 1.0000000000 -6.3988857311e+00 -6.2279185219e+00\n  221    0 1.0000000000 -6.4216697740e+00 -6.2413452584e+00\n  222    0 1.0000000000 -6.4442389999e+00 -6.2552752897e+00\n  223    0 1.0000000000 -6.4665905398e+00 -6.2696965210e+00\n  224    0 1.0000000000 -6.4887215383e+00 -6.2845963685e+00\n  225    0 1.0000000000 -6.5106291544e+00 -6.2999617645e+00\n  226    0 1.0000000000 -6.5323105618e+00 -6.3157791630e+00\n  227    0 1.0000000000 -6.5537629504e+00 -6.3320345453e+00\n  228    0 1.0000000000 -6.5749835264e+00 -6.3487134263e+00\n  229    0 1.0000000000 -6.5959695134e+00 -6.3658008619e+00\n  230    0 1.0000000000 -6.6167181533e+00 -6.3832814565e+00\n  231    0 1.0000000000 -6.6372267065e+00 -6.4011393710e+00\n  232    0 1.0000000000 -6.6574924535e+00 -6.4193583316e+00\n  233    0 1.0000000000 -6.6775126948e+00 -6.4379216399e+00\n  234    0 1.0000000000 -6.6972847524e+00 -6.4568121823e+00\n  235    0 1.0000000000 -6.7168059701e+00 -6.4760124415e+00\n  236    0 1.0000000000 -6.7360737145e+00 -6.4955045076e+00\n  237    0 1.0000000000 -6.7550853757e+00 -6.5152700908e+00\n  238    0 1.0000000000 -6.7738383680e+00 -6.5352905342e+00\n  239    0 1.0000000000 -6.7923301309e+00 -6.5555468277e+00\n  240    0 1.0000000000 -6.8105581294e+00 -6.5760196223e+00\n  241    0 1.0000000000 -6.8285198552e+00 -6.5966892457e+00\n  242    0 1.0000000000 -6.8462128274e+00 -6.6175357181e+00\n  243    0 1.0000000000 -6.8636345929e+00 -6.6385387689e+00\n  244    0 1.0000000000 -6.8807827276e+00 -6.6596778543e+00\n  245    0 1.0000000000 -6.8976548369e+00 -6.6809321757e+00\n  246    0 1.0000000000 -6.9142485562e+00 -6.7022806985e+00\n  247    0 1.0000000000 -6.9305615523e+00 -6.7237021718e+00\n  248    0 1.0000000000 -6.9465915235e+00 -6.7451751488e+00\n  249    0 1.0000000000 -6.9623362004e+00 -6.7666780081e+00\n  250    0 1.0000000000 -6.9777933470e+00 -6.7881889753e+00\n  251    0 1.0000000000 -6.9929607610e+00 -6.8096861453e+00\n  252    0 1.0000000000 -7.0078362747e+00 -6.8311475056e+00\n  253    0 1.0000000000 -7.0224177555e+00 -6.8525509600e+00\n  254    0 1.0000000000 -7.0367031070e+00 -6.8738743523e+00\n  255    0 1.0000000000 -7.0506902691e+00 -6.8950954917e+00\n  256    0 1.0000000000 -7.0643772191e+00 -6.9161921775e+00\n  257    0 1.0000000000 -7.0777619721e+00 -6.9371422252e+00\n  258    0 1.0000000000 -7.0908425819e+00 -6.9579234923e+00\n  259    0 1.0000000000 -7.1036171412e+00 -6.9785139052e+00\n  260    0 1.0000000000 -7.1160837829e+00 -6.9988914857e+00\n  261    0 1.0000000000 -7.1282406800e+00 -7.0190343783e+00\n  262    0 1.0000000000 -7.1400860466e+00 -7.0389208774e+00\n  263    0 1.0000000000 -7.1516181385e+00 -7.0585294555e+00\n  264    0 1.0000000000 -7.1628352535e+00 -7.0778387900e+00\n  265    0 1.0000000000 -7.1737357325e+00 -7.0968277918e+00\n  266    0 1.0000000000 -7.1843179593e+00 -7.1154756327e+00\n  267    0 1.0000000000 -7.1945803617e+00 -7.1337617737e+00\n  268    0 1.0000000000 -7.2045214122e+00 -7.1516659922e+00\n  269    0 1.0000000000 -7.2141396276e+00 -7.1691684100e+00\n  270    0 1.0000000000 -7.2234335707e+00 -7.1862495210e+00\n  271    0 1.0000000000 -7.2324018497e+00 -7.2028902177e+00\n  272    0 1.0000000000 -7.2410431194e+00 -7.2190718190e+00\n  273    0 1.0000000000 -7.2493560815e+00 -7.2347760960e+00\n  274    0 1.0000000000 -7.2573394846e+00 -7.2499852986e+00\n  275    0 1.0000000000 -7.2649921255e+00 -7.2646821811e+00\n  276    0 1.0000000000 -7.2723128486e+00 -7.2788500273e+00\n  277    0 1.0000000000 -7.2793005472e+00 -7.2924726748e+00\n  278    0 1.0000000000 -7.2859541632e+00 -7.3055345394e+00\n  279    0 1.0000000000 -7.2922726878e+00 -7.3180206381e+00\n  280    0 1.0000000000 -7.2982551621e+00 -7.3299166113e+00\n  281    0 1.0000000000 -7.3039006766e+00 -7.3412087448e+00\n  282    0 1.0000000000 -7.3092083725e+00 -7.3518839906e+00\n  283    0 1.0000000000 -7.3141774413e+00 -7.3619299864e+00\n  284    0 1.0000000000 -7.3188071254e+00 -7.3713350751e+00\n  285    0 1.0000000000 -7.3230967183e+00 -7.3800883223e+00\n  286    0 1.0000000000 -7.3270455648e+00 -7.3881795333e+00\n  287    0 1.0000000000 -7.3306530613e+00 -7.3955992692e+00\n  288    0 1.0000000000 -7.3339186559e+00 -7.4023388613e+00\n  289    0 1.0000000000 -7.3368418488e+00 -7.4083904246e+00\n  290    0 1.0000000000 -7.3394221922e+00 -7.4137468706e+00\n  291    0 1.0000000000 -7.3416592908e+00 -7.4184019180e+00\n  292    0 1.0000000000 -7.3435528015e+00 -7.4223501027e+00\n  293    0 1.0000000000 -7.3451024339e+00 -7.4255867865e+00\n  294    0 1.0000000000 -7.3463079503e+00 -7.4281081647e+00\n  295    0 1.0000000000 -7.3471691656e+00 -7.4299112715e+00\n  296    0 1.0000000000 -7.3476859477e+00 -7.4309939852e+00\n  297    0 1.0000000000 -7.3478582172e+00 -7.4313550314e+00\n