SINGLE-ORBITAL NN+NNN EFFECTIVE MODEL FIT

m=2
eon=0.0
t0=1.0
l_decay=3.0
dl=0.1
pairing=./m=2/pairing.txt
microscopic_orbitals=10

E_eff(k) = eps0 + 2*t1[cos(k.u1)+cos(k.u2)] + 4*t2*cos(k.u1)*cos(k.u2)

eps0     = -1.23800687313210e+01
t1       = -6.32102753141055e+00
t2       = -3.53360606288879e+00

RMSE=1.74062594000794e+00
MAE=1.46491445232788e+00
max_abs_error=3.57588338565105e+00
optimizer_success=True
optimizer_message=Linear least-squares solution
minimum_tracking_continuity=1.0000000000
mean_tracking_continuity=1.0000000000

# k_index idx continuity target fit\n    0    0 1.0000000000 -5.3761425895e+01 -5.1798603109e+01\n    1    0 1.0000000000 -5.3745638929e+01 -5.1785122286e+01\n    2    0 1.0000000000 -5.3698294231e+01 -5.1744693393e+01\n    3    0 1.0000000000 -5.3619440383e+01 -5.1677357137e+01\n    4    0 1.0000000000 -5.3509158305e+01 -5.1583181321e+01\n    5    0 1.0000000000 -5.3367561181e+01 -5.1462260771e+01\n    6    0 1.0000000000 -5.3194794356e+01 -5.1314717245e+01\n    7    0 1.0000000000 -5.2991035202e+01 -5.1140699305e+01\n    8    0 1.0000000000 -5.2756492953e+01 -5.0940382174e+01\n    9    0 1.0000000000 -5.2491408518e+01 -5.0713967554e+01\n   10    0 1.0000000000 -5.2196054259e+01 -5.0461683426e+01\n   11    0 1.0000000000 -5.1870733744e+01 -5.0183783816e+01\n   12    0 1.0000000000 -5.1515781470e+01 -4.9880548549e+01\n   13    0 1.0000000000 -5.1131562565e+01 -4.9552282954e+01\n   14    0 1.0000000000 -5.0718472456e+01 -4.9199317569e+01\n   15    0 1.0000000000 -5.0276936517e+01 -4.8822007799e+01\n   16    0 1.0000000000 -4.9807409690e+01 -4.8420733563e+01\n   17    0 1.0000000000 -4.9310376083e+01 -4.7995898911e+01\n   18    0 1.0000000000 -4.8786348545e+01 -4.7547931614e+01\n   19    0 1.0000000000 -4.8235868219e+01 -4.7077282739e+01\n   20    0 1.0000000000 -4.7659504078e+01 -4.6584426187e+01\n   21    0 1.0000000000 -4.7057852431e+01 -4.6069858226e+01\n   22    0 1.0000000000 -4.6431536430e+01 -4.5534096979e+01\n   23    0 1.0000000000 -4.5781205543e+01 -4.4977681915e+01\n   24    0 1.0000000000 -4.5107535023e+01 -4.4401173295e+01\n   25    0 1.0000000000 -4.4411225364e+01 -4.3805151614e+01\n   26    0 1.0000000000 -4.3693001747e+01 -4.3190217017e+01\n   27    0 1.0000000000 -4.2953613476e+01 -4.2556988690e+01\n   28    0 1.0000000000 -4.2193833417e+01 -4.1906104241e+01\n   29    0 1.0000000000 -4.1414457429e+01 -4.1238219054e+01\n   30    0 1.0000000000 -4.0616303806e+01 -4.0554005634e+01\n   31    0 1.0000000000 -3.9800212723e+01 -3.9854152926e+01\n   32    0 1.0000000000 -3.8967045690e+01 -3.9139365622e+01\n   33    0 1.0000000000 -3.8117685037e+01 -3.8410363451e+01\n   34    0 1.0000000000 -3.7253033410e+01 -3.7667880459e+01\n   35    0 1.0000000000 -3.6374013313e+01 -3.6912664261e+01\n   36    0 1.0000000000 -3.5481566679e+01 -3.6145475297e+01\n   37    0 1.0000000000 -3.4576654503e+01 -3.5367086060e+01\n   38    0 1.0000000000 -3.3660256533e+01 -3.4578280324e+01\n   39    0 1.0000000000 -3.2733371042e+01 -3.3779852348e+01\n   40    0 1.0000000000 -3.1797014694e+01 -3.2972606082e+01\n   41    0 1.0000000000 -3.0852222522e+01 -3.2157354354e+01\n   42    0 1.0000000000 -2.9900048045e+01 -3.1334918054e+01\n   43    0 1.0000000000 -2.8941563553e+01 -3.0506125305e+01\n   44    0 1.0000000000 -2.7977860586e+01 -2.9671810631e+01\n   45    0 1.0000000000 -2.7010050651e+01 -2.8832814117e+01\n   46    0 1.0000000000 -2.6039266220e+01 -2.7989980561e+01\n   47    0 1.0000000000 -2.5066662078e+01 -2.7144158625e+01\n   48    0 1.0000000000 -2.4093417061e+01 -2.6296199979e+01\n   49    0 1.0000000000 -2.3120736291e+01 -2.5446958447e+01\n   50    0 1.0000000000 -2.2149853985e+01 -2.4597289142e+01\n   51    0 1.0000000000 -2.1182036950e+01 -2.3748047609e+01\n   52    0 1.0000000000 -2.0218588896e+01 -2.2900088964e+01\n   53    0 1.0000000000 -1.9260855711e+01 -2.2054267027e+01\n   54    0 1.0000000000 -1.8310231855e+01 -2.1211433471e+01\n   55    0 1.0000000000 -1.7368168057e+01 -2.0372436957e+01\n   56    0 1.0000000000 -1.6436180479e+01 -1.9538122283e+01\n   57    0 1.0000000000 -1.5515861492e+01 -1.8709329534e+01\n   58    0 1.0000000000 -1.4608892155e+01 -1.7886893234e+01\n   59    0 1.0000000000 -1.3717056328e+01 -1.7071641506e+01\n   60    0 1.0000000000 -1.2842256101e+01 -1.6264395240e+01\n   61    0 1.0000000000 -1.1986527822e+01 -1.5465967264e+01\n   62    0 1.0000000000 -1.1152057267e+01 -1.4677161528e+01\n   63    0 1.0000000000 -1.0341191502e+01 -1.3898772292e+01\n   64    0 1.0000000000 -9.5564435058e+00 -1.3131583327e+01\n   65    0 1.0000000000 -8.8004837441e+00 -1.2376367130e+01\n   66    0 1.0000000000 -8.0761108220e+00 -1.1633884137e+01\n   67    0 1.0000000000 -7.3861917295e+00 -1.0904881967e+01\n   68    0 1.0000000000 -6.7335622543e+00 -1.0190094662e+01\n   69    0 1.0000000000 -6.1208816979e+00 -9.4902419538e+00\n   70    0 1.0000000000 -5.5504448624e+00 -8.8060285339e+00\n   71    0 1.0000000000 -5.0239686078e+00 -8.1381433473e+00\n   72    0 1.0000000000 -4.5423868284e+00 -7.4872588979e+00\n   73    0 1.0000000000 -4.1056989214e+00 -6.8540305710e+00\n   74    0 1.0000000000 -3.7129139034e+00 -6.2390959739e+00\n   75    0 1.0000000000 -3.3621116777e+00 -5.6430742937e+00\n   76    0 1.0000000000 -3.0506112771e+00 -5.0665656737e+00\n   77    0 1.0000000000 -2.7752077048e+00 -4.5101506091e+00\n   78    0 1.0000000000 -2.5324268349e+00 -3.9743893628e+00\n   79    0 1.0000000000 -2.3187542347e+00 -3.4598214009e+00\n   80    0 1.0000000000 -2.1308114860e+00 -2.9669648498e+00\n   81    0 1.0000000000 -1.9654725452e+00 -2.4963159741e+00\n   82    0 1.0000000000 -1.8199262209e+00 -2.0483486776e+00\n   83    0 1.0000000000 -1.6916972917e+00 -1.6235140252e+00\n   84    0 1.0000000000 -1.5786397551e+00 -1.2222397893e+00\n   85    0 1.0000000000 -1.4789136677e+00 -8.4493001931e-01\n   86    0 1.0000000000 -1.3909540304e+00 -4.9196463399e-01\n   87    0 1.0000000000 -1.3134373073e+00 -1.6369903961e-01\n   88    0 1.0000000000 -1.2452489270e+00  1.3953622820e-01\n   89    0 1.0000000000 -1.1854535336e+00  4.1743583723e-01\n   90    0 1.0000000000 -1.1332687514e+00  6.6971996614e-01\n   91    0 1.0000000000 -1.0880426182e+00  8.9613458617e-01\n   92    0 1.0000000000 -1.0492345262e+00  1.0964517170e+00\n   93    0 1.0000000000 -1.0163993519e+00  1.2704696563e+00\n   94    0 1.0000000000 -9.8917441283e-01  1.4180131827e+00\n   95    0 1.0000000000 -9.6726889502e-01  1.5389337324e+00\n   96    0 1.0000000000 -9.5045543250e-01  1.6331095487e+00\n   97    0 1.0000000000 -9.3856357090e-01  1.7004458044e+00\n   98    0 1.0000000000 -9.3147489888e-01  1.7408746978e+00\n   99    0 1.0000000000 -9.2911968397e-01  1.7543555202e+00\n  100    0 1.0000000000 -9.2883988415e-01  1.7536041756e+00\n  101    0 1.0000000000 -9.2800073496e-01  1.7513508982e+00\n  102    0 1.0000000000 -9.2660298699e-01  1.7475979570e+00\n  103    0 1.0000000000 -9.2464789040e-01  1.7423491308e+00\n  104    0 1.0000000000 -9.2213719378e-01  1.7356097047e+00\n  105    0 1.0000000000 -9.1907314244e-01  1.7273864648e+00\n  106    0 1.0000000000 -9.1545847627e-01  1.7176876912e+00\n  107    0 1.0000000000 -9.1129642721e-01  1.7065231497e+00\n  108    0 1.0000000000 -9.0659071613e-01  1.6939040821e+00\n  109    0 1.0000000000 -9.0134554941e-01  1.6798431947e+00\n  110    0 1.0000000000 -8.9556561501e-01  1.6643546456e+00\n  111    0 1.0000000000 -8.8925607815e-01  1.6474540305e+00\n  112    0 1.0000000000 -8.8242257659e-01  1.6291583669e+00\n  113    0 1.0000000000 -8.7507121557e-01  1.6094860769e+00\n  114    0 1.0000000000 -8.6720856235e-01  1.5884569689e+00\n  115    0 1.0000000000 -8.5884164045e-01  1.5660922174e+00\n  116    0 1.0000000000 -8.4997792362e-01  1.5424143419e+00\n  117    0 1.0000000000 -8.4062532950e-01  1.5174471838e+00\n  118    0 1.0000000000 -8.3079221307e-01  1.4912158831e+00\n  119    0 1.0000000000 -8.2048736001e-01  1.4637468524e+00\n  120    0 1.0000000000 -8.0971997977e-01  1.4350677508e+00\n  121    0 1.0000000000 -7.9849969873e-01  1.4052074556e+00\n  122    0 1.0000000000 -7.8683655330e-01  1.3741960337e+00\n  123    0 1.0000000000 -7.7474098306e-01  1.3420647108e+00\n  124    0 1.0000000000 -7.6222382417e-01  1.3088458406e+00\n  125    0 1.0000000000 -7.4929630290e-01  1.2745728716e+00\n  126    0 1.0000000000 -7.3597002976e-01  1.2392803138e+00\n  127    0 1.0000000000 -7.2225699395e-01  1.2030037037e+00\n  128    0 1.0000000000 -7.0816955870e-01  1.1657795690e+00\n  129    0 1.0000000000 -6.9372045738e-01  1.1276453911e+00\n  130    0 1.0000000000 -6.7892279082e-01  1.0886395678e+00\n  131    0 1.0000000000 -6.6379002600e-01  1.0488013749e+00\n  132    0 1.0000000000 -6.4833599652e-01  1.0081709259e+00\n  133    0 1.0000000000 -6.3257490524e-01  9.6678913222e-01\n  134    0 1.0000000000 -6.1652132945e-01  9.2469766190e-01\n  135    0 1.0000000000 -6.0019022943e-01  8.8193889744e-01\n  136    0 1.0000000000 -5.8359696078e-01  8.3855589330e-01\n  137    0 1.0000000000 -5.6675729177e-01  7.9459233249e-01\n  138    0 1.0000000000 -5.4968742650e-01  7.5009248258e-01\n  139    0 1.0000000000 -5.3240403546e-01  7.0510115115e-01\n  140    0 1.0000000000 -5.1492429513e-01  6.5966364066e-01\n  141    0 1.0000000000 -4.9726593879e-01  6.1382570282e-01\n  142    0 1.0000000000 -4.7944732137e-01  5.6763349257e-01\n  143    0 1.0000000000 -4.6148750191e-01  5.2113352153e-01\n  144    0 1.0000000000 -4.4340634817e-01  4.7437261124e-01\n  145    0 1.0000000000 -4.2522466952e-01  4.2739784597e-01\n  146    0 1.0000000000 -4.0696438593e-01  3.8025652532e-01\n  147    0 1.0000000000 -3.8864874368e-01  3.3299611662e-01\n  148    0 1.0000000000 -3.7030259181e-01  2.8566420708e-01\n  149    0 1.0000000000 -3.5195273866e-01  2.3830845592e-01\n  150    0 1.0000000000 -3.3362841455e-01  1.9097654638e-01\n  151    0 1.0000000000 -3.1536187743e-01  1.4371613768e-01\n  152    0 1.0000000000 -2.9718921260e-01  9.6574817033e-02\n  153    0 1.0000000000 -2.7915140015e-01  4.9600051761e-02\n  154    0 1.0000000000 -2.6129575604e-01  2.8391414701e-03\n  155    0 1.0000000000 -2.4367790314e-01 -4.3660829568e-02\n  156    0 1.0000000000 -2.2636450565e-01 -8.9853039823e-02\n  157    0 1.0000000000 -2.0943712241e-01 -1.3569097766e-01\n  158    0 1.0000000000 -1.9299772986e-01 -1.8112848815e-01\n  159    0 1.0000000000 -1.7717678474e-01 -2.2611981958e-01\n  160    0 1.0000000000 -1.6214522604e-01 -2.7061966949e-01\n  161    0 1.0000000000 -1.4813270544e-01 -3.1458323030e-01\n  162    0 1.0000000000 -1.3545583761e-01 -3.5796623444e-01\n  163    0 1.0000000000 -1.2456276466e-01 -4.0072499890e-01\n  164    0 1.0000000000 -1.1610428152e-01 -4.4281646922e-01\n  165    0 1.0000000000 -1.1104701938e-01 -4.8419826287e-01\n  166    0 1.0000000000 -1.1084703263e-01 -5.2482871188e-01\n  167    0 1.0000000000 -1.1768528119e-01 -5.6466690484e-01\n  168    0 1.0000000000 -1.3467655295e-01 -6.0367272806e-01\n  169    0 1.0000000000 -1.6571774983e-01 -6.4180690598e-01\n  170    0 1.0000000000 -2.1439667961e-01 -6.7903104073e-01\n  171    0 1.0000000000 -2.8203372764e-01 -7.1530765075e-01\n  172    0 1.0000000000 -3.6661019130e-01 -7.5060020857e-01\n  173    0 1.0000000000 -4.6390648822e-01 -7.8487317758e-01\n  174    0 1.0000000000 -5.6943491961e-01 -8.1809204781e-01\n  175    0 1.0000000000 -6.7950718607e-01 -8.5022337065e-01\n  176    0 1.0000000000 -7.9140334086e-01 -8.8123479261e-01\n  177    0 1.0000000000 -9.0318503204e-01 -9.1109508780e-01\n  178    0 1.0000000000 -1.0134682272e+00 -9.3977418944e-01\n  179    0 1.0000000000 -1.1212465024e+00 -9.6724322011e-01\n  180    0 1.0000000000 -1.2257698316e+00 -9.9347452081e-01\n  181    0 1.0000000000 -1.3264645922e+00 -1.0184416789e+00\n  182    0 1.0000000000 -1.4228810483e+00 -1.0421195544e+00\n  183    0 1.0000000000 -1.5146585627e+00 -1.0644843059e+00\n  184    0 1.0000000000 -1.6015022117e+00 -1.0855134139e+00\n  185    0 1.0000000000 -1.6831667980e+00 -1.1051857039e+00\n  186    0 1.0000000000 -1.7594457370e+00 -1.1234813675e+00\n  187    0 1.0000000000 -1.8301632029e+00 -1.1403819826e+00\n  188    0 1.0000000000 -1.8951684964e+00 -1.1558705317e+00\n  189    0 1.0000000000 -1.9543319507e+00 -1.1699314191e+00\n  190    0 1.0000000000 -2.0075419199e+00 -1.1825504867e+00\n  191    0 1.0000000000 -2.0547025414e+00 -1.1937150282e+00\n  192    0 1.0000000000 -2.0957320623e+00 -1.2034138018e+00\n  193    0 1.0000000000 -2.1305615789e+00 -1.2116370417e+00\n  194    0 1.0000000000 -2.1591340890e+00 -1.2183764678e+00\n  195    0 1.0000000000 -2.1814037811e+00 -1.2236252940e+00\n  196    0 1.0000000000 -2.1973355104e+00 -1.2273782352e+00\n  197    0 1.0000000000 -2.2069044223e+00 -1.2296315126e+00\n  198    0 1.0000000000 -2.2100957005e+00 -1.2303828572e+00\n  199    0 1.0000000000 -2.2031898045e+00 -1.2288837506e+00\n  200    0 1.0000000000 -2.1825332884e+00 -1.2244309067e+00\n  201    0 1.0000000000 -2.1483093872e+00 -1.2171575357e+00\n  202    0 1.0000000000 -2.1008225677e+00 -1.2072849295e+00\n  203    0 1.0000000000 -2.0404971841e+00 -1.1951213771e+00\n  204    0 1.0000000000 -1.9678756900e+00 -1.1810606534e+00\n  205    0 1.0000000000 -1.8836165319e+00 -1.1655800857e+00\n  206    0 1.0000000000 -1.7884919351e+00 -1.1492382088e+00\n  207    0 1.0000000000 -1.6833859543e+00 -1.1326720155e+00\n  208    0 1.0000000000 -1.5692934539e+00 -1.1165938175e+00\n  209    0 1.0000000000 -1.4473212709e+00 -1.1017877262e+00\n  210    0 1.0000000000 -1.3186940326e+00 -1.0891057715e+00\n  211    0 1.0000000000 -1.1847698288e+00 -1.0794636732e+00\n  212    0 1.0000000000 -1.0470774927e+00 -1.0738362825e+00\n  213    0 1.0000000000 -9.0740452358e-01 -1.0732527147e+00\n  214    0 1.0000000000 -7.6801523478e-01 -1.0787911918e+00\n  215    0 1.0000000000 -6.3224450701e-01 -1.0915736172e+00\n  216    0 1.0000000000 -5.0629969178e-01 -1.1127599065e+00\n  217    0 1.0000000000 -4.0467323683e-01 -1.1435420971e+00\n  218    0 1.0000000000 -3.5559643318e-01 -1.1851382617e+00\n  219    0 1.0000000000 -3.6864764588e-01 -1.2387862528e+00\n  220    0 1.0000000000 -4.1805371682e-01 -1.3057373030e+00\n  221    0 1.0000000000 -4.8581972462e-01 -1.3872495091e+00\n  222    0 1.0000000000 -5.6568042843e-01 -1.4845812285e+00\n  223    0 1.0000000000 -6.5580991763e-01 -1.5989844140e+00\n  224    0 1.0000000000 -7.5600713617e-01 -1.7316979179e+00\n  225    0 1.0000000000 -8.6679599628e-01 -1.8839407923e+00\n  226    0 1.0000000000 -9.8910993247e-01 -2.0569056145e+00\n  227    0 1.0000000000 -1.1241682491e+00 -2.2517518670e+00\n  228    0 1.0000000000 -1.2734212728e+00 -2.4695994001e+00\n  229    0 1.0000000000 -1.4385201436e+00 -2.7115220045e+00\n  230    0 1.0000000000 -1.6212928910e+00 -2.9785411237e+00\n  231    0 1.0000000000 -1.8237181539e+00 -3.2716197314e+00\n  232    0 1.0000000000 -2.0478923705e+00 -3.5916564013e+00\n  233    0 1.0000000000 -2.2959889968e+00 -3.9394795964e+00\n  234    0 1.0000000000 -2.5702104296e+00 -4.3158422009e+00\n  235    0 1.0000000000 -2.8727350506e+00 -4.7214163202e+00\n  236    0 1.0000000000 -3.2056630193e+00 -5.1567883724e+00\n  237    0 1.0000000000 -3.5709649203e+00 -5.6224544913e+00\n  238    0 1.0000000000 -3.9704370216e+00 -6.1188162648e+00\n  239    0 1.0000000000 -4.4056658432e+00 -6.6461768244e+00\n  240    0 1.0000000000 -4.8780032921e+00 -7.2047373080e+00\n  241    0 1.0000000000 -5.3885521709e+00 -7.7945937084e+00\n  242    0 1.0000000000 -5.9381607392e+00 -8.4157341257e+00\n  243    0 1.0000000000 -6.5274243598e+00 -9.0680364360e+00\n  244    0 1.0000000000 -7.1566920850e+00 -9.7512663870e+00\n  245    0 1.0000000000 -7.8260762298e+00 -1.0465076133e+01\n  246    0 1.0000000000 -8.5354633642e+00 -1.1209003215e+01\n  247    0 1.0000000000 -9.2845256121e+00 -1.1982469996e+01\n  248    0 1.0000000000 -1.0072731560e+01 -1.2784783550e+01\n  249    0 1.0000000000 -1.0899356417e+01 -1.3615136015e+01\n  250    0 1.0000000000 -1.1763491309e+01 -1.4472605406e+01\n  251    0 1.0000000000 -1.2664051743e+01 -1.5356156892e+01\n  252    0 1.0000000000 -1.3599785373e+01 -1.6264644523e+01\n  253    0 1.0000000000 -1.4569279222e+01 -1.7196813420e+01\n  254    0 1.0000000000 -1.5570966535e+01 -1.8151302408e+01\n  255    0 1.0000000000 -1.6603133438e+01 -1.9126647085e+01\n  256    0 1.0000000000 -1.7663925510e+01 -2.0121283326e+01\n  257    0 1.0000000000 -1.8751354424e+01 -2.1133551201e+01\n  258    0 1.0000000000 -1.9863304713e+01 -2.2161699298e+01\n  259    0 1.0000000000 -2.0997540754e+01 -2.3203889430e+01\n  260    0 1.0000000000 -2.2151714009e+01 -2.4258201729e+01\n  261    0 1.0000000000 -2.3323370559e+01 -2.5322640074e+01\n  262    0 1.0000000000 -2.4509958942e+01 -2.6395137869e+01\n  263    0 1.0000000000 -2.5708838324e+01 -2.7473564129e+01\n  264    0 1.0000000000 -2.6917286964e+01 -2.8555729857e+01\n  265    0 1.0000000000 -2.8132511001e+01 -2.9639394692e+01\n  266    0 1.0000000000 -2.9351653518e+01 -3.0722273796e+01\n  267    0 1.0000000000 -3.0571803878e+01 -3.1802044962e+01\n  268    0 1.0000000000 -3.1790007290e+01 -3.2876355913e+01\n  269    0 1.0000000000 -3.3003274596e+01 -3.3942831764e+01\n  270    0 1.0000000000 -3.4208592225e+01 -3.4999082620e+01\n  271    0 1.0000000000 -3.5402932299e+01 -3.6042711284e+01\n  272    0 1.0000000000 -3.6583262837e+01 -3.7071321036e+01\n  273    0 1.0000000000 -3.7746558038e+01 -3.8082523471e+01\n  274    0 1.0000000000 -3.8889808586e+01 -3.9073946346e+01\n  275    0 1.0000000000 -4.0010031956e+01 -4.0043241425e+01\n  276    0 1.0000000000 -4.1104282666e+01 -4.0988092277e+01\n  277    0 1.0000000000 -4.2169662453e+01 -4.1906222006e+01\n  278    0 1.0000000000 -4.3203330310e+01 -4.2795400883e+01\n  279    0 1.0000000000 -4.4202512371e+01 -4.3653453842e+01\n  280    0 1.0000000000 -4.5164511591e+01 -4.4478267830e+01\n  281    0 1.0000000000 -4.6086717180e+01 -4.5267798958e+01\n  282    0 1.0000000000 -4.6966613768e+01 -4.6020079449e+01\n  283    0 1.0000000000 -4.7801790250e+01 -4.6733224341e+01\n  284    0 1.0000000000 -4.8589948293e+01 -4.7405437923e+01\n  285    0 1.0000000000 -4.9328910449e+01 -4.8035019883e+01\n  286    0 1.0000000000 -5.0016627873e+01 -4.8620371143e+01\n  287    0 1.0000000000 -5.0651187581e+01 -4.9159999354e+01\n  288    0 1.0000000000 -5.1230819246e+01 -4.9652524035e+01\n  289    0 1.0000000000 -5.1753901500e+01 -5.0096681333e+01\n  290    0 1.0000000000 -5.2218967701e+01 -5.0491328389e+01\n  291    0 1.0000000000 -5.2624711169e+01 -5.0835447288e+01\n  292    0 1.0000000000 -5.2969989843e+01 -5.1128148584e+01\n  293    0 1.0000000000 -5.3253830365e+01 -5.1368674384e+01\n  294    0 1.0000000000 -5.3475431559e+01 -5.1556400970e+01\n  295    0 1.0000000000 -5.3634167292e+01 -5.1690840970e+01\n  296    0 1.0000000000 -5.3729588722e+01 -5.1771645046e+01\n  297    0 1.0000000000 -5.3761425895e+01 -5.1798603109e+01\n