SINGLE-ORBITAL NN+NNN EFFECTIVE MODEL FIT

m=3
eon=0.0
t0=1.0
l_decay=3.0
dl=0.1
pairing=./m=3/pairing.txt
microscopic_orbitals=20

E_eff(k) = eps0 + 2*t1[cos(k.u1)+cos(k.u2)] + 4*t2*cos(k.u1)*cos(k.u2)

eps0     = -2.12277528676552e+01
t1       = -9.45188328726795e+00
t2       = -4.74044261201523e+00

RMSE=1.49460310106897e+00
MAE=1.24602294632637e+00
max_abs_error=3.07223346112090e+00
optimizer_success=True
optimizer_message=Linear least-squares solution
minimum_tracking_continuity=1.0000000000
mean_tracking_continuity=1.0000000000

# k_index idx continuity target fit\n    0    0 1.0000000000 -7.9780908159e+01 -7.7997056465e+01\n    1    0 1.0000000000 -7.9759649176e+01 -7.7977992772e+01\n    2    0 1.0000000000 -7.9695894197e+01 -7.7920820888e+01\n    3    0 1.0000000000 -7.9589709109e+01 -7.7825598381e+01\n    4    0 1.0000000000 -7.9441203659e+01 -7.7692421132e+01\n    5    0 1.0000000000 -7.9250531351e+01 -7.7521423239e+01\n    6    0 1.0000000000 -7.9017889312e+01 -7.7312776882e+01\n    7    0 1.0000000000 -7.8743518108e+01 -7.7066692150e+01\n    8    0 1.0000000000 -7.8427701528e+01 -7.6783416831e+01\n    9    0 1.0000000000 -7.8070766331e+01 -7.6463236158e+01\n   10    0 1.0000000000 -7.7673081945e+01 -7.6106472525e+01\n   11    0 1.0000000000 -7.7235060141e+01 -7.5713485164e+01\n   12    0 1.0000000000 -7.6757154663e+01 -7.5284669780e+01\n   13    0 1.0000000000 -7.6239860820e+01 -7.4820458154e+01\n   14    0 1.0000000000 -7.5683715047e+01 -7.4321317706e+01\n   15    0 1.0000000000 -7.5089294430e+01 -7.3787751030e+01\n   16    0 1.0000000000 -7.4457216197e+01 -7.3220295382e+01\n   17    0 1.0000000000 -7.3788137178e+01 -7.2619522141e+01\n   18    0 1.0000000000 -7.3082753230e+01 -7.1986036235e+01\n   19    0 1.0000000000 -7.2341798635e+01 -7.1320475531e+01\n   20    0 1.0000000000 -7.1566045472e+01 -7.0623510192e+01\n   21    0 1.0000000000 -7.0756302957e+01 -6.9895842003e+01\n   22    0 1.0000000000 -6.9913416758e+01 -6.9138203664e+01\n   23    0 1.0000000000 -6.9038268291e+01 -6.8351358053e+01\n   24    0 1.0000000000 -6.8131773994e+01 -6.7536097457e+01\n   25    0 1.0000000000 -6.7194884574e+01 -6.6693242773e+01\n   26    0 1.0000000000 -6.6228584247e+01 -6.5823642686e+01\n   27    0 1.0000000000 -6.5233889962e+01 -6.4928172808e+01\n   28    0 1.0000000000 -6.4211850605e+01 -6.4007734802e+01\n   29    0 1.0000000000 -6.3163546208e+01 -6.3063255472e+01\n   30    0 1.0000000000 -6.2090087143e+01 -6.2095685827e+01\n   31    0 1.0000000000 -6.0992613318e+01 -6.1106000128e+01\n   32    0 1.0000000000 -5.9872293378e+01 -6.0095194905e+01\n   33    0 1.0000000000 -5.8730323912e+01 -5.9064287953e+01\n   34    0 1.0000000000 -5.7567928671e+01 -5.8014317309e+01\n   35    0 1.0000000000 -5.6386357804e+01 -5.6946340202e+01\n   36    0 1.0000000000 -5.5186887120e+01 -5.5861431997e+01\n   37    0 1.0000000000 -5.3970817380e+01 -5.4760685103e+01\n   38    0 1.0000000000 -5.2739473621e+01 -5.3645207879e+01\n   39    0 1.0000000000 -5.1494204532e+01 -5.2516123516e+01\n   40    0 1.0000000000 -5.0236381880e+01 -5.1374568907e+01\n   41    0 1.0000000000 -4.8967400001e+01 -5.0221693500e+01\n   42    0 1.0000000000 -4.7688675362e+01 -4.9058658143e+01\n   43    0 1.0000000000 -4.6401646208e+01 -4.7886633914e+01\n   44    0 1.0000000000 -4.5107772308e+01 -4.6706800943e+01\n   45    0 1.0000000000 -4.3808534808e+01 -4.5520347220e+01\n   46    0 1.0000000000 -4.2505436202e+01 -4.4328467404e+01\n   47    0 1.0000000000 -4.1200000449e+01 -4.3132361618e+01\n   48    0 1.0000000000 -3.9893773225e+01 -4.1933234237e+01\n   49    0 1.0000000000 -3.8588322350e+01 -4.0732292683e+01\n   50    0 1.0000000000 -3.7285238377e+01 -3.9530746201e+01\n   51    0 1.0000000000 -3.5986135369e+01 -3.8329804647e+01\n   52    0 1.0000000000 -3.4692651854e+01 -3.7130677267e+01\n   53    0 1.0000000000 -3.3406451962e+01 -3.5934571480e+01\n   54    0 1.0000000000 -3.2129226721e+01 -3.4742691665e+01\n   55    0 1.0000000000 -3.0862695483e+01 -3.3556237942e+01\n   56    0 1.0000000000 -2.9608607428e+01 -3.2376404970e+01\n   57    0 1.0000000000 -2.8368743054e+01 -3.1204380741e+01\n   58    0 1.0000000000 -2.7144915518e+01 -3.0041345384e+01\n   59    0 1.0000000000 -2.5938971664e+01 -2.8888469977e+01\n   60    0 1.0000000000 -2.4752792460e+01 -2.7746915368e+01\n   61    0 1.0000000000 -2.3588292512e+01 -2.6617831006e+01\n   62    0 1.0000000000 -2.2447418198e+01 -2.5502353782e+01\n   63    0 1.0000000000 -2.1332143841e+01 -2.4401606888e+01\n   64    0 1.0000000000 -2.0244465221e+01 -2.3316698682e+01\n   65    0 1.0000000000 -1.9186389574e+01 -2.2248721576e+01\n   66    0 1.0000000000 -1.8159921143e+01 -2.1198750931e+01\n   67    0 1.0000000000 -1.7167041309e+01 -2.0167843979e+01\n   68    0 1.0000000000 -1.6209682414e+01 -1.9157038756e+01\n   69    0 1.0000000000 -1.5289694669e+01 -1.8167353058e+01\n   70    0 1.0000000000 -1.4408806023e+01 -1.7199783413e+01\n   71    0 1.0000000000 -1.3568575694e+01 -1.6255304082e+01\n   72    0 1.0000000000 -1.2770343113e+01 -1.5334866076e+01\n   73    0 1.0000000000 -1.2015175258e+01 -1.4439396199e+01\n   74    0 1.0000000000 -1.1303816584e+01 -1.3569796111e+01\n   75    0 1.0000000000 -1.0636646605e+01 -1.2726941428e+01\n   76    0 1.0000000000 -1.0013650409e+01 -1.1911680831e+01\n   77    0 1.0000000000 -9.4344066701e+00 -1.1124835220e+01\n   78    0 1.0000000000 -8.8980960677e+00 -1.0367196881e+01\n   79    0 1.0000000000 -8.4035305986e+00 -9.6395286925e+00\n   80    0 1.0000000000 -7.9492016429e+00 -8.9425633534e+00\n   81    0 1.0000000000 -7.5333423165e+00 -8.2770026494e+00\n   82    0 1.0000000000 -7.1539981903e+00 -7.6435167436e+00\n   83    0 1.0000000000 -6.8091000818e+00 -7.0427435026e+00\n   84    0 1.0000000000 -6.4965332721e+00 -6.4752878542e+00\n   85    0 1.0000000000 -6.2141988660e+00 -5.9417211780e+00\n   86    0 1.0000000000 -5.9600646830e+00 -5.4425807306e+00\n   87    0 1.0000000000 -5.7322046713e+00 -4.9783691040e+00\n   88    0 1.0000000000 -5.5288271347e+00 -4.5495537200e+00\n   89    0 1.0000000000 -5.3482929421e+00 -4.1565663593e+00\n   90    0 1.0000000000 -5.1891253754e+00 -3.7998027269e+00\n   91    0 1.0000000000 -5.0500134241e+00 -3.4796220535e+00\n   92    0 1.0000000000 -4.9298102761e+00 -3.1963467339e+00\n   93    0 1.0000000000 -4.8275285634e+00 -2.9502620024e+00\n   94    0 1.0000000000 -4.7423336752e+00 -2.7416156455e+00\n   95    0 1.0000000000 -4.6735362055e+00 -2.5706177522e+00\n   96    0 1.0000000000 -4.6205843717e+00 -2.4374405030e+00\n   97    0 1.0000000000 -4.5830570500e+00 -2.3422179962e+00\n   98    0 1.0000000000 -4.5606579068e+00 -2.2850461126e+00\n   99    0 1.0000000000 -4.5532109743e+00 -2.2659824196e+00\n  100    0 1.0000000000 -4.5524603041e+00 -2.2660116221e+00\n  101    0 1.0000000000 -4.5502089467e+00 -2.2660992002e+00\n  102    0 1.0000000000 -4.5464588613e+00 -2.2662450656e+00\n  103    0 1.0000000000 -4.5412133109e+00 -2.2664490716e+00\n  104    0 1.0000000000 -4.5344768583e+00 -2.2667110127e+00\n  105    0 1.0000000000 -4.5262553610e+00 -2.2670306252e+00\n  106    0 1.0000000000 -4.5165559645e+00 -2.2674075871e+00\n  107    0 1.0000000000 -4.5053870943e+00 -2.2678415191e+00\n  108    0 1.0000000000 -4.4927584457e+00 -2.2683319840e+00\n  109    0 1.0000000000 -4.4786809734e+00 -2.2688784882e+00\n  110    0 1.0000000000 -4.4631668785e+00 -2.2694804812e+00\n  111    0 1.0000000000 -4.4462295947e+00 -2.2701373569e+00\n  112    0 1.0000000000 -4.4278837729e+00 -2.2708484540e+00\n  113    0 1.0000000000 -4.4081452645e+00 -2.2716130564e+00\n  114    0 1.0000000000 -4.3870311033e+00 -2.2724303942e+00\n  115    0 1.0000000000 -4.3645594859e+00 -2.2732996444e+00\n  116    0 1.0000000000 -4.3407497511e+00 -2.2742199317e+00\n  117    0 1.0000000000 -4.3156223578e+00 -2.2751903296e+00\n  118    0 1.0000000000 -4.2891988617e+00 -2.2762098609e+00\n  119    0 1.0000000000 -4.2615018907e+00 -2.2772774989e+00\n  120    0 1.0000000000 -4.2325551196e+00 -2.2783921688e+00\n  121    0 1.0000000000 -4.2023832428e+00 -2.2795527481e+00\n  122    0 1.0000000000 -4.1710119464e+00 -2.2807580682e+00\n  123    0 1.0000000000 -4.1384678798e+00 -2.2820069155e+00\n  124    0 1.0000000000 -4.1047786253e+00 -2.2832980325e+00\n  125    0 1.0000000000 -4.0699726672e+00 -2.2846301190e+00\n  126    0 1.0000000000 -4.0340793605e+00 -2.2860018339e+00\n  127    0 1.0000000000 -3.9971288981e+00 -2.2874117960e+00\n  128    0 1.0000000000 -3.9591522777e+00 -2.2888585854e+00\n  129    0 1.0000000000 -3.9201812680e+00 -2.2903407455e+00\n  130    0 1.0000000000 -3.8802483743e+00 -2.2918567838e+00\n  131    0 1.0000000000 -3.8393868043e+00 -2.2934051738e+00\n  132    0 1.0000000000 -3.7976304324e+00 -2.2949843564e+00\n  133    0 1.0000000000 -3.7550137652e+00 -2.2965927414e+00\n  134    0 1.0000000000 -3.7115719064e+00 -2.2982287095e+00\n  135    0 1.0000000000 -3.6673405219e+00 -2.2998906132e+00\n  136    0 1.0000000000 -3.6223558059e+00 -2.3015767793e+00\n  137    0 1.0000000000 -3.5766544468e+00 -2.3032855099e+00\n  138    0 1.0000000000 -3.5302735955e+00 -2.3050150843e+00\n  139    0 1.0000000000 -3.4832508340e+00 -2.3067637612e+00\n  140    0 1.0000000000 -3.4356241464e+00 -2.3085297797e+00\n  141    0 1.0000000000 -3.3874318922e+00 -2.3103113616e+00\n  142    0 1.0000000000 -3.3387127830e+00 -2.3121067130e+00\n  143    0 1.0000000000 -3.2895058624e+00 -2.3139140262e+00\n  144    0 1.0000000000 -3.2398504919e+00 -2.3157314812e+00\n  145    0 1.0000000000 -3.1897863417e+00 -2.3175572482e+00\n  146    0 1.0000000000 -3.1393533899e+00 -2.3193894886e+00\n  147    0 1.0000000000 -3.0885919317e+00 -2.3212263577e+00\n  148    0 1.0000000000 -3.0375425998e+00 -2.3230660058e+00\n  149    0 1.0000000000 -2.9862464011e+00 -2.3249065805e+00\n  150    0 1.0000000000 -2.9347447729e+00 -2.3267462285e+00\n  151    0 1.0000000000 -2.8830796644e+00 -2.3285830976e+00\n  152    0 1.0000000000 -2.8312936509e+00 -2.3304153380e+00\n  153    0 1.0000000000 -2.7794300910e+00 -2.3322411050e+00\n  154    0 1.0000000000 -2.7275333408e+00 -2.3340585601e+00\n  155    0 1.0000000000 -2.6756490428e+00 -2.3358658732e+00\n  156    0 1.0000000000 -2.6238245173e+00 -2.3376612246e+00\n  157    0 1.0000000000 -2.5721092937e+00 -2.3394428065e+00\n  158    0 1.0000000000 -2.5205558355e+00 -2.3412088250e+00\n  159    0 1.0000000000 -2.4692205381e+00 -2.3429575019e+00\n  160    0 1.0000000000 -2.4181651200e+00 -2.3446870764e+00\n  161    0 1.0000000000 -2.3674585864e+00 -2.3463958069e+00\n  162    0 1.0000000000 -2.3171800477e+00 -2.3480819730e+00\n  163    0 1.0000000000 -2.2674228416e+00 -2.3497438768e+00\n  164    0 1.0000000000 -2.2183006911e+00 -2.3513798448e+00\n  165    0 1.0000000000 -2.1699571272e+00 -2.3529882299e+00\n  166    0 1.0000000000 -2.1225802997e+00 -2.3545674125e+00\n  167    0 1.0000000000 -2.0764269483e+00 -2.3561158024e+00\n  168    0 1.0000000000 -2.0318624304e+00 -2.3576318407e+00\n  169    0 1.0000000000 -1.9894296941e+00 -2.3591140008e+00\n  170    0 1.0000000000 -1.9499713615e+00 -2.3605607903e+00\n  171    0 1.0000000000 -1.9148482093e+00 -2.3619707523e+00\n  172    0 1.0000000000 -1.8863165562e+00 -2.3633424672e+00\n  173    0 1.0000000000 -1.8680734459e+00 -2.3646745538e+00\n  174    0 1.0000000000 -1.8655561386e+00 -2.3659656707e+00\n  175    0 1.0000000000 -1.8844987984e+00 -2.3672145180e+00\n  176    0 1.0000000000 -1.9268323908e+00 -2.3684198381e+00\n  177    0 1.0000000000 -1.9884662039e+00 -2.3695804174e+00\n  178    0 1.0000000000 -2.0626170324e+00 -2.3706950873e+00\n  179    0 1.0000000000 -2.1435099894e+00 -2.3717627254e+00\n  180    0 1.0000000000 -2.2272426075e+00 -2.3727822566e+00\n  181    0 1.0000000000 -2.3113209354e+00 -2.3737526545e+00\n  182    0 1.0000000000 -2.3941210898e+00 -2.3746729419e+00\n  183    0 1.0000000000 -2.4745381254e+00 -2.3755421921e+00\n  184    0 1.0000000000 -2.5517834617e+00 -2.3763595298e+00\n  185    0 1.0000000000 -2.6252696260e+00 -2.3771241322e+00\n  186    0 1.0000000000 -2.6945431644e+00 -2.3778352293e+00\n  187    0 1.0000000000 -2.7592441973e+00 -2.3784921050e+00\n  188    0 1.0000000000 -2.8190811029e+00 -2.3790940981e+00\n  189    0 1.0000000000 -2.8738140902e+00 -2.3796406022e+00\n  190    0 1.0000000000 -2.9232441862e+00 -2.3801310672e+00\n  191    0 1.0000000000 -2.9672056428e+00 -2.3805649991e+00\n  192    0 1.0000000000 -3.0055605765e+00 -2.3809419611e+00\n  193    0 1.0000000000 -3.0381951158e+00 -2.3812615735e+00\n  194    0 1.0000000000 -3.0650166003e+00 -2.3815235146e+00\n  195    0 1.0000000000 -3.0859515344e+00 -2.3817275206e+00\n  196    0 1.0000000000 -3.1009441050e+00 -2.3818733861e+00\n  197    0 1.0000000000 -3.1099551332e+00 -2.3819609642e+00\n  198    0 1.0000000000 -3.1129613773e+00 -2.3819901666e+00\n  199    0 1.0000000000 -3.1061296852e+00 -2.3819365679e+00\n  200    0 1.0000000000 -3.0857182772e+00 -2.3818334665e+00\n  201    0 1.0000000000 -3.0519796795e+00 -2.3818536570e+00\n  202    0 1.0000000000 -3.0053403593e+00 -2.3822841639e+00\n  203    0 1.0000000000 -2.9464111384e+00 -2.3835247973e+00\n  204    0 1.0000000000 -2.8760067371e+00 -2.3860861385e+00\n  205    0 1.0000000000 -2.7951821087e+00 -2.3905869647e+00\n  206    0 1.0000000000 -2.7053012545e+00 -2.3977511241e+00\n  207    0 1.0000000000 -2.6081719341e+00 -2.4084038745e+00\n  208    0 1.0000000000 -2.5063203804e+00 -2.4234676997e+00\n  209    0 1.0000000000 -2.4035732759e+00 -2.4439576231e+00\n  210    0 1.0000000000 -2.3062949659e+00 -2.4709760376e+00\n  211    0 1.0000000000 -2.2256691270e+00 -2.5057070736e+00\n  212    0 1.0000000000 -2.1792976418e+00 -2.5494105286e+00\n  213    0 1.0000000000 -2.1834468511e+00 -2.6034153856e+00\n  214    0 1.0000000000 -2.2372598432e+00 -2.6691129464e+00\n  215    0 1.0000000000 -2.3270949704e+00 -2.7479496090e+00\n  216    0 1.0000000000 -2.4413527685e+00 -2.8414193210e+00\n  217    0 1.0000000000 -2.5738016364e+00 -2.9510557401e+00\n  218    0 1.0000000000 -2.7216308900e+00 -3.0784241353e+00\n  219    0 1.0000000000 -2.8838143338e+00 -3.2251130634e+00\n  220    0 1.0000000000 -3.0602718624e+00 -3.3927258566e+00\n  221    0 1.0000000000 -3.2514699182e+00 -3.5828719574e+00\n  222    0 1.0000000000 -3.4582271361e+00 -3.7971581376e+00\n  223    0 1.0000000000 -3.6816153683e+00 -4.0371796394e+00\n  224    0 1.0000000000 -3.9229061930e+00 -4.3045112773e+00\n  225    0 1.0000000000 -4.1835394358e+00 -4.6006985377e+00\n  226    0 1.0000000000 -4.4651020152e+00 -4.9272487156e+00\n  227    0 1.0000000000 -4.7693109138e+00 -5.2856221270e+00\n  228    0 1.0000000000 -5.0979967978e+00 -5.6772234341e+00\n  229    0 1.0000000000 -5.4530862765e+00 -6.1033931216e+00\n  230    0 1.0000000000 -5.8365816865e+00 -6.5653991620e+00\n  231    0 1.0000000000 -6.2505379124e+00 -7.0644289051e+00\n  232    0 1.0000000000 -6.6970362412e+00 -7.6015812281e+00\n  233    0 1.0000000000 -7.1781556565e+00 -8.1778589809e+00\n  234    0 1.0000000000 -7.6959422957e+00 -8.7941617607e+00\n  235    0 1.0000000000 -8.2523780289e+00 -9.4512790472e+00\n  236    0 1.0000000000 -8.8493492375e+00 -1.0149883729e+01\n  237    0 1.0000000000 -9.4886168777e+00 -1.0890526055e+01\n  238    0 1.0000000000 -1.0171788811e+01 -1.1673628029e+01\n  239    0 1.0000000000 -1.0900295196e+01 -1.2499478282e+01\n  240    0 1.0000000000 -1.1675367480e+01 -1.3368227450e+01\n  241    0 1.0000000000 -1.2498021277e+01 -1.4279884062e+01\n  242    0 1.0000000000 -1.3369043157e+01 -1.5234310975e+01\n  243    0 1.0000000000 -1.4288981173e+01 -1.6231222370e+01\n  244    0 1.0000000000 -1.5258138781e+01 -1.7270181321e+01\n  245    0 1.0000000000 -1.6276571751e+01 -1.8350597951e+01\n  246    0 1.0000000000 -1.7344087599e+01 -1.9471728190e+01\n  247    0 1.0000000000 -1.8460247092e+01 -2.0632673138e+01\n  248    0 1.0000000000 -1.9624367421e+01 -2.1832379045e+01\n  249    0 1.0000000000 -2.0835526685e+01 -2.3069637910e+01\n  250    0 1.0000000000 -2.2092569403e+01 -2.4343088693e+01\n  251    0 1.0000000000 -2.3394112838e+01 -2.5651219155e+01\n  252    0 1.0000000000 -2.4738553951e+01 -2.6992368301e+01\n  253    0 1.0000000000 -2.6124076885e+01 -2.8364729442e+01\n  254    0 1.0000000000 -2.7548660902e+01 -2.9766353846e+01\n  255    0 1.0000000000 -2.9010088715e+01 -3.1195154989e+01\n  256    0 1.0000000000 -3.0505955204e+01 -3.2648913371e+01\n  257    0 1.0000000000 -3.2033676488e+01 -3.4125281894e+01\n  258    0 1.0000000000 -3.3590499366e+01 -3.5621791786e+01\n  259    0 1.0000000000 -3.5173511117e+01 -3.7135859036e+01\n  260    0 1.0000000000 -3.6779649655e+01 -3.8664791340e+01\n  261    0 1.0000000000 -3.8405714056e+01 -4.0205795510e+01\n  262    0 1.0000000000 -4.0048375428e+01 -4.1755985334e+01\n  263    0 1.0000000000 -4.1704188142e+01 -4.3312389858e+01\n  264    0 1.0000000000 -4.3369601384e+01 -4.4871962054e+01\n  265    0 1.0000000000 -4.5040971044e+01 -4.6431587849e+01\n  266    0 1.0000000000 -4.6714571878e+01 -4.7988095475e+01\n  267    0 1.0000000000 -4.8386609967e+01 -4.9538265108e+01\n  268    0 1.0000000000 -5.0053235395e+01 -5.1078838771e+01\n  269    0 1.0000000000 -5.1710555153e+01 -5.2606530442e+01\n  270    0 1.0000000000 -5.3354646205e+01 -5.4118036351e+01\n  271    0 1.0000000000 -5.4981568693e+01 -5.5610045416e+01\n  272    0 1.0000000000 -5.6587379234e+01 -5.7079249780e+01\n  273    0 1.0000000000 -5.8168144270e+01 -5.8522355411e+01\n  274    0 1.0000000000 -5.9719953415e+01 -5.9936092729e+01\n  275    0 1.0000000000 -6.1238932777e+01 -6.1317227210e+01\n  276    0 1.0000000000 -6.2721258180e+01 -6.2662569936e+01\n  277    0 1.0000000000 -6.4163168261e+01 -6.3968988046e+01\n  278    0 1.0000000000 -6.5560977385e+01 -6.5233415053e+01\n  279    0 1.0000000000 -6.6911088332e+01 -6.6452860980e+01\n  280    0 1.0000000000 -6.8210004717e+01 -6.7624422283e+01\n  281    0 1.0000000000 -6.9454343079e+01 -6.8745291528e+01\n  282    0 1.0000000000 -7.0640844616e+01 -6.9812766764e+01\n  283    0 1.0000000000 -7.1766386508e+01 -7.0824260583e+01\n  284    0 1.0000000000 -7.2827992784e+01 -7.1777308819e+01\n  285    0 1.0000000000 -7.3822844708e+01 -7.2669578842e+01\n  286    0 1.0000000000 -7.4748290621e+01 -7.3498877444e+01\n  287    0 1.0000000000 -7.5601855222e+01 -7.4263158256e+01\n  288    0 1.0000000000 -7.6381248238e+01 -7.4960528687e+01\n  289    0 1.0000000000 -7.7084372464e+01 -7.5589256353e+01\n  290    0 1.0000000000 -7.7709331126e+01 -7.6147774969e+01\n  291    0 1.0000000000 -7.8254434554e+01 -7.6634689682e+01\n  292    0 1.0000000000 -7.8718206124e+01 -7.7048781830e+01\n  293    0 1.0000000000 -7.9099387464e+01 -7.7389013101e+01\n  294    0 1.0000000000 -7.9396942885e+01 -7.7654529080e+01\n  295    0 1.0000000000 -7.9610063039e+01 -7.7844662173e+01\n  296    0 1.0000000000 -7.9738167769e+01 -7.7958933885e+01\n  297    0 1.0000000000 -7.9780908159e+01 -7.7997056465e+01\n