SINGLE-ORBITAL NN+NNN EFFECTIVE MODEL FIT

m=4
eon=0.0
t0=1.0
l_decay=3.0
dl=0.1
pairing=./m=4/pairing.txt
microscopic_orbitals=34

E_eff(k) = eps0 + 2*t1[cos(k.u1)+cos(k.u2)] + 4*t2*cos(k.u1)*cos(k.u2)

eps0     = -3.08508465501399e+01
t1       = -1.19890502387902e+01
t2       = -5.40781100254165e+00

RMSE=7.26076996458083e-01
MAE=6.14870435614802e-01
max_abs_error=1.59858299809390e+00
optimizer_success=True
optimizer_message=Linear least-squares solution
minimum_tracking_continuity=1.0000000000
mean_tracking_continuity=1.0000000000

# k_index idx continuity target fit\n    0    0 1.0000000000 -1.0137354286e+02 -1.0043829152e+02\n    1    0 1.0000000000 -1.0134931233e+02 -1.0041532914e+02\n    2    0 1.0000000000 -1.0127664572e+02 -1.0034646515e+02\n    3    0 1.0000000000 -1.0115561791e+02 -1.0023176887e+02\n    4    0 1.0000000000 -1.0098635362e+02 -1.0007135580e+02\n    5    0 1.0000000000 -1.0076902732e+02 -9.9865387462e+01\n    6    0 1.0000000000 -1.0050386302e+02 -9.9614071244e+01\n    7    0 1.0000000000 -1.0019113408e+02 -9.9317660201e+01\n    8    0 1.0000000000 -9.9831162987e+01 -9.8976452796e+01\n    9    0 1.0000000000 -9.9424320985e+01 -9.8590792595e+01\n   10    0 1.0000000000 -9.8971027784e+01 -9.8161067925e+01\n   11    0 1.0000000000 -9.8471751140e+01 -9.7687711482e+01\n   12    0 1.0000000000 -9.7927006425e+01 -9.7171199896e+01\n   13    0 1.0000000000 -9.7337356145e+01 -9.6612053251e+01\n   14    0 1.0000000000 -9.6703409416e+01 -9.6010834560e+01\n   15    0 1.0000000000 -9.6025821399e+01 -9.5368149198e+01\n   16    0 1.0000000000 -9.5305292686e+01 -9.4684644297e+01\n   17    0 1.0000000000 -9.4542568660e+01 -9.3961008087e+01\n   18    0 1.0000000000 -9.3738438797e+01 -9.3197969208e+01\n   19    0 1.0000000000 -9.2893735945e+01 -9.2396295977e+01\n   20    0 1.0000000000 -9.2009335557e+01 -9.1556795609e+01\n   21    0 1.0000000000 -9.1086154888e+01 -9.0680313412e+01\n   22    0 1.0000000000 -9.0125152159e+01 -8.9767731927e+01\n   23    0 1.0000000000 -8.9127325686e+01 -8.8819970047e+01\n   24    0 1.0000000000 -8.8093712974e+01 -8.7837982089e+01\n   25    0 1.0000000000 -8.7025389784e+01 -8.6822756831e+01\n   26    0 1.0000000000 -8.5923469166e+01 -8.5775316518e+01\n   27    0 1.0000000000 -8.4789100467e+01 -8.4696715834e+01\n   28    0 1.0000000000 -8.3623468308e+01 -8.3588040838e+01\n   29    0 1.0000000000 -8.2427791541e+01 -8.2450407873e+01\n   30    0 1.0000000000 -8.1203322177e+01 -8.1284962439e+01\n   31    0 1.0000000000 -7.9951344301e+01 -8.0092878039e+01\n   32    0 1.0000000000 -7.8673172956e+01 -7.8875355003e+01\n   33    0 1.0000000000 -7.7370153014e+01 -7.7633619272e+01\n   34    0 1.0000000000 -7.6043658040e+01 -7.6368921169e+01\n   35    0 1.0000000000 -7.4695089122e+01 -7.5082534138e+01\n   36    0 1.0000000000 -7.3325873711e+01 -7.3775753461e+01\n   37    0 1.0000000000 -7.1937464430e+01 -7.2449894957e+01\n   38    0 1.0000000000 -7.0531337892e+01 -7.1106293651e+01\n   39    0 1.0000000000 -6.9108993497e+01 -6.9746302438e+01\n   40    0 1.0000000000 -6.7671952235e+01 -6.8371290711e+01\n   41    0 1.0000000000 -6.6221755476e+01 -6.6982642993e+01\n   42    0 1.0000000000 -6.4759963760e+01 -6.5581757533e+01\n   43    0 1.0000000000 -6.3288155590e+01 -6.4170044905e+01\n   44    0 1.0000000000 -6.1807926217e+01 -6.2748926583e+01\n   45    0 1.0000000000 -6.0320886420e+01 -6.1319833512e+01\n   46    0 1.0000000000 -5.8828661295e+01 -5.9884204669e+01\n   47    0 1.0000000000 -5.7332889023e+01 -5.8443485611e+01\n   48    0 1.0000000000 -5.5835219644e+01 -5.6999127018e+01\n   49    0 1.0000000000 -5.4337313805e+01 -5.5552583238e+01\n   50    0 1.0000000000 -5.2840841497e+01 -5.4105310818e+01\n   51    0 1.0000000000 -5.1347480759e+01 -5.2658767038e+01\n   52    0 1.0000000000 -4.9858916344e+01 -5.1214408445e+01\n   53    0 1.0000000000 -4.8376838328e+01 -4.9773689386e+01\n   54    0 1.0000000000 -4.6902940645e+01 -4.8338060543e+01\n   55    0 1.0000000000 -4.5438919532e+01 -4.6908967473e+01\n   56    0 1.0000000000 -4.3986471841e+01 -4.5487849151e+01\n   57    0 1.0000000000 -4.2547293195e+01 -4.4076136522e+01\n   58    0 1.0000000000 -4.1123075947e+01 -4.2675251062e+01\n   59    0 1.0000000000 -3.9715506888e+01 -4.1286603344e+01\n   60    0 1.0000000000 -3.8326264648e+01 -3.9911591618e+01\n   61    0 1.0000000000 -3.6957016729e+01 -3.8551600404e+01\n   62    0 1.0000000000 -3.5609416101e+01 -3.7207999099e+01\n   63    0 1.0000000000 -3.4285097263e+01 -3.5882140594e+01\n   64    0 1.0000000000 -3.2985671712e+01 -3.4575359918e+01\n   65    0 1.0000000000 -3.1712722709e+01 -3.3288972887e+01\n   66    0 1.0000000000 -3.0467799273e+01 -3.2024274784e+01\n   67    0 1.0000000000 -2.9252409322e+01 -3.0782539053e+01\n   68    0 1.0000000000 -2.8068011911e+01 -2.9565016016e+01\n   69    0 1.0000000000 -2.6916008548e+01 -2.8372931617e+01\n   70    0 1.0000000000 -2.5797733599e+01 -2.7207486182e+01\n   71    0 1.0000000000 -2.4714443880e+01 -2.6069853217e+01\n   72    0 1.0000000000 -2.3667307584e+01 -2.4961178222e+01\n   73    0 1.0000000000 -2.2657392812e+01 -2.3882577538e+01\n   74    0 1.0000000000 -2.1685656050e+01 -2.2835137225e+01\n   75    0 1.0000000000 -2.0752931067e+01 -2.1819911966e+01\n   76    0 1.0000000000 -1.9859918805e+01 -2.0837924008e+01\n   77    0 1.0000000000 -1.9007178897e+01 -1.9890162129e+01\n   78    0 1.0000000000 -1.8195123522e+01 -1.8977580644e+01\n   79    0 1.0000000000 -1.7424014283e+01 -1.8101098446e+01\n   80    0 1.0000000000 -1.6693962740e+01 -1.7261598079e+01\n   81    0 1.0000000000 -1.6004935082e+01 -1.6459924847e+01\n   82    0 1.0000000000 -1.5356761248e+01 -1.5696885969e+01\n   83    0 1.0000000000 -1.4749148521e+01 -1.4973249759e+01\n   84    0 1.0000000000 -1.4181699345e+01 -1.4289744857e+01\n   85    0 1.0000000000 -1.3653932802e+01 -1.3647059496e+01\n   86    0 1.0000000000 -1.3165308900e+01 -1.3045840805e+01\n   87    0 1.0000000000 -1.2715254553e+01 -1.2486694159e+01\n   88    0 1.0000000000 -1.2303189953e+01 -1.1970182574e+01\n   89    0 1.0000000000 -1.1928553873e+01 -1.1496826131e+01\n   90    0 1.0000000000 -1.1590826411e+01 -1.1067101461e+01\n   91    0 1.0000000000 -1.1289547694e+01 -1.0681441259e+01\n   92    0 1.0000000000 -1.1024331244e+01 -1.0340233854e+01\n   93    0 1.0000000000 -1.0794870987e+01 -1.0043822812e+01\n   94    0 1.0000000000 -1.0600941380e+01 -9.7925065935e+00\n   95    0 1.0000000000 -1.0442390816e+01 -9.5865382530e+00\n   96    0 1.0000000000 -1.0319129304e+01 -9.4261251832e+00\n   97    0 1.0000000000 -1.0231112330e+01 -9.3114289063e+00\n   98    0 1.0000000000 -1.0178323566e+01 -9.2425649119e+00\n   99    0 1.0000000000 -1.0160759499e+01 -9.2196025400e+00\n  100    0 1.0000000000 -1.0159366713e+01 -9.2184209972e+00\n  101    0 1.0000000000 -1.0155185309e+01 -9.2148775586e+00\n  102    0 1.0000000000 -1.0148218818e+01 -9.2089757922e+00\n  103    0 1.0000000000 -1.0138473121e+01 -9.2007216404e+00\n  104    0 1.0000000000 -1.0125956440e+01 -9.1901234146e+00\n  105    0 1.0000000000 -1.0110679329e+01 -9.1771917863e+00\n  106    0 1.0000000000 -1.0092654661e+01 -9.1619397764e+00\n  107    0 1.0000000000 -1.0071897613e+01 -9.1443827426e+00\n  108    0 1.0000000000 -1.0048425647e+01 -9.1245383631e+00\n  109    0 1.0000000000 -1.0022258491e+01 -9.1024266197e+00\n  110    0 1.0000000000 -9.9934181168e+00 -9.0780697770e+00\n  111    0 1.0000000000 -9.9619287086e+00 -9.0514923603e+00\n  112    0 1.0000000000 -9.9278166401e+00 -9.0227211307e+00\n  113    0 1.0000000000 -9.8911104400e+00 -8.9917850585e+00\n  114    0 1.0000000000 -9.8518407592e+00 -8.9587152937e+00\n  115    0 1.0000000000 -9.8100403342e+00 -8.9235451347e+00\n  116    0 1.0000000000 -9.7657439479e+00 -8.8863099948e+00\n  117    0 1.0000000000 -9.7189883885e+00 -8.8470473668e+00\n  118    0 1.0000000000 -9.6698124056e+00 -8.8057967847e+00\n  119    0 1.0000000000 -9.6182566640e+00 -8.7625997845e+00\n  120    0 1.0000000000 -9.5643636952e+00 -8.7174998617e+00\n  121    0 1.0000000000 -9.5081778468e+00 -8.6705424282e+00\n  122    0 1.0000000000 -9.4497452292e+00 -8.6217747662e+00\n  123    0 1.0000000000 -9.3891136609e+00 -8.5712459806e+00\n  124    0 1.0000000000 -9.3263326110e+00 -8.5190069495e+00\n  125    0 1.0000000000 -9.2614531403e+00 -8.4651102733e+00\n  126    0 1.0000000000 -9.1945278400e+00 -8.4096102213e+00\n  127    0 1.0000000000 -9.1256107687e+00 -8.3525626774e+00\n  128    0 1.0000000000 -9.0547573878e+00 -8.2940250835e+00\n  129    0 1.0000000000 -8.9820244952e+00 -8.2340563823e+00\n  130    0 1.0000000000 -8.9074701570e+00 -8.1727169569e+00\n  131    0 1.0000000000 -8.8311536381e+00 -8.1100685710e+00\n  132    0 1.0000000000 -8.7531353314e+00 -8.0461743063e+00\n  133    0 1.0000000000 -8.6734766855e+00 -7.9810984988e+00\n  134    0 1.0000000000 -8.5922401316e+00 -7.9149066743e+00\n  135    0 1.0000000000 -8.5094890089e+00 -7.8476654825e+00\n  136    0 1.0000000000 -8.4252874894e+00 -7.7794426294e+00\n  137    0 1.0000000000 -8.3397005017e+00 -7.7103068098e+00\n  138    0 1.0000000000 -8.2527936547e+00 -7.6403276376e+00\n  139    0 1.0000000000 -8.1646331603e+00 -7.5695755757e+00\n  140    0 1.0000000000 -8.0752857563e+00 -7.4981218656e+00\n  141    0 1.0000000000 -7.9848186284e+00 -7.4260384551e+00\n  142    0 1.0000000000 -7.8932993340e+00 -7.3533979261e+00\n  143    0 1.0000000000 -7.8007957245e+00 -7.2802734214e+00\n  144    0 1.0000000000 -7.7073758696e+00 -7.2067385712e+00\n  145    0 1.0000000000 -7.6131079824e+00 -7.1328674188e+00\n  146    0 1.0000000000 -7.5180603452e+00 -7.0587343464e+00\n  147    0 1.0000000000 -7.4223012380e+00 -6.9844139994e+00\n  148    0 1.0000000000 -7.3258988687e+00 -6.9099812124e+00\n  149    0 1.0000000000 -7.2289213062e+00 -6.8355109327e+00\n  150    0 1.0000000000 -7.1314364168e+00 -6.7610781457e+00\n  151    0 1.0000000000 -7.0335118058e+00 -6.6867577988e+00\n  152    0 1.0000000000 -6.9352147631e+00 -6.6126247263e+00\n  153    0 1.0000000000 -6.8366122162e+00 -6.5387535739e+00\n  154    0 1.0000000000 -6.7377706914e+00 -6.4652187237e+00\n  155    0 1.0000000000 -6.6387562839e+00 -6.3920942190e+00\n  156    0 1.0000000000 -6.5396346417e+00 -6.3194536900e+00\n  157    0 1.0000000000 -6.4404709644e+00 -6.2473702795e+00\n  158    0 1.0000000000 -6.3413300220e+00 -6.1759165694e+00\n  159    0 1.0000000000 -6.2422761995e+00 -6.1051645076e+00\n  160    0 1.0000000000 -6.1433735743e+00 -6.0351853353e+00\n  161    0 1.0000000000 -6.0446860374e+00 -5.9660495157e+00\n  162    0 1.0000000000 -5.9462774724e+00 -5.8978266626e+00\n  163    0 1.0000000000 -5.8482120128e+00 -5.8305854708e+00\n  164    0 1.0000000000 -5.7505544065e+00 -5.7643936464e+00\n  165    0 1.0000000000 -5.6533705306e+00 -5.6993178389e+00\n  166    0 1.0000000000 -5.5567281184e+00 -5.6354235741e+00\n  167    0 1.0000000000 -5.4606977958e+00 -5.5727751882e+00\n  168    0 1.0000000000 -5.3653545735e+00 -5.5114357629e+00\n  169    0 1.0000000000 -5.2707800315e+00 -5.4514670616e+00\n  170    0 1.0000000000 -5.1770655788e+00 -5.3929294678e+00\n  171    0 1.0000000000 -5.0843174297e+00 -5.3358819238e+00\n  172    0 1.0000000000 -4.9926644108e+00 -5.2803818718e+00\n  173    0 1.0000000000 -4.9022705844e+00 -5.2264851956e+00\n  174    0 1.0000000000 -4.8133563782e+00 -5.1742461645e+00\n  175    0 1.0000000000 -4.7262352990e+00 -5.1237173789e+00\n  176    0 1.0000000000 -4.6413802349e+00 -5.0749497169e+00\n  177    0 1.0000000000 -4.5595473656e+00 -5.0279922834e+00\n  178    0 1.0000000000 -4.4820111316e+00 -4.9828923607e+00\n  179    0 1.0000000000 -4.4109881739e+00 -4.9396953604e+00\n  180    0 1.0000000000 -4.3502159395e+00 -4.8984447783e+00\n  181    0 1.0000000000 -4.3048816413e+00 -4.8591821503e+00\n  182    0 1.0000000000 -4.2788650938e+00 -4.8219470104e+00\n  183    0 1.0000000000 -4.2706998814e+00 -4.7867768514e+00\n  184    0 1.0000000000 -4.2748610947e+00 -4.7537070866e+00\n  185    0 1.0000000000 -4.2861144156e+00 -4.7227710144e+00\n  186    0 1.0000000000 -4.3010459145e+00 -4.6939997848e+00\n  187    0 1.0000000000 -4.3176387504e+00 -4.6674223681e+00\n  188    0 1.0000000000 -4.3346813471e+00 -4.6430655254e+00\n  189    0 1.0000000000 -4.3514031303e+00 -4.6209537820e+00\n  190    0 1.0000000000 -4.3672816635e+00 -4.6011094026e+00\n  191    0 1.0000000000 -4.3819423019e+00 -4.5835523687e+00\n  192    0 1.0000000000 -4.3951048105e+00 -4.5683003588e+00\n  193    0 1.0000000000 -4.4065540177e+00 -4.5553687305e+00\n  194    0 1.0000000000 -4.4161231381e+00 -4.5447705047e+00\n  195    0 1.0000000000 -4.4236840190e+00 -4.5365163529e+00\n  196    0 1.0000000000 -4.4291413158e+00 -4.5306145865e+00\n  197    0 1.0000000000 -4.4324289933e+00 -4.5270711479e+00\n  198    0 1.0000000000 -4.4335082782e+00 -4.5258896051e+00\n  199    0 1.0000000000 -4.4292442842e+00 -4.5282581735e+00\n  200    0 1.0000000000 -4.4167109954e+00 -4.5354272495e+00\n  201    0 1.0000000000 -4.3968450582e+00 -4.5475866166e+00\n  202    0 1.0000000000 -4.3715024621e+00 -4.5650514873e+00\n  203    0 1.0000000000 -4.3440736685e+00 -4.5882608664e+00\n  204    0 1.0000000000 -4.3207088176e+00 -4.6177752708e+00\n  205    0 1.0000000000 -4.3121803152e+00 -4.6542738142e+00\n  206    0 1.0000000000 -4.3340850566e+00 -4.6985506685e+00\n  207    0 1.0000000000 -4.3992579421e+00 -4.7515109190e+00\n  208    0 1.0000000000 -4.5072146149e+00 -4.8141658285e+00\n  209    0 1.0000000000 -4.6482635794e+00 -4.8876275326e+00\n  210    0 1.0000000000 -4.8135388754e+00 -4.9731031875e+00\n  211    0 1.0000000000 -4.9978022742e+00 -5.0718885962e+00\n  212    0 1.0000000000 -5.1984485517e+00 -5.1853613389e+00\n  213    0 1.0000000000 -5.4143748217e+00 -5.3149734388e+00\n  214    0 1.0000000000 -5.6453175695e+00 -5.4622435931e+00\n  215    0 1.0000000000 -5.8915069704e+00 -5.6287490026e+00\n  216    0 1.0000000000 -6.1534874415e+00 -5.8161168364e+00\n  217    0 1.0000000000 -6.4320218433e+00 -6.0260153657e+00\n  218    0 1.0000000000 -6.7280383833e+00 -6.2601448070e+00\n  219    0 1.0000000000 -7.0425998962e+00 -6.5202279131e+00\n  220    0 1.0000000000 -7.3768850743e+00 -6.8080003519e+00\n  221    0 1.0000000000 -7.7321760587e+00 -7.1252009157e+00\n  222    0 1.0000000000 -8.1098492430e+00 -7.4735616016e+00\n  223    0 1.0000000000 -8.5113674175e+00 -7.8547976078e+00\n  224    0 1.0000000000 -8.9382720898e+00 -8.2705972873e+00\n  225    0 1.0000000000 -9.3921752236e+00 -8.7226121040e+00\n  226    0 1.0000000000 -9.8747498956e+00 -9.2124466338e+00\n  227    0 1.0000000000 -1.0387719550e+01 -9.7416486553e+00\n  228    0 1.0000000000 -1.0932845670e+01 -1.0311699373e+01\n  229    0 1.0000000000 -1.1511913792e+01 -1.0924003816e+01\n  230    0 1.0000000000 -1.2126717922e+01 -1.1579881455e+01\n  231    0 1.0000000000 -1.2779043467e+01 -1.2280557075e+01\n  232    0 1.0000000000 -1.3470648919e+01 -1.3027151956e+01\n  233    0 1.0000000000 -1.4203246591e+01 -1.3820675385e+01\n  234    0 1.0000000000 -1.4978482736e+01 -1.4662016548e+01\n  235    0 1.0000000000 -1.5797917457e+01 -1.5551936838e+01\n  236    0 1.0000000000 -1.6663004800e+01 -1.6491062613e+01\n  237    0 1.0000000000 -1.7575073419e+01 -1.7479878432e+01\n  238    0 1.0000000000 -1.8535308191e+01 -1.8518720809e+01\n  239    0 1.0000000000 -1.9544733087e+01 -1.9607772512e+01\n  240    0 1.0000000000 -2.0604195574e+01 -2.0747057430e+01\n  241    0 1.0000000000 -2.1714352740e+01 -2.1936436033e+01\n  242    0 1.0000000000 -2.2875659274e+01 -2.3175601464e+01\n  243    0 1.0000000000 -2.4088357376e+01 -2.4464076253e+01\n  244    0 1.0000000000 -2.5352468607e+01 -2.5801209700e+01\n  245    0 1.0000000000 -2.6667787643e+01 -2.7186175925e+01\n  246    0 1.0000000000 -2.8033877863e+01 -2.8617972607e+01\n  247    0 1.0000000000 -2.9450068676e+01 -3.0095420407e+01\n  248    0 1.0000000000 -3.0915454468e+01 -3.1617163107e+01\n  249    0 1.0000000000 -3.2428895054e+01 -3.3181668441e+01\n  250    0 1.0000000000 -3.3989017506e+01 -3.4787229639e+01\n  251    0 1.0000000000 -3.5594219239e+01 -3.6431967676e+01\n  252    0 1.0000000000 -3.7242672255e+01 -3.8113834219e+01\n  253    0 1.0000000000 -3.8932328426e+01 -3.9830615272e+01\n  254    0 1.0000000000 -4.0660925733e+01 -4.1579935495e+01\n  255    0 1.0000000000 -4.2425995393e+01 -4.3359263206e+01\n  256    0 1.0000000000 -4.4224869776e+01 -4.5165916030e+01\n  257    0 1.0000000000 -4.6054691074e+01 -4.6997067183e+01\n  258    0 1.0000000000 -4.7912420654e+01 -4.8849752381e+01\n  259    0 1.0000000000 -4.9794849047e+01 -5.0720877334e+01\n  260    0 1.0000000000 -5.1698606527e+01 -5.2607225810e+01\n  261    0 1.0000000000 -5.3620174238e+01 -5.4505468234e+01\n  262    0 1.0000000000 -5.5555895834e+01 -5.6412170808e+01\n  263    0 1.0000000000 -5.7501989582e+01 -5.8323805091e+01\n  264    0 1.0000000000 -5.9454560891e+01 -6.0236758030e+01\n  265    0 1.0000000000 -6.1409615244e+01 -6.2147342402e+01\n  266    0 1.0000000000 -6.3363071465e+01 -6.4051807608e+01\n  267    0 1.0000000000 -6.5310775304e+01 -6.5946350815e+01\n  268    0 1.0000000000 -6.7248513289e+01 -6.7827128369e+01\n  269    0 1.0000000000 -6.9172026797e+01 -6.9690267465e+01\n  270    0 1.0000000000 -7.1077026308e+01 -7.1531878013e+01\n  271    0 1.0000000000 -7.2959205794e+01 -7.3348064669e+01\n  272    0 1.0000000000 -7.4814257189e+01 -7.5134938967e+01\n  273    0 1.0000000000 -7.6637884901e+01 -7.6888631541e+01\n  274    0 1.0000000000 -7.8425820320e+01 -7.8605304342e+01\n  275    0 1.0000000000 -8.0173836254e+01 -8.0281162862e+01\n  276    0 1.0000000000 -8.1877761268e+01 -8.1912468259e+01\n  277    0 1.0000000000 -8.3533493859e+01 -8.3495549394e+01\n  278    0 1.0000000000 -8.5137016424e+01 -8.5026814688e+01\n  279    0 1.0000000000 -8.6684408970e+01 -8.6502763786e+01\n  280    0 1.0000000000 -8.8171862519e+01 -8.7919998965e+01\n  281    0 1.0000000000 -8.9595692152e+01 -8.9275236256e+01\n  282    0 1.0000000000 -9.0952349662e+01 -9.0565316222e+01\n  283    0 1.0000000000 -9.2238435743e+01 -9.1787214375e+01\n  284    0 1.0000000000 -9.3450711704e+01 -9.2938051159e+01\n  285    0 1.0000000000 -9.4586110632e+01 -9.4015101500e+01\n  286    0 1.0000000000 -9.5641747983e+01 -9.5015803850e+01\n  287    0 1.0000000000 -9.6614931561e+01 -9.5937768717e+01\n  288    0 1.0000000000 -9.7503170834e+01 -9.6778786634e+01\n  289    0 1.0000000000 -9.8304185570e+01 -9.7536835545e+01\n  290    0 1.0000000000 -9.9015913744e+01 -9.8210087569e+01\n  291    0 1.0000000000 -9.9636518704e+01 -9.8796915130e+01\n  292    0 1.0000000000 -1.0016439555e+02 -9.9295896419e+01\n  293    0 1.0000000000 -1.0059817671e+02 -9.9705820172e+01\n  294    0 1.0000000000 -1.0093673673e+02 -1.0002568974e+02\n  295    0 1.0000000000 -1.0117919613e+02 -1.0025472646e+02\n  296    0 1.0000000000 -1.0132492455e+02 -1.0039237225e+02\n  297    0 1.0000000000 -1.0137354286e+02 -1.0043829152e+02\n