SINGLE-ORBITAL NN+NNN EFFECTIVE MODEL FIT

m=5
eon=0.0
t0=1.0
l_decay=3.0
dl=0.1
pairing=./m=5/pairing.txt
microscopic_orbitals=52

E_eff(k) = eps0 + 2*t1[cos(k.u1)+cos(k.u2)] + 4*t2*cos(k.u1)*cos(k.u2)

eps0     = -4.06637728212634e+01
t1       = -1.37407681727213e+01
t2       = -5.60064035752851e+00

RMSE=7.71576182171679e-01
MAE=5.52621376388913e-01
max_abs_error=2.11504289772772e+00
optimizer_success=True
optimizer_message=Linear least-squares solution
minimum_tracking_continuity=1.0000000000
mean_tracking_continuity=1.0000000000

# k_index idx continuity target fit\n    0    0 1.0000000000 -1.1776930624e+02 -1.1802940694e+02\n    1    0 1.0000000000 -1.1774431973e+02 -1.1800429241e+02\n    2    0 1.0000000000 -1.1766938553e+02 -1.1792897411e+02\n    3    0 1.0000000000 -1.1754457961e+02 -1.1780352789e+02\n    4    0 1.0000000000 -1.1737002850e+02 -1.1762808004e+02\n    5    0 1.0000000000 -1.1714590914e+02 -1.1740280724e+02\n    6    0 1.0000000000 -1.1687244874e+02 -1.1712793631e+02\n    7    0 1.0000000000 -1.1654992455e+02 -1.1680374403e+02\n    8    0 1.0000000000 -1.1617866355e+02 -1.1643055683e+02\n    9    0 1.0000000000 -1.1575904214e+02 -1.1600875048e+02\n   10    0 1.0000000000 -1.1529148577e+02 -1.1553874970e+02\n   11    0 1.0000000000 -1.1477646850e+02 -1.1502102774e+02\n   12    0 1.0000000000 -1.1421451255e+02 -1.1445610591e+02\n   13    0 1.0000000000 -1.1360618772e+02 -1.1384455303e+02\n   14    0 1.0000000000 -1.1295211088e+02 -1.1318698489e+02\n   15    0 1.0000000000 -1.1225294532e+02 -1.1248406359e+02\n   16    0 1.0000000000 -1.1150940008e+02 -1.1173649693e+02\n   17    0 1.0000000000 -1.1072222925e+02 -1.1094503764e+02\n   18    0 1.0000000000 -1.0989223119e+02 -1.1011048265e+02\n   19    0 1.0000000000 -1.0902024777e+02 -1.0923367229e+02\n   20    0 1.0000000000 -1.0810716347e+02 -1.0831548943e+02\n   21    0 1.0000000000 -1.0715390452e+02 -1.0735685860e+02\n   22    0 1.0000000000 -1.0616143796e+02 -1.0635874507e+02\n   23    0 1.0000000000 -1.0513077065e+02 -1.0532215384e+02\n   24    0 1.0000000000 -1.0406294827e+02 -1.0424812869e+02\n   25    0 1.0000000000 -1.0295905426e+02 -1.0313775105e+02\n   26    0 1.0000000000 -1.0182020871e+02 -1.0199213899e+02\n   27    0 1.0000000000 -1.0064756723e+02 -1.0081244605e+02\n   28    0 1.0000000000 -9.9442319763e+01 -9.9599860064e+01\n   29    0 1.0000000000 -9.8205689399e+01 -9.8355602014e+01\n   30    0 1.0000000000 -9.6938931102e+01 -9.7080924759e+01\n   31    0 1.0000000000 -9.5643330432e+01 -9.5777111792e+01\n   32    0 1.0000000000 -9.4320202229e+01 -9.4445475943e+01\n   33    0 1.0000000000 -9.2970889253e+01 -9.3087358054e+01\n   34    0 1.0000000000 -9.1596760801e+01 -9.1704125637e+01\n   35    0 1.0000000000 -9.0199211282e+01 -9.0297171489e+01\n   36    0 1.0000000000 -8.8779658766e+01 -8.8867912293e+01\n   37    0 1.0000000000 -8.7339543495e+01 -8.7417787192e+01\n   38    0 1.0000000000 -8.5880326369e+01 -8.5948256339e+01\n   39    0 1.0000000000 -8.4403487395e+01 -8.4460799428e+01\n   40    0 1.0000000000 -8.2910524105e+01 -8.2956914201e+01\n   41    0 1.0000000000 -8.1402949945e+01 -8.1438114943e+01\n   42    0 1.0000000000 -7.9882292629e+01 -7.9905930957e+01\n   43    0 1.0000000000 -7.8350092466e+01 -7.8361905022e+01\n   44    0 1.0000000000 -7.6807900646e+01 -7.6807591840e+01\n   45    0 1.0000000000 -7.5257277498e+01 -7.5244556474e+01\n   46    0 1.0000000000 -7.3699790715e+01 -7.3674372768e+01\n   47    0 1.0000000000 -7.2137013536e+01 -7.2098621763e+01\n   48    0 1.0000000000 -7.0570522897e+01 -7.0518890108e+01\n   49    0 1.0000000000 -6.9001897540e+01 -6.8936768458e+01\n   50    0 1.0000000000 -6.7432716078e+01 -6.7353849875e+01\n   51    0 1.0000000000 -6.5864555022e+01 -6.5771728225e+01\n   52    0 1.0000000000 -6.4298986754e+01 -6.4191996570e+01\n   53    0 1.0000000000 -6.2737577458e+01 -6.2616245566e+01\n   54    0 1.0000000000 -6.1181884993e+01 -6.1046061859e+01\n   55    0 1.0000000000 -5.9633456713e+01 -5.9483026493e+01\n   56    0 1.0000000000 -5.8093827234e+01 -5.7928713312e+01\n   57    0 1.0000000000 -5.6564516126e+01 -5.6384687376e+01\n   58    0 1.0000000000 -5.5047025563e+01 -5.4852503390e+01\n   59    0 1.0000000000 -5.3542837889e+01 -5.3333704132e+01\n   60    0 1.0000000000 -5.2053413131e+01 -5.1829818905e+01\n   61    0 1.0000000000 -5.0580186446e+01 -5.0342361994e+01\n   62    0 1.0000000000 -4.9124565513e+01 -4.8872831142e+01\n   63    0 1.0000000000 -4.7687927862e+01 -4.7422706041e+01\n   64    0 1.0000000000 -4.6271618170e+01 -4.5993446845e+01\n   65    0 1.0000000000 -4.4876945527e+01 -4.4586492696e+01\n   66    0 1.0000000000 -4.3505180695e+01 -4.3203260279e+01\n   67    0 1.0000000000 -4.2157553390e+01 -4.1845142391e+01\n   68    0 1.0000000000 -4.0835249622e+01 -4.0513506541e+01\n   69    0 1.0000000000 -3.9539409148e+01 -3.9209693574e+01\n   70    0 1.0000000000 -3.8271123094e+01 -3.7935016320e+01\n   71    0 1.0000000000 -3.7031431821e+01 -3.6690758269e+01\n   72    0 1.0000000000 -3.5821323142e+01 -3.5478172285e+01\n   73    0 1.0000000000 -3.4641730996e+01 -3.4298479339e+01\n   74    0 1.0000000000 -3.3493534724e+01 -3.3152867281e+01\n   75    0 1.0000000000 -3.2377559127e+01 -3.2042489646e+01\n   76    0 1.0000000000 -3.1294575488e+01 -3.0968464490e+01\n   77    0 1.0000000000 -3.0245303828e+01 -2.9931873266e+01\n   78    0 1.0000000000 -2.9230416651e+01 -2.8933759732e+01\n   79    0 1.0000000000 -2.8250544537e+01 -2.7975128904e+01\n   80    0 1.0000000000 -2.7306283957e+01 -2.7056946043e+01\n   81    0 1.0000000000 -2.6398207765e+01 -2.6180135681e+01\n   82    0 1.0000000000 -2.5526878897e+01 -2.5345580691e+01\n   83    0 1.0000000000 -2.4692867853e+01 -2.4554121400e+01\n   84    0 1.0000000000 -2.3896774631e+01 -2.3806554740e+01\n   85    0 1.0000000000 -2.3139255790e+01 -2.3103633447e+01\n   86    0 1.0000000000 -2.2421057310e+01 -2.2446065303e+01\n   87    0 1.0000000000 -2.1743053748e+01 -2.1834512424e+01\n   88    0 1.0000000000 -2.1106293793e+01 -2.1269590592e+01\n   89    0 1.0000000000 -2.0512051517e+01 -2.0751868636e+01\n   90    0 1.0000000000 -1.9961881060e+01 -2.0281867856e+01\n   91    0 1.0000000000 -1.9457670030e+01 -1.9860061505e+01\n   92    0 1.0000000000 -1.9001682919e+01 -1.9486874305e+01\n   93    0 1.0000000000 -1.8596580607e+01 -1.9162682024e+01\n   94    0 1.0000000000 -1.8245396037e+01 -1.8887811097e+01\n   95    0 1.0000000000 -1.7951441967e+01 -1.8662538295e+01\n   96    0 1.0000000000 -1.7718128974e+01 -1.8487090448e+01\n   97    0 1.0000000000 -1.7548686702e+01 -1.8361644219e+01\n   98    0 1.0000000000 -1.7445812211e+01 -1.8286325920e+01\n   99    0 1.0000000000 -1.7411309642e+01 -1.8261211391e+01\n  100    0 1.0000000000 -1.7409197801e+01 -1.8258654343e+01\n  101    0 1.0000000000 -1.7402870163e+01 -1.8250985771e+01\n  102    0 1.0000000000 -1.7392331835e+01 -1.8238213399e+01\n  103    0 1.0000000000 -1.7377591326e+01 -1.8220350087e+01\n  104    0 1.0000000000 -1.7358660532e+01 -1.8197413822e+01\n  105    0 1.0000000000 -1.7335554729e+01 -1.8169427698e+01\n  106    0 1.0000000000 -1.7308292546e+01 -1.8136419895e+01\n  107    0 1.0000000000 -1.7276895951e+01 -1.8098423650e+01\n  108    0 1.0000000000 -1.7241390218e+01 -1.8055477220e+01\n  109    0 1.0000000000 -1.7201803902e+01 -1.8007623851e+01\n  110    0 1.0000000000 -1.7158168803e+01 -1.7954911725e+01\n  111    0 1.0000000000 -1.7110519929e+01 -1.7897393920e+01\n  112    0 1.0000000000 -1.7058895451e+01 -1.7835128351e+01\n  113    0 1.0000000000 -1.7003336663e+01 -1.7768177714e+01\n  114    0 1.0000000000 -1.6943887927e+01 -1.7696609423e+01\n  115    0 1.0000000000 -1.6880596626e+01 -1.7620495542e+01\n  116    0 1.0000000000 -1.6813513100e+01 -1.7539912709e+01\n  117    0 1.0000000000 -1.6742690596e+01 -1.7454942067e+01\n  118    0 1.0000000000 -1.6668185193e+01 -1.7365669171e+01\n  119    0 1.0000000000 -1.6590055744e+01 -1.7272183914e+01\n  120    0 1.0000000000 -1.6508363801e+01 -1.7174580426e+01\n  121    0 1.0000000000 -1.6423173542e+01 -1.7072956986e+01\n  122    0 1.0000000000 -1.6334551696e+01 -1.6967415921e+01\n  123    0 1.0000000000 -1.6242567460e+01 -1.6858063501e+01\n  124    0 1.0000000000 -1.6147292420e+01 -1.6745009834e+01\n  125    0 1.0000000000 -1.6048800462e+01 -1.6628368757e+01\n  126    0 1.0000000000 -1.5947167683e+01 -1.6508257717e+01\n  127    0 1.0000000000 -1.5842472302e+01 -1.6384797655e+01\n  128    0 1.0000000000 -1.5734794567e+01 -1.6258112885e+01\n  129    0 1.0000000000 -1.5624216653e+01 -1.6128330969e+01\n  130    0 1.0000000000 -1.5510822572e+01 -1.5995582585e+01\n  131    0 1.0000000000 -1.5394698063e+01 -1.5860001401e+01\n  132    0 1.0000000000 -1.5275930495e+01 -1.5721723933e+01\n  133    0 1.0000000000 -1.5154608763e+01 -1.5580889418e+01\n  134    0 1.0000000000 -1.5030823174e+01 -1.5437639662e+01\n  135    0 1.0000000000 -1.4904665347e+01 -1.5292118906e+01\n  136    0 1.0000000000 -1.4776228101e+01 -1.5144473678e+01\n  137    0 1.0000000000 -1.4645605339e+01 -1.4994852643e+01\n  138    0 1.0000000000 -1.4512891942e+01 -1.4843406457e+01\n  139    0 1.0000000000 -1.4378183653e+01 -1.4690287614e+01\n  140    0 1.0000000000 -1.4241576964e+01 -1.4535650291e+01\n  141    0 1.0000000000 -1.4103169001e+01 -1.4379650195e+01\n  142    0 1.0000000000 -1.3963057406e+01 -1.4222444405e+01\n  143    0 1.0000000000 -1.3821340229e+01 -1.4064191214e+01\n  144    0 1.0000000000 -1.3678115804e+01 -1.3905049969e+01\n  145    0 1.0000000000 -1.3533482642e+01 -1.3745180913e+01\n  146    0 1.0000000000 -1.3387539310e+01 -1.3584745019e+01\n  147    0 1.0000000000 -1.3240384323e+01 -1.3423903833e+01\n  148    0 1.0000000000 -1.3092116024e+01 -1.3262819308e+01\n  149    0 1.0000000000 -1.2942832480e+01 -1.3101653643e+01\n  150    0 1.0000000000 -1.2792631366e+01 -1.2940569119e+01\n  151    0 1.0000000000 -1.2641609859e+01 -1.2779727933e+01\n  152    0 1.0000000000 -1.2489864533e+01 -1.2619292039e+01\n  153    0 1.0000000000 -1.2337491252e+01 -1.2459422982e+01\n  154    0 1.0000000000 -1.2184585072e+01 -1.2300281737e+01\n  155    0 1.0000000000 -1.2031240141e+01 -1.2142028546e+01\n  156    0 1.0000000000 -1.1877549606e+01 -1.1984822756e+01\n  157    0 1.0000000000 -1.1723605528e+01 -1.1828822660e+01\n  158    0 1.0000000000 -1.1569498788e+01 -1.1674185338e+01\n  159    0 1.0000000000 -1.1415319018e+01 -1.1521066495e+01\n  160    0 1.0000000000 -1.1261154523e+01 -1.1369620309e+01\n  161    0 1.0000000000 -1.1107092217e+01 -1.1219999274e+01\n  162    0 1.0000000000 -1.0953217571e+01 -1.1072354045e+01\n  163    0 1.0000000000 -1.0799614563e+01 -1.0926833290e+01\n  164    0 1.0000000000 -1.0646365648e+01 -1.0783583534e+01\n  165    0 1.0000000000 -1.0493551741e+01 -1.0642749018e+01\n  166    0 1.0000000000 -1.0341252213e+01 -1.0504471551e+01\n  167    0 1.0000000000 -1.0189544922e+01 -1.0368890366e+01\n  168    0 1.0000000000 -1.0038506258e+01 -1.0236141983e+01\n  169    0 1.0000000000 -9.8882112339e+00 -1.0106360066e+01\n  170    0 1.0000000000 -9.7387336230e+00 -9.9796752969e+00\n  171    0 1.0000000000 -9.5901461558e+00 -9.8562152351e+00\n  172    0 1.0000000000 -9.4425208057e+00 -9.7361041947e+00\n  173    0 1.0000000000 -9.2959291907e+00 -9.6194631174e+00\n  174    0 1.0000000000 -9.1504431413e+00 -9.5064094509e+00\n  175    0 1.0000000000 -9.0061355066e+00 -9.3970570306e+00\n  176    0 1.0000000000 -8.8630813144e+00 -9.2915159652e+00\n  177    0 1.0000000000 -8.7213594640e+00 -9.1898925255e+00\n  178    0 1.0000000000 -8.5810552528e+00 -9.0922890378e+00\n  179    0 1.0000000000 -8.4422642399e+00 -8.9988037804e+00\n  180    0 1.0000000000 -8.3050983335e+00 -8.9095308851e+00\n  181    0 1.0000000000 -8.1696957102e+00 -8.8245602422e+00\n  182    0 1.0000000000 -8.0362376067e+00 -8.7439774099e+00\n  183    0 1.0000000000 -7.9049779410e+00 -8.6678635282e+00\n  184    0 1.0000000000 -7.7762978030e+00 -8.5962952375e+00\n  185    0 1.0000000000 -7.6508092303e+00 -8.5293446008e+00\n  186    0 1.0000000000 -7.5295538675e+00 -8.4670790318e+00\n  187    0 1.0000000000 -7.4143491762e+00 -8.4095612267e+00\n  188    0 1.0000000000 -7.3081517608e+00 -8.3568491010e+00\n  189    0 1.0000000000 -7.2144992588e+00 -8.3089957314e+00\n  190    0 1.0000000000 -7.1349334818e+00 -8.2660493021e+00\n  191    0 1.0000000000 -7.0675170486e+00 -8.2280530566e+00\n  192    0 1.0000000000 -7.0093179491e+00 -8.1950452538e+00\n  193    0 1.0000000000 -6.9586250507e+00 -8.1670591298e+00\n  194    0 1.0000000000 -6.9151107595e+00 -8.1441228643e+00\n  195    0 1.0000000000 -6.8793763216e+00 -8.1262595522e+00\n  196    0 1.0000000000 -6.8525320235e+00 -8.1134871802e+00\n  197    0 1.0000000000 -6.8358139561e+00 -8.1058186091e+00\n  198    0 1.0000000000 -6.8301906404e+00 -8.1032615605e+00\n  199    0 1.0000000000 -6.8327342990e+00 -8.1083813361e+00\n  200    0 1.0000000000 -6.8469319232e+00 -8.1238036080e+00\n  201    0 1.0000000000 -6.9001015648e+00 -8.1497168744e+00\n  202    0 1.0000000000 -7.0285491380e+00 -8.1864341747e+00\n  203    0 1.0000000000 -7.2175593228e+00 -8.2343914093e+00\n  204    0 1.0000000000 -7.4381449833e+00 -8.2941449960e+00\n  205    0 1.0000000000 -7.6783169045e+00 -8.3663688753e+00\n  206    0 1.0000000000 -7.9340773232e+00 -8.4518508757e+00\n  207    0 1.0000000000 -8.2041426844e+00 -8.5514884549e+00\n  208    0 1.0000000000 -8.4882755869e+00 -8.6662838365e+00\n  209    0 1.0000000000 -8.7867171536e+00 -8.7973385606e+00\n  210    0 1.0000000000 -9.0999653932e+00 -8.9458474739e+00\n  211    0 1.0000000000 -9.4286778273e+00 -9.1130921844e+00\n  212    0 1.0000000000 -9.7736245649e+00 -9.3004340076e+00\n  213    0 1.0000000000 -1.0135663965e+01 -9.5093064365e+00\n  214    0 1.0000000000 -1.0515729189e+01 -9.7412071664e+00\n  215    0 1.0000000000 -1.0914820253e+01 -9.9976897092e+00\n  216    0 1.0000000000 -1.1333998901e+01 -1.0280354634e+01\n  217    0 1.0000000000 -1.1774384870e+01 -1.0590840469e+01\n  218    0 1.0000000000 -1.2237152697e+01 -1.0930814310e+01\n  219    0 1.0000000000 -1.2723528592e+01 -1.1301962169e+01\n  220    0 1.0000000000 -1.3234787021e+01 -1.1705979108e+01\n  221    0 1.0000000000 -1.3772246776e+01 -1.2144559206e+01\n  222    0 1.0000000000 -1.4337266371e+01 -1.2619385387e+01\n  223    0 1.0000000000 -1.4931238632e+01 -1.3132119178e+01\n  224    0 1.0000000000 -1.5555584409e+01 -1.3684390414e+01\n  225    0 1.0000000000 -1.6211745341e+01 -1.4277786961e+01\n  226    0 1.0000000000 -1.6901175670e+01 -1.4913844479e+01\n  227    0 1.0000000000 -1.7625333079e+01 -1.5594036290e+01\n  228    0 1.0000000000 -1.8385668618e+01 -1.6319763381e+01\n  229    0 1.0000000000 -1.9183615753e+01 -1.7092344595e+01\n  230    0 1.0000000000 -2.0020578639e+01 -1.7913007052e+01\n  231    0 1.0000000000 -2.0897919731e+01 -1.8782876833e+01\n  232    0 1.0000000000 -2.1816946865e+01 -1.9702969995e+01\n  233    0 1.0000000000 -2.2778899961e+01 -2.0674183919e+01\n  234    0 1.0000000000 -2.3784937523e+01 -2.1697289070e+01\n  235    0 1.0000000000 -2.4836123111e+01 -2.2772921177e+01\n  236    0 1.0000000000 -2.5933411960e+01 -2.3901573889e+01\n  237    0 1.0000000000 -2.7077637938e+01 -2.5083591922e+01\n  238    0 1.0000000000 -2.8269500990e+01 -2.6319164757e+01\n  239    0 1.0000000000 -2.9509555254e+01 -2.7608320884e+01\n  240    0 1.0000000000 -3.0798197960e+01 -2.8950922657e+01\n  241    0 1.0000000000 -3.2135659271e+01 -3.0346661755e+01\n  242    0 1.0000000000 -3.3521993126e+01 -3.1795055293e+01\n  243    0 1.0000000000 -3.4957069207e+01 -3.3295442594e+01\n  244    0 1.0000000000 -3.6440566060e+01 -3.4846982638e+01\n  245    0 1.0000000000 -3.7971965419e+01 -3.6448652216e+01\n  246    0 1.0000000000 -3.9550547767e+01 -3.8099244789e+01\n  247    0 1.0000000000 -4.1175389111e+01 -3.9797370068e+01\n  248    0 1.0000000000 -4.2845358990e+01 -4.1541454315e+01\n  249    0 1.0000000000 -4.4559119675e+01 -4.3329741386e+01\n  250    0 1.0000000000 -4.6315126540e+01 -4.5160294495e+01\n  251    0 1.0000000000 -4.8111629565e+01 -4.7030998714e+01\n  252    0 1.0000000000 -4.9946675921e+01 -4.8939564196e+01\n  253    0 1.0000000000 -5.1818113602e+01 -5.0883530117e+01\n  254    0 1.0000000000 -5.3723596045e+01 -5.2860269324e+01\n  255    0 1.0000000000 -5.5660587692e+01 -5.4866993676e+01\n  256    0 1.0000000000 -5.7626370438e+01 -5.6900760068e+01\n  257    0 1.0000000000 -5.9618050921e+01 -5.8958477102e+01\n  258    0 1.0000000000 -6.1632568600e+01 -6.1036912408e+01\n  259    0 1.0000000000 -6.3666704567e+01 -6.3132700568e+01\n  260    0 1.0000000000 -6.5717091047e+01 -6.5242351632e+01\n  261    0 1.0000000000 -6.7780221538e+01 -6.7362260183e+01\n  262    0 1.0000000000 -6.9852461534e+01 -6.9488714935e+01\n  263    0 1.0000000000 -7.1930059798e+01 -7.1617908820e+01\n  264    0 1.0000000000 -7.4009160117e+01 -7.3745949524e+01\n  265    0 1.0000000000 -7.6085813505e+01 -7.5868870453e+01\n  266    0 1.0000000000 -7.8155990800e+01 -7.7982642066e+01\n  267    0 1.0000000000 -8.0215595609e+01 -8.0083183552e+01\n  268    0 1.0000000000 -8.2260477544e+01 -8.2166374802e+01\n  269    0 1.0000000000 -8.4286445716e+01 -8.4228068631e+01\n  270    0 1.0000000000 -8.6289282416e+01 -8.6264103205e+01\n  271    0 1.0000000000 -8.8264756952e+01 -8.8270314632e+01\n  272    0 1.0000000000 -9.0208639585e+01 -9.0242549665e+01\n  273    0 1.0000000000 -9.2116715507e+01 -9.2176678478e+01\n  274    0 1.0000000000 -9.3984798826e+01 -9.4068607449e+01\n  275    0 1.0000000000 -9.5808746489e+01 -9.5914291932e+01\n  276    0 1.0000000000 -9.7584472113e+01 -9.7709748939e+01\n  277    0 1.0000000000 -9.9307959655e+01 -9.9451069711e+01\n  278    0 1.0000000000 -1.0097527689e+02 -1.0113443211e+02\n  279    0 1.0000000000 -1.0258258862e+02 -1.0275611279e+02\n  280    0 1.0000000000 -1.0412616964e+02 -1.0431249913e+02\n  281    0 1.0000000000 -1.0560241726e+02 -1.0580010083e+02\n  282    0 1.0000000000 -1.0700786354e+02 -1.0721556119e+02\n  283    0 1.0000000000 -1.0833918703e+02 -1.0855566792e+02\n  284    0 1.0000000000 -1.0959322405e+02 -1.0981736366e+02\n  285    0 1.0000000000 -1.1076697948e+02 -1.1099775585e+02\n  286    0 1.0000000000 -1.1185763688e+02 -1.1209412621e+02\n  287    0 1.0000000000 -1.1286256820e+02 -1.1310393965e+02\n  288    0 1.0000000000 -1.1377934268e+02 -1.1402485257e+02\n  289    0 1.0000000000 -1.1460573518e+02 -1.1485472055e+02\n  290    0 1.0000000000 -1.1533973381e+02 -1.1559160544e+02\n  291    0 1.0000000000 -1.1597954678e+02 -1.1623378173e+02\n  292    0 1.0000000000 -1.1652360861e+02 -1.1677974224e+02\n  293    0 1.0000000000 -1.1697058542e+02 -1.1722820314e+02\n  294    0 1.0000000000 -1.1731937957e+02 -1.1757810816e+02\n  295    0 1.0000000000 -1.1756913340e+02 -1.1782863209e+02\n  296    0 1.0000000000 -1.1771923219e+02 -1.1797918356e+02\n  297    0 1.0000000000 -1.1776930624e+02 -1.1802940694e+02\n