SINGLE-ORBITAL NN+NNN EFFECTIVE MODEL FIT

m=6
eon=0.0
t0=1.0
l_decay=3.0
dl=0.1
pairing=./m=6/pairing.txt
microscopic_orbitals=74

E_eff(k) = eps0 + 2*t1[cos(k.u1)+cos(k.u2)] + 4*t2*cos(k.u1)*cos(k.u2)

eps0     = -5.02668761705496e+01
t1       = -1.47673528727516e+01
t2       = -5.45218788383838e+00

RMSE=1.84918888688185e+00
MAE=1.56488530990742e+00
max_abs_error=3.97114409650415e+00
optimizer_success=True
optimizer_message=Linear least-squares solution
minimum_tracking_continuity=1.0000000000
mean_tracking_continuity=1.0000000000

# k_index idx continuity target fit\n    0    0 1.0000000000 -1.2963985577e+02 -1.3114503920e+02\n    1    0 1.0000000000 -1.2961563714e+02 -1.3111918994e+02\n    2    0 1.0000000000 -1.2954300506e+02 -1.3104166821e+02\n    3    0 1.0000000000 -1.2942203090e+02 -1.3091255205e+02\n    4    0 1.0000000000 -1.2925283354e+02 -1.3073197147e+02\n    5    0 1.0000000000 -1.2903557924e+02 -1.3050010831e+02\n    6    0 1.0000000000 -1.2877048144e+02 -1.3021719604e+02\n    7    0 1.0000000000 -1.2845780054e+02 -1.2988351951e+02\n    8    0 1.0000000000 -1.2809784366e+02 -1.2949941472e+02\n    9    0 1.0000000000 -1.2769096423e+02 -1.2906526842e+02\n   10    0 1.0000000000 -1.2723756170e+02 -1.2858151776e+02\n   11    0 1.0000000000 -1.2673808102e+02 -1.2804864985e+02\n   12    0 1.0000000000 -1.2619301225e+02 -1.2746720123e+02\n   13    0 1.0000000000 -1.2560288995e+02 -1.2683775736e+02\n   14    0 1.0000000000 -1.2496829267e+02 -1.2616095206e+02\n   15    0 1.0000000000 -1.2428984228e+02 -1.2543746680e+02\n   16    0 1.0000000000 -1.2356820330e+02 -1.2466803008e+02\n   17    0 1.0000000000 -1.2280408222e+02 -1.2385341664e+02\n   18    0 1.0000000000 -1.2199822667e+02 -1.2299444674e+02\n   19    0 1.0000000000 -1.2115142465e+02 -1.2209198529e+02\n   20    0 1.0000000000 -1.2026450365e+02 -1.2114694098e+02\n   21    0 1.0000000000 -1.1933832977e+02 -1.2016026541e+02\n   22    0 1.0000000000 -1.1837380671e+02 -1.1913295206e+02\n   23    0 1.0000000000 -1.1737187487e+02 -1.1806603535e+02\n   24    0 1.0000000000 -1.1633351020e+02 -1.1696058958e+02\n   25    0 1.0000000000 -1.1525972322e+02 -1.1581772785e+02\n   26    0 1.0000000000 -1.1415155783e+02 -1.1463860090e+02\n   27    0 1.0000000000 -1.1301009018e+02 -1.1342439603e+02\n   28    0 1.0000000000 -1.1183642745e+02 -1.1217633584e+02\n   29    0 1.0000000000 -1.1063170660e+02 -1.1089567702e+02\n   30    0 1.0000000000 -1.0939709312e+02 -1.0958370907e+02\n   31    0 1.0000000000 -1.0813377965e+02 -1.0824175305e+02\n   32    0 1.0000000000 -1.0684298468e+02 -1.0687116019e+02\n   33    0 1.0000000000 -1.0552595109e+02 -1.0547331056e+02\n   34    0 1.0000000000 -1.0418394479e+02 -1.0404961167e+02\n   35    0 1.0000000000 -1.0281825317e+02 -1.0260149707e+02\n   36    0 1.0000000000 -1.0143018364e+02 -1.0113042489e+02\n   37    0 1.0000000000 -1.0002106210e+02 -9.9637876373e+01\n   38    0 1.0000000000 -9.8592231337e+01 -9.8125354388e+01\n   39    0 1.0000000000 -9.7145049427e+01 -9.6594381919e+01\n   40    0 1.0000000000 -9.5680888108e+01 -9.5046500523e+01\n   41    0 1.0000000000 -9.4201131106e+01 -9.3483268786e+01\n   42    0 1.0000000000 -9.2707172430e+01 -9.1906260750e+01\n   43    0 1.0000000000 -9.1200414650e+01 -9.0317064329e+01\n   44    0 1.0000000000 -8.9682267136e+01 -8.8717279708e+01\n   45    0 1.0000000000 -8.8154144271e+01 -8.7108517735e+01\n   46    0 1.0000000000 -8.6617463643e+01 -8.5492398298e+01\n   47    0 1.0000000000 -8.5073644207e+01 -8.3870548690e+01\n   48    0 1.0000000000 -8.3524104419e+01 -8.2244601978e+01\n   49    0 1.0000000000 -8.1970260357e+01 -8.0616195352e+01\n   50    0 1.0000000000 -8.0413523812e+01 -7.8986968480e+01\n   51    0 1.0000000000 -7.8855300365e+01 -7.7358561854e+01\n   52    0 1.0000000000 -7.7296987447e+01 -7.5732615142e+01\n   53    0 1.0000000000 -7.5739972380e+01 -7.4110765534e+01\n   54    0 1.0000000000 -7.4185630412e+01 -7.2494646097e+01\n   55    0 1.0000000000 -7.2635322745e+01 -7.0885884124e+01\n   56    0 1.0000000000 -7.1090394554e+01 -6.9286099503e+01\n   57    0 1.0000000000 -6.9552173014e+01 -6.7696903082e+01\n   58    0 1.0000000000 -6.8021965331e+01 -6.6119895046e+01\n   59    0 1.0000000000 -6.6501056790e+01 -6.4556663310e+01\n   60    0 1.0000000000 -6.4990708831e+01 -6.3008781914e+01\n   61    0 1.0000000000 -6.3492157146e+01 -6.1477809444e+01\n   62    0 1.0000000000 -6.2006609840e+01 -5.9965287459e+01\n   63    0 1.0000000000 -6.0535245635e+01 -5.8472738942e+01\n   64    0 1.0000000000 -5.9079212164e+01 -5.7001666762e+01\n   65    0 1.0000000000 -5.7639624354e+01 -5.5553552163e+01\n   66    0 1.0000000000 -5.6217562937e+01 -5.4129853276e+01\n   67    0 1.0000000000 -5.4814073101e+01 -5.2732003642e+01\n   68    0 1.0000000000 -5.3430163339e+01 -5.1361410780e+01\n   69    0 1.0000000000 -5.2066804509e+01 -5.0019454759e+01\n   70    0 1.0000000000 -5.0724929178e+01 -4.8707486816e+01\n   71    0 1.0000000000 -4.9405431296e+01 -4.7426827990e+01\n   72    0 1.0000000000 -4.8109166276e+01 -4.6178767798e+01\n   73    0 1.0000000000 -4.6836951577e+01 -4.4964562929e+01\n   74    0 1.0000000000 -4.5589567892e+01 -4.3785435986e+01\n   75    0 1.0000000000 -4.4367761080e+01 -4.2642574248e+01\n   76    0 1.0000000000 -4.3172245028e+01 -4.1537128481e+01\n   77    0 1.0000000000 -4.2003705659e+01 -4.0470211776e+01\n   78    0 1.0000000000 -4.0862806373e+01 -3.9442898426e+01\n   79    0 1.0000000000 -3.9750195307e+01 -3.8456222849e+01\n   80    0 1.0000000000 -3.8666514909e+01 -3.7511178544e+01\n   81    0 1.0000000000 -3.7612414472e+01 -3.6608717091e+01\n   82    0 1.0000000000 -3.6588566547e+01 -3.5749747191e+01\n   83    0 1.0000000000 -3.5595688397e+01 -3.4935133755e+01\n   84    0 1.0000000000 -3.4634570173e+01 -3.4165697028e+01\n   85    0 1.0000000000 -3.3706112024e+01 -3.3442211770e+01\n   86    0 1.0000000000 -3.2811373226e+01 -3.2765406467e+01\n   87    0 1.0000000000 -3.1951637537e+01 -3.2135962606e+01\n   88    0 1.0000000000 -3.1128500405e+01 -3.1554513984e+01\n   89    0 1.0000000000 -3.0343985425e+01 -3.1021646069e+01\n   90    0 1.0000000000 -2.9600699130e+01 -3.0537895414e+01\n   91    0 1.0000000000 -2.8902033907e+01 -3.0103749116e+01\n   92    0 1.0000000000 -2.8252426043e+01 -2.9719644323e+01\n   93    0 1.0000000000 -2.7657664112e+01 -2.9385967795e+01\n   94    0 1.0000000000 -2.7125211649e+01 -2.9103055518e+01\n   95    0 1.0000000000 -2.6664441603e+01 -2.8871192359e+01\n   96    0 1.0000000000 -2.6286568795e+01 -2.8690611785e+01\n   97    0 1.0000000000 -2.6003946049e+01 -2.8561495626e+01\n   98    0 1.0000000000 -2.5828409325e+01 -2.8483973890e+01\n   99    0 1.0000000000 -2.5768763819e+01 -2.8458124635e+01\n  100    0 1.0000000000 -2.5765966227e+01 -2.8454234945e+01\n  101    0 1.0000000000 -2.5757588788e+01 -2.8442569790e+01\n  102    0 1.0000000000 -2.5743637912e+01 -2.8423140916e+01\n  103    0 1.0000000000 -2.5724124278e+01 -2.8395967888e+01\n  104    0 1.0000000000 -2.5699062819e+01 -2.8361078064e+01\n  105    0 1.0000000000 -2.5668472704e+01 -2.8318506578e+01\n  106    0 1.0000000000 -2.5632377317e+01 -2.8268296294e+01\n  107    0 1.0000000000 -2.5590804228e+01 -2.8210497770e+01\n  108    0 1.0000000000 -2.5543785162e+01 -2.8145169204e+01\n  109    0 1.0000000000 -2.5491355960e+01 -2.8072376377e+01\n  110    0 1.0000000000 -2.5433556538e+01 -2.7992192585e+01\n  111    0 1.0000000000 -2.5370430839e+01 -2.7904698566e+01\n  112    0 1.0000000000 -2.5302026780e+01 -2.7809982419e+01\n  113    0 1.0000000000 -2.5228396198e+01 -2.7708139515e+01\n  114    0 1.0000000000 -2.5149594787e+01 -2.7599272402e+01\n  115    0 1.0000000000 -2.5065682032e+01 -2.7483490699e+01\n  116    0 1.0000000000 -2.4976721140e+01 -2.7360910989e+01\n  117    0 1.0000000000 -2.4882778964e+01 -2.7231656699e+01\n  118    0 1.0000000000 -2.4783925926e+01 -2.7095857977e+01\n  119    0 1.0000000000 -2.4680235930e+01 -2.6953651562e+01\n  120    0 1.0000000000 -2.4571786278e+01 -2.6805180642e+01\n  121    0 1.0000000000 -2.4458657579e+01 -2.6650594716e+01\n  122    0 1.0000000000 -2.4340933650e+01 -2.6490049438e+01\n  123    0 1.0000000000 -2.4218701422e+01 -2.6323706464e+01\n  124    0 1.0000000000 -2.4092050834e+01 -2.6151733287e+01\n  125    0 1.0000000000 -2.3961074725e+01 -2.5974303070e+01\n  126    0 1.0000000000 -2.3825868731e+01 -2.5791594470e+01\n  127    0 1.0000000000 -2.3686531165e+01 -2.5603791458e+01\n  128    0 1.0000000000 -2.3543162907e+01 -2.5411083137e+01\n  129    0 1.0000000000 -2.3395867280e+01 -2.5213663548e+01\n  130    0 1.0000000000 -2.3244749931e+01 -2.5011731475e+01\n  131    0 1.0000000000 -2.3089918709e+01 -2.4805490246e+01\n  132    0 1.0000000000 -2.2931483533e+01 -2.4595147530e+01\n  133    0 1.0000000000 -2.2769556265e+01 -2.4380915124e+01\n  134    0 1.0000000000 -2.2604250582e+01 -2.4163008740e+01\n  135    0 1.0000000000 -2.2435681838e+01 -2.3941647794e+01\n  136    0 1.0000000000 -2.2263966933e+01 -2.3717055175e+01\n  137    0 1.0000000000 -2.2089224175e+01 -2.3489457031e+01\n  138    0 1.0000000000 -2.1911573142e+01 -2.3259082533e+01\n  139    0 1.0000000000 -2.1731134543e+01 -2.3026163649e+01\n  140    0 1.0000000000 -2.1548030079e+01 -2.2790934908e+01\n  141    0 1.0000000000 -2.1362382305e+01 -2.2553633165e+01\n  142    0 1.0000000000 -2.1174314481e+01 -2.2314497364e+01\n  143    0 1.0000000000 -2.0983950442e+01 -2.2073768294e+01\n  144    0 1.0000000000 -2.0791414447e+01 -2.1831688349e+01\n  145    0 1.0000000000 -2.0596831044e+01 -2.1588501282e+01\n  146    0 1.0000000000 -2.0400324924e+01 -2.1344451963e+01\n  147    0 1.0000000000 -2.0202020789e+01 -2.1099786128e+01\n  148    0 1.0000000000 -2.0002043205e+01 -2.0854750135e+01\n  149    0 1.0000000000 -1.9800516468e+01 -2.0609590715e+01\n  150    0 1.0000000000 -1.9597564468e+01 -2.0364554722e+01\n  151    0 1.0000000000 -1.9393310554e+01 -2.0119888887e+01\n  152    0 1.0000000000 -1.9187877400e+01 -1.9875839568e+01\n  153    0 1.0000000000 -1.8981386876e+01 -1.9632652501e+01\n  154    0 1.0000000000 -1.8773959920e+01 -1.9390572556e+01\n  155    0 1.0000000000 -1.8565716414e+01 -1.9149843486e+01\n  156    0 1.0000000000 -1.8356775062e+01 -1.8910707685e+01\n  157    0 1.0000000000 -1.8147253269e+01 -1.8673405942e+01\n  158    0 1.0000000000 -1.7937267033e+01 -1.8438177201e+01\n  159    0 1.0000000000 -1.7726930828e+01 -1.8205258317e+01\n  160    0 1.0000000000 -1.7516357503e+01 -1.7974883819e+01\n  161    0 1.0000000000 -1.7305658182e+01 -1.7747285675e+01\n  162    0 1.0000000000 -1.7094942167e+01 -1.7522693056e+01\n  163    0 1.0000000000 -1.6884316849e+01 -1.7301332110e+01\n  164    0 1.0000000000 -1.6673887629e+01 -1.7083425727e+01\n  165    0 1.0000000000 -1.6463757841e+01 -1.6869193320e+01\n  166    0 1.0000000000 -1.6254028684e+01 -1.6658850604e+01\n  167    0 1.0000000000 -1.6044799167e+01 -1.6452609376e+01\n  168    0 1.0000000000 -1.5836166062e+01 -1.6250677302e+01\n  169    0 1.0000000000 -1.5628223866e+01 -1.6053257713e+01\n  170    0 1.0000000000 -1.5421064778e+01 -1.5860549392e+01\n  171    0 1.0000000000 -1.5214778698e+01 -1.5672746381e+01\n  172    0 1.0000000000 -1.5009453230e+01 -1.5490037780e+01\n  173    0 1.0000000000 -1.4805173723e+01 -1.5312607563e+01\n  174    0 1.0000000000 -1.4602023328e+01 -1.5140634386e+01\n  175    0 1.0000000000 -1.4400083095e+01 -1.4974291412e+01\n  176    0 1.0000000000 -1.4199432106e+01 -1.4813746135e+01\n  177    0 1.0000000000 -1.4000147673e+01 -1.4659160208e+01\n  178    0 1.0000000000 -1.3802305596e+01 -1.4510689289e+01\n  179    0 1.0000000000 -1.3605980523e+01 -1.4368482873e+01\n  180    0 1.0000000000 -1.3411246443e+01 -1.4232684151e+01\n  181    0 1.0000000000 -1.3218177352e+01 -1.4103429861e+01\n  182    0 1.0000000000 -1.3026848182e+01 -1.3980850151e+01\n  183    0 1.0000000000 -1.2837336101e+01 -1.3865068448e+01\n  184    0 1.0000000000 -1.2649722352e+01 -1.3756201335e+01\n  185    0 1.0000000000 -1.2464094939e+01 -1.3654358431e+01\n  186    0 1.0000000000 -1.2280552600e+01 -1.3559642284e+01\n  187    0 1.0000000000 -1.2099210873e+01 -1.3472148265e+01\n  188    0 1.0000000000 -1.1920211625e+01 -1.3391964473e+01\n  189    0 1.0000000000 -1.1743738564e+01 -1.3319171646e+01\n  190    0 1.0000000000 -1.1570043520e+01 -1.3253843080e+01\n  191    0 1.0000000000 -1.1399493128e+01 -1.3196044556e+01\n  192    0 1.0000000000 -1.1232656324e+01 -1.3145834272e+01\n  193    0 1.0000000000 -1.1070478964e+01 -1.3103262786e+01\n  194    0 1.0000000000 -1.0914657726e+01 -1.3068372963e+01\n  195    0 1.0000000000 -1.0768501508e+01 -1.3041199934e+01\n  196    0 1.0000000000 -1.0639019380e+01 -1.3021771060e+01\n  197    0 1.0000000000 -1.0541564119e+01 -1.3010105905e+01\n  198    0 1.0000000000 -1.0503570463e+01 -1.3006216215e+01\n  199    0 1.0000000000 -1.0552386996e+01 -1.3014001124e+01\n  200    0 1.0000000000 -1.0795986039e+01 -1.3037414307e+01\n  201    0 1.0000000000 -1.1098718371e+01 -1.3076630808e+01\n  202    0 1.0000000000 -1.1422740869e+01 -1.3131941283e+01\n  203    0 1.0000000000 -1.1762866779e+01 -1.3203750375e+01\n  204    0 1.0000000000 -1.2117942379e+01 -1.3292574457e+01\n  205    0 1.0000000000 -1.2487895817e+01 -1.3399038740e+01\n  206    0 1.0000000000 -1.2873068186e+01 -1.3523873765e+01\n  207    0 1.0000000000 -1.3273999444e+01 -1.3667911295e+01\n  208    0 1.0000000000 -1.3691344805e+01 -1.3832079621e+01\n  209    0 1.0000000000 -1.4125837349e+01 -1.4017398308e+01\n  210    0 1.0000000000 -1.4578269477e+01 -1.4224972395e+01\n  211    0 1.0000000000 -1.5049482851e+01 -1.4455986081e+01\n  212    0 1.0000000000 -1.5540362388e+01 -1.4711695925e+01\n  213    0 1.0000000000 -1.6051832266e+01 -1.4993423582e+01\n  214    0 1.0000000000 -1.6584852882e+01 -1.5302548116e+01\n  215    0 1.0000000000 -1.7140418207e+01 -1.5640497913e+01\n  216    0 1.0000000000 -1.7719553196e+01 -1.6008742240e+01\n  217    0 1.0000000000 -1.8323311063e+01 -1.6408782481e+01\n  218    0 1.0000000000 -1.8952770265e+01 -1.6842143080e+01\n  219    0 1.0000000000 -1.9609031123e+01 -1.7310362254e+01\n  220    0 1.0000000000 -2.0293211997e+01 -1.7814982488e+01\n  221    0 1.0000000000 -2.1006444975e+01 -1.8357540872e+01\n  222    0 1.0000000000 -2.1749871042e+01 -1.8939559321e+01\n  223    0 1.0000000000 -2.2524634706e+01 -1.9562534714e+01\n  224    0 1.0000000000 -2.3331878080e+01 -2.0227928997e+01\n  225    0 1.0000000000 -2.4172734422e+01 -2.0937159302e+01\n  226    0 1.0000000000 -2.5048321136e+01 -2.1691588111e+01\n  227    0 1.0000000000 -2.5959732289e+01 -2.2492513529e+01\n  228    0 1.0000000000 -2.6908030656e+01 -2.3341159685e+01\n  229    0 1.0000000000 -2.7894239351e+01 -2.4238667326e+01\n  230    0 1.0000000000 -2.8919333116e+01 -2.5186084634e+01\n  231    0 1.0000000000 -2.9984229315e+01 -2.6184358309e+01\n  232    0 1.0000000000 -3.1089778728e+01 -2.7234324966e+01\n  233    0 1.0000000000 -3.2236756226e+01 -2.8336702872e+01\n  234    0 1.0000000000 -3.3425851402e+01 -2.9492084077e+01\n  235    0 1.0000000000 -3.4657659272e+01 -3.0700926964e+01\n  236    0 1.0000000000 -3.5932671122e+01 -3.1963549254e+01\n  237    0 1.0000000000 -3.7251265606e+01 -3.3280121509e+01\n  238    0 1.0000000000 -3.8613700173e+01 -3.4650661153e+01\n  239    0 1.0000000000 -4.0020102931e+01 -3.6075027045e+01\n  240    0 1.0000000000 -4.1470465003e+01 -3.7552914636e+01\n  241    0 1.0000000000 -4.2964633477e+01 -3.9083851722e+01\n  242    0 1.0000000000 -4.4502305000e+01 -4.0667194834e+01\n  243    0 1.0000000000 -4.6083020084e+01 -4.2302126264e+01\n  244    0 1.0000000000 -4.7706158167e+01 -4.3987651768e+01\n  245    0 1.0000000000 -4.9370933487e+01 -4.5722598936e+01\n  246    0 1.0000000000 -5.1076391782e+01 -4.7505616263e+01\n  247    0 1.0000000000 -5.2821407858e+01 -4.9335172915e+01\n  248    0 1.0000000000 -5.4604684026e+01 -5.1209559208e+01\n  249    0 1.0000000000 -5.6424749434e+01 -5.3126887794e+01\n  250    0 1.0000000000 -5.8279960277e+01 -5.5085095561e+01\n  251    0 1.0000000000 -6.0168500894e+01 -5.7081946246e+01\n  252    0 1.0000000000 -6.2088385732e+01 -5.9115033751e+01\n  253    0 1.0000000000 -6.4037462167e+01 -6.1181786156e+01\n  254    0 1.0000000000 -6.6013414155e+01 -6.3279470426e+01\n  255    0 1.0000000000 -6.8013766697e+01 -6.5405197785e+01\n  256    0 1.0000000000 -7.0035891077e+01 -6.7555929750e+01\n  257    0 1.0000000000 -7.2077010855e+01 -6.9728484814e+01\n  258    0 1.0000000000 -7.4134208569e+01 -7.1919545731e+01\n  259    0 1.0000000000 -7.6204433125e+01 -7.4125667411e+01\n  260    0 1.0000000000 -7.8284507813e+01 -7.6343285378e+01\n  261    0 1.0000000000 -8.0371138942e+01 -7.8568724762e+01\n  262    0 1.0000000000 -8.2460925020e+01 -8.0798209811e+01\n  263    0 1.0000000000 -8.4550366465e+01 -8.3027873868e+01\n  264    0 1.0000000000 -8.6635875779e+01 -8.5253769800e+01\n  265    0 1.0000000000 -8.8713788159e+01 -8.7471880823e+01\n  266    0 1.0000000000 -9.0780372501e+01 -8.9678131697e+01\n  267    0 1.0000000000 -9.2831842728e+01 -9.1868400244e+01\n  268    0 1.0000000000 -9.4864369428e+01 -9.4038529154e+01\n  269    0 1.0000000000 -9.6874091731e+01 -9.6184338029e+01\n  270    0 1.0000000000 -9.8857129392e+01 -9.8301635627e+01\n  271    0 1.0000000000 -1.0080959503e+02 -1.0038623226e+02\n  272    0 1.0000000000 -1.0272760645e+02 -1.0243395230e+02\n  273    0 1.0000000000 -1.0460729909e+02 -1.0444064673e+02\n  274    0 1.0000000000 -1.0644483837e+02 -1.0640220577e+02\n  275    0 1.0000000000 -1.0823643215e+02 -1.0831457135e+02\n  276    0 1.0000000000 -1.0997834297e+02 -1.1017374967e+02\n  277    0 1.0000000000 -1.1166690022e+02 -1.1197582349e+02\n  278    0 1.0000000000 -1.1329851221e+02 -1.1371696433e+02\n  279    0 1.0000000000 -1.1486967786e+02 -1.1539344444e+02\n  280    0 1.0000000000 -1.1637699830e+02 -1.1700164849e+02\n  281    0 1.0000000000 -1.1781718805e+02 -1.1853808499e+02\n  282    0 1.0000000000 -1.1918708589e+02 -1.1999939731e+02\n  283    0 1.0000000000 -1.2048366537e+02 -1.2138237440e+02\n  284    0 1.0000000000 -1.2170404485e+02 -1.2268396097e+02\n  285    0 1.0000000000 -1.2284549713e+02 -1.2390126730e+02\n  286    0 1.0000000000 -1.2390545851e+02 -1.2503157849e+02\n  287    0 1.0000000000 -1.2488153742e+02 -1.2607236322e+02\n  288    0 1.0000000000 -1.2577152236e+02 -1.2702128186e+02\n  289    0 1.0000000000 -1.2657338938e+02 -1.2787619406e+02\n  290    0 1.0000000000 -1.2728530883e+02 -1.2863516566e+02\n  291    0 1.0000000000 -1.2790565153e+02 -1.2929647500e+02\n  292    0 1.0000000000 -1.2843299427e+02 -1.2985861845e+02\n  293    0 1.0000000000 -1.2886612455e+02 -1.3032031532e+02\n  294    0 1.0000000000 -1.2920404471e+02 -1.3068051205e+02\n  295    0 1.0000000000 -1.2944597529e+02 -1.3093838562e+02\n  296    0 1.0000000000 -1.2959135762e+02 -1.3109334622e+02\n  297    0 1.0000000000 -1.2963985577e+02 -1.3114503920e+02\n