SINGLE-ORBITAL NN+NNN EFFECTIVE MODEL FIT

m=7
eon=0.0
t0=1.0
l_decay=3.0
dl=0.1
pairing=./m=7/pairing.txt
microscopic_orbitals=100

E_eff(k) = eps0 + 2*t1[cos(k.u1)+cos(k.u2)] + 4*t2*cos(k.u1)*cos(k.u2)

eps0     = -5.94127260209048e+01
t1       = -1.52145359981484e+01
t2       = -5.08864206597149e+00

RMSE=2.88421502347711e+00
MAE=2.47760874090731e+00
max_abs_error=5.84552002353463e+00
optimizer_success=True
optimizer_message=Linear least-squares solution
minimum_tracking_continuity=1.0000000000
mean_tracking_continuity=1.0000000000

# k_index idx continuity target fit\n    0    0 1.0000000000 -1.3801465566e+02 -1.4062543828e+02\n    1    0 1.0000000000 -1.3799207800e+02 -1.4059987087e+02\n    2    0 1.0000000000 -1.3792436624e+02 -1.4052319438e+02\n    3    0 1.0000000000 -1.3781158398e+02 -1.4039548602e+02\n    4    0 1.0000000000 -1.3765383715e+02 -1.4021687439e+02\n    5    0 1.0000000000 -1.3745127389e+02 -1.3998753932e+02\n    6    0 1.0000000000 -1.3720408438e+02 -1.3970771174e+02\n    7    0 1.0000000000 -1.3691250061e+02 -1.3937767341e+02\n    8    0 1.0000000000 -1.3657679614e+02 -1.3899775666e+02\n    9    0 1.0000000000 -1.3619728577e+02 -1.3856834402e+02\n   10    0 1.0000000000 -1.3577432521e+02 -1.3808986788e+02\n   11    0 1.0000000000 -1.3530831063e+02 -1.3756281003e+02\n   12    0 1.0000000000 -1.3479967827e+02 -1.3698770116e+02\n   13    0 1.0000000000 -1.3424890388e+02 -1.3636512036e+02\n   14    0 1.0000000000 -1.3365650222e+02 -1.3569569452e+02\n   15    0 1.0000000000 -1.3302302648e+02 -1.3498009769e+02\n   16    0 1.0000000000 -1.3234906760e+02 -1.3421905042e+02\n   17    0 1.0000000000 -1.3163525362e+02 -1.3341331902e+02\n   18    0 1.0000000000 -1.3088224899e+02 -1.3256371480e+02\n   19    0 1.0000000000 -1.3009075374e+02 -1.3167109322e+02\n   20    0 1.0000000000 -1.2926150272e+02 -1.3073635309e+02\n   21    0 1.0000000000 -1.2839526475e+02 -1.2976043561e+02\n   22    0 1.0000000000 -1.2749284170e+02 -1.2874432344e+02\n   23    0 1.0000000000 -1.2655506757e+02 -1.2768903973e+02\n   24    0 1.0000000000 -1.2558280754e+02 -1.2659564705e+02\n   25    0 1.0000000000 -1.2457695693e+02 -1.2546524637e+02\n   26    0 1.0000000000 -1.2353844015e+02 -1.2429897589e+02\n   27    0 1.0000000000 -1.2246820963e+02 -1.2309800995e+02\n   28    0 1.0000000000 -1.2136724469e+02 -1.2186355783e+02\n   29    0 1.0000000000 -1.2023655036e+02 -1.2059686251e+02\n   30    0 1.0000000000 -1.1907715621e+02 -1.1929919944e+02\n   31    0 1.0000000000 -1.1789011510e+02 -1.1797187527e+02\n   32    0 1.0000000000 -1.1667650190e+02 -1.1661622650e+02\n   33    0 1.0000000000 -1.1543741225e+02 -1.1523361815e+02\n   34    0 1.0000000000 -1.1417396116e+02 -1.1382544238e+02\n   35    0 1.0000000000 -1.1288728170e+02 -1.1239311712e+02\n   36    0 1.0000000000 -1.1157852361e+02 -1.1093808460e+02\n   37    0 1.0000000000 -1.1024885184e+02 -1.0946180990e+02\n   38    0 1.0000000000 -1.0889944517e+02 -1.0796577951e+02\n   39    0 1.0000000000 -1.0753149469e+02 -1.0645149981e+02\n   40    0 1.0000000000 -1.0614620234e+02 -1.0492049554e+02\n   41    0 1.0000000000 -1.0474477940e+02 -1.0337430831e+02\n   42    0 1.0000000000 -1.0332844492e+02 -1.0181449499e+02\n   43    0 1.0000000000 -1.0189842421e+02 -1.0024262617e+02\n   44    0 1.0000000000 -1.0045594722e+02 -9.8660284604e+01\n   45    0 1.0000000000 -9.9002247017e+01 -9.7069063568e+01\n   46    0 1.0000000000 -9.7538558117e+01 -9.5470565288e+01\n   47    0 1.0000000000 -9.6066114924e+01 -9.3866399317e+01\n   48    0 1.0000000000 -9.4586150085e+01 -9.2258180913e+01\n   49    0 1.0000000000 -9.3099892870e+01 -9.0647529417e+01\n   50    0 1.0000000000 -9.1608567538e+01 -8.9036066617e+01\n   51    0 1.0000000000 -9.0113391710e+01 -8.7425415121e+01\n   52    0 1.0000000000 -8.8615574732e+01 -8.5817196718e+01\n   53    0 1.0000000000 -8.7116316057e+01 -8.4213030746e+01\n   54    0 1.0000000000 -8.5616803630e+01 -8.2614532467e+01\n   55    0 1.0000000000 -8.4118212285e+01 -8.1023311431e+01\n   56    0 1.0000000000 -8.2621702167e+01 -7.9440969863e+01\n   57    0 1.0000000000 -8.1128417169e+01 -7.7869101048e+01\n   58    0 1.0000000000 -7.9639483410e+01 -7.6309287724e+01\n   59    0 1.0000000000 -7.8156007735e+01 -7.4763100491e+01\n   60    0 1.0000000000 -7.6679076272e+01 -7.3232096227e+01\n   61    0 1.0000000000 -7.5209753027e+01 -7.1717816526e+01\n   62    0 1.0000000000 -7.3749078550e+01 -7.0221786138e+01\n   63    0 1.0000000000 -7.2298068664e+01 -6.8745511438e+01\n   64    0 1.0000000000 -7.0857713281e+01 -6.7290478911e+01\n   65    0 1.0000000000 -6.9428975311e+01 -6.5858153651e+01\n   66    0 1.0000000000 -6.8012789682e+01 -6.4449977887e+01\n   67    0 1.0000000000 -6.6610062494e+01 -6.3067369534e+01\n   68    0 1.0000000000 -6.5221670323e+01 -6.1711720761e+01\n   69    0 1.0000000000 -6.3848459703e+01 -6.0384396591e+01\n   70    0 1.0000000000 -6.2491246815e+01 -5.9086733528e+01\n   71    0 1.0000000000 -6.1150817435e+01 -5.7820038207e+01\n   72    0 1.0000000000 -5.9827927166e+01 -5.6585586084e+01\n   73    0 1.0000000000 -5.8523302035e+01 -5.5384620148e+01\n   74    0 1.0000000000 -5.7237639517e+01 -5.4218349668e+01\n   75    0 1.0000000000 -5.5971610100e+01 -5.3087948982e+01\n   76    0 1.0000000000 -5.4725859493e+01 -5.1994556306e+01\n   77    0 1.0000000000 -5.3501011669e+01 -5.0939272595e+01\n   78    0 1.0000000000 -5.2297672960e+01 -4.9923160428e+01\n   79    0 1.0000000000 -5.1116437500e+01 -4.8947242947e+01\n   80    0 1.0000000000 -4.9957894438e+01 -4.8012502815e+01\n   81    0 1.0000000000 -4.8822637503e+01 -4.7119881238e+01\n   82    0 1.0000000000 -4.7711277734e+01 -4.6270277010e+01\n   83    0 1.0000000000 -4.6624460538e+01 -4.5464545611e+01\n   84    0 1.0000000000 -4.5562888775e+01 -4.4703498342e+01\n   85    0 1.0000000000 -4.4527354361e+01 -4.3987901515e+01\n   86    0 1.0000000000 -4.3518782112e+01 -4.3318475676e+01\n   87    0 1.0000000000 -4.2538291496e+01 -4.2695894878e+01\n   88    0 1.0000000000 -4.1587284991e+01 -4.2120786008e+01\n   89    0 1.0000000000 -4.0667576650e+01 -4.1593728152e+01\n   90    0 1.0000000000 -3.9781582222e+01 -4.1115252013e+01\n   91    0 1.0000000000 -3.8932604457e+01 -4.0685839375e+01\n   92    0 1.0000000000 -3.8125265639e+01 -4.0305922621e+01\n   93    0 1.0000000000 -3.7366163780e+01 -3.9975884294e+01\n   94    0 1.0000000000 -3.6664848864e+01 -3.9696056716e+01\n   95    0 1.0000000000 -3.6035184886e+01 -3.9466721648e+01\n   96    0 1.0000000000 -3.5496936203e+01 -3.9288110012e+01\n   97    0 1.0000000000 -3.5076673520e+01 -3.9160401655e+01\n   98    0 1.0000000000 -3.4805627684e+01 -3.9083725168e+01\n   99    0 1.0000000000 -3.4711462340e+01 -3.9058157757e+01\n  100    0 1.0000000000 -3.4708087694e+01 -3.9053085671e+01\n  101    0 1.0000000000 -3.4697966190e+01 -3.9037874522e+01\n  102    0 1.0000000000 -3.4681105126e+01 -3.9012539624e+01\n  103    0 1.0000000000 -3.4657516655e+01 -3.8977106489e+01\n  104    0 1.0000000000 -3.4627217772e+01 -3.8931610794e+01\n  105    0 1.0000000000 -3.4590230295e+01 -3.8876098350e+01\n  106    0 1.0000000000 -3.4546580838e+01 -3.8810625053e+01\n  107    0 1.0000000000 -3.4496300780e+01 -3.8735256830e+01\n  108    0 1.0000000000 -3.4439426231e+01 -3.8650069569e+01\n  109    0 1.0000000000 -3.4375997988e+01 -3.8555149046e+01\n  110    0 1.0000000000 -3.4306061486e+01 -3.8450590840e+01\n  111    0 1.0000000000 -3.4229666751e+01 -3.8336500231e+01\n  112    0 1.0000000000 -3.4146868336e+01 -3.8212992098e+01\n  113    0 1.0000000000 -3.4057725261e+01 -3.8080190805e+01\n  114    0 1.0000000000 -3.3962300945e+01 -3.7938230070e+01\n  115    0 1.0000000000 -3.3860663129e+01 -3.7787252835e+01\n  116    0 1.0000000000 -3.3752883804e+01 -3.7627411124e+01\n  117    0 1.0000000000 -3.3639039119e+01 -3.7458865881e+01\n  118    0 1.0000000000 -3.3519209302e+01 -3.7281786819e+01\n  119    0 1.0000000000 -3.3393478560e+01 -3.7096352240e+01\n  120    0 1.0000000000 -3.3261934986e+01 -3.6902748861e+01\n  121    0 1.0000000000 -3.3124670456e+01 -3.6701171626e+01\n  122    0 1.0000000000 -3.2981780523e+01 -3.6491823504e+01\n  123    0 1.0000000000 -3.2833364307e+01 -3.6274915293e+01\n  124    0 1.0000000000 -3.2679524381e+01 -3.6050665399e+01\n  125    0 1.0000000000 -3.2520366653e+01 -3.5819299624e+01\n  126    0 1.0000000000 -3.2356000242e+01 -3.5581050933e+01\n  127    0 1.0000000000 -3.2186537358e+01 -3.5336159223e+01\n  128    0 1.0000000000 -3.2012093169e+01 -3.5084871078e+01\n  129    0 1.0000000000 -3.1832785670e+01 -3.4827439525e+01\n  130    0 1.0000000000 -3.1648735550e+01 -3.4564123775e+01\n  131    0 1.0000000000 -3.1460066052e+01 -3.4295188966e+01\n  132    0 1.0000000000 -3.1266902835e+01 -3.4020905891e+01\n  133    0 1.0000000000 -3.1069373829e+01 -3.3741550730e+01\n  134    0 1.0000000000 -3.0867609093e+01 -3.3457404771e+01\n  135    0 1.0000000000 -3.0661740663e+01 -3.3168754124e+01\n  136    0 1.0000000000 -3.0451902411e+01 -3.2875889435e+01\n  137    0 1.0000000000 -3.0238229885e+01 -3.2579105596e+01\n  138    0 1.0000000000 -3.0020860166e+01 -3.2278701442e+01\n  139    0 1.0000000000 -2.9799931709e+01 -3.1974979454e+01\n  140    0 1.0000000000 -2.9575584192e+01 -3.1668245455e+01\n  141    0 1.0000000000 -2.9347958359e+01 -3.1358808300e+01\n  142    0 1.0000000000 -2.9117195870e+01 -3.1046979566e+01\n  143    0 1.0000000000 -2.8883439138e+01 -3.0733073239e+01\n  144    0 1.0000000000 -2.8646831180e+01 -3.0417405394e+01\n  145    0 1.0000000000 -2.8407515459e+01 -3.0100293883e+01\n  146    0 1.0000000000 -2.8165635731e+01 -2.9782058011e+01\n  147    0 1.0000000000 -2.7921335888e+01 -2.9463018213e+01\n  148    0 1.0000000000 -2.7674759812e+01 -2.9143495736e+01\n  149    0 1.0000000000 -2.7426051213e+01 -2.8823812313e+01\n  150    0 1.0000000000 -2.7175353490e+01 -2.8504289836e+01\n  151    0 1.0000000000 -2.6922809576e+01 -2.8185250038e+01\n  152    0 1.0000000000 -2.6668561794e+01 -2.7867014166e+01\n  153    0 1.0000000000 -2.6412751713e+01 -2.7549902655e+01\n  154    0 1.0000000000 -2.6155520006e+01 -2.7234234811e+01\n  155    0 1.0000000000 -2.5897006316e+01 -2.6920328483e+01\n  156    0 1.0000000000 -2.5637349114e+01 -2.6608499749e+01\n  157    0 1.0000000000 -2.5376685573e+01 -2.6299062594e+01\n  158    0 1.0000000000 -2.5115151439e+01 -2.5992328595e+01\n  159    0 1.0000000000 -2.4852880905e+01 -2.5688606607e+01\n  160    0 1.0000000000 -2.4590006494e+01 -2.5388202453e+01\n  161    0 1.0000000000 -2.4326658946e+01 -2.5091418614e+01\n  162    0 1.0000000000 -2.4062967103e+01 -2.4798553926e+01\n  163    0 1.0000000000 -2.3799057812e+01 -2.4509903278e+01\n  164    0 1.0000000000 -2.3535055822e+01 -2.4225757319e+01\n  165    0 1.0000000000 -2.3271083694e+01 -2.3946402158e+01\n  166    0 1.0000000000 -2.3007261720e+01 -2.3672119083e+01\n  167    0 1.0000000000 -2.2743707839e+01 -2.3403184274e+01\n  168    0 1.0000000000 -2.2480537578e+01 -2.3139868524e+01\n  169    0 1.0000000000 -2.2217863985e+01 -2.2882436971e+01\n  170    0 1.0000000000 -2.1955797586e+01 -2.2631148827e+01\n  171    0 1.0000000000 -2.1694446347e+01 -2.2386257116e+01\n  172    0 1.0000000000 -2.1433915652e+01 -2.2148008425e+01\n  173    0 1.0000000000 -2.1174308297e+01 -2.1916642650e+01\n  174    0 1.0000000000 -2.0915724504e+01 -2.1692392756e+01\n  175    0 1.0000000000 -2.0658261959e+01 -2.1475484545e+01\n  176    0 1.0000000000 -2.0402015876e+01 -2.1266136423e+01\n  177    0 1.0000000000 -2.0147079106e+01 -2.1064559188e+01\n  178    0 1.0000000000 -1.9893542282e+01 -2.0870955810e+01\n  179    0 1.0000000000 -1.9641494044e+01 -2.0685521231e+01\n  180    0 1.0000000000 -1.9391021330e+01 -2.0508442168e+01\n  181    0 1.0000000000 -1.9142209805e+01 -2.0339896926e+01\n  182    0 1.0000000000 -1.8895144439e+01 -2.0180055214e+01\n  183    0 1.0000000000 -1.8649910341e+01 -2.0029077980e+01\n  184    0 1.0000000000 -1.8406593933e+01 -1.9887117245e+01\n  185    0 1.0000000000 -1.8165284676e+01 -1.9754315951e+01\n  186    0 1.0000000000 -1.7926077636e+01 -1.9630807818e+01\n  187    0 1.0000000000 -1.7689077414e+01 -1.9516717209e+01\n  188    0 1.0000000000 -1.7454404364e+01 -1.9412159003e+01\n  189    0 1.0000000000 -1.7222204818e+01 -1.9317238481e+01\n  190    0 1.0000000000 -1.6992668651e+01 -1.9232051220e+01\n  191    0 1.0000000000 -1.6766061165e+01 -1.9156682996e+01\n  192    0 1.0000000000 -1.6542784830e+01 -1.9091209699e+01\n  193    0 1.0000000000 -1.6323508905e+01 -1.9035697255e+01\n  194    0 1.0000000000 -1.6109470542e+01 -1.8990201560e+01\n  195    0 1.0000000000 -1.5903270019e+01 -1.8954768425e+01\n  196    0 1.0000000000 -1.5711329446e+01 -1.8929433528e+01\n  197    0 1.0000000000 -1.5552632863e+01 -1.8914222378e+01\n  198    0 1.0000000000 -1.5481852087e+01 -1.8909150292e+01\n  199    0 1.0000000000 -1.5622408029e+01 -1.8919299623e+01\n  200    0 1.0000000000 -1.5964003020e+01 -1.8949799270e+01\n  201    0 1.0000000000 -1.6371484016e+01 -1.9000803898e+01\n  202    0 1.0000000000 -1.6807051556e+01 -1.9072570279e+01\n  203    0 1.0000000000 -1.7262850718e+01 -1.9165455793e+01\n  204    0 1.0000000000 -1.7736877967e+01 -1.9279916338e+01\n  205    0 1.0000000000 -1.8228733185e+01 -1.9416503658e+01\n  206    0 1.0000000000 -1.8738598059e+01 -1.9575862105e+01\n  207    0 1.0000000000 -1.9266913525e+01 -1.9758724835e+01\n  208    0 1.0000000000 -1.9814256440e+01 -1.9965909480e+01\n  209    0 1.0000000000 -2.0381285254e+01 -2.0198313284e+01\n  210    0 1.0000000000 -2.0968713179e+01 -2.0456907749e+01\n  211    0 1.0000000000 -2.1577293501e+01 -2.0742732805e+01\n  212    0 1.0000000000 -2.2207810658e+01 -2.1056890524e+01\n  213    0 1.0000000000 -2.2861074207e+01 -2.1400538414e+01\n  214    0 1.0000000000 -2.3537914242e+01 -2.1774882321e+01\n  215    0 1.0000000000 -2.4239177525e+01 -2.2181168962e+01\n  216    0 1.0000000000 -2.4965723921e+01 -2.2620678138e+01\n  217    0 1.0000000000 -2.5718422902e+01 -2.3094714637e+01\n  218    0 1.0000000000 -2.6498149965e+01 -2.3604599891e+01\n  219    0 1.0000000000 -2.7305782885e+01 -2.4151663400e+01\n  220    0 1.0000000000 -2.8142197738e+01 -2.4737233972e+01\n  221    0 1.0000000000 -2.9008264669e+01 -2.5362630815e+01\n  222    0 1.0000000000 -2.9904843376e+01 -2.6029154526e+01\n  223    0 1.0000000000 -3.0832778311e+01 -2.6738078008e+01\n  224    0 1.0000000000 -3.1792893589e+01 -2.7490637356e+01\n  225    0 1.0000000000 -3.2785987627e+01 -2.8288022766e+01\n  226    0 1.0000000000 -3.3812827516e+01 -2.9131369491e+01\n  227    0 1.0000000000 -3.4874143155e+01 -3.0021748894e+01\n  228    0 1.0000000000 -3.5970621182e+01 -3.0960159633e+01\n  229    0 1.0000000000 -3.7102898714e+01 -3.1947519029e+01\n  230    0 1.0000000000 -3.8271556960e+01 -3.2984654638e+01\n  231    0 1.0000000000 -3.9477114732e+01 -3.4072296091e+01\n  232    0 1.0000000000 -4.0720021907e+01 -3.5211067204e+01\n  233    0 1.0000000000 -4.2000652884e+01 -3.6401478442e+01\n  234    0 1.0000000000 -4.3319300097e+01 -3.7643919719e+01\n  235    0 1.0000000000 -4.4676167627e+01 -3.8938653619e+01\n  236    0 1.0000000000 -4.6071364966e+01 -4.0285809032e+01\n  237    0 1.0000000000 -4.7504901004e+01 -4.1685375258e+01\n  238    0 1.0000000000 -4.8976678267e+01 -4.3137196595e+01\n  239    0 1.0000000000 -5.0486487476e+01 -4.4640967452e+01\n  240    0 1.0000000000 -5.2034002467e+01 -4.6196228001e+01\n  241    0 1.0000000000 -5.3618775530e+01 -4.7802360390e+01\n  242    0 1.0000000000 -5.5240233196e+01 -4.9458585554e+01\n  243    0 1.0000000000 -5.6897672521e+01 -5.1163960618e+01\n  244    0 1.0000000000 -5.8590257904e+01 -5.2917376931e+01\n  245    0 1.0000000000 -6.0317018463e+01 -5.4717558734e+01\n  246    0 1.0000000000 -6.2076846009e+01 -5.6563062467e+01\n  247    0 1.0000000000 -6.3868493625e+01 -5.8452276740e+01\n  248    0 1.0000000000 -6.5690574879e+01 -6.0383422964e+01\n  249    0 1.0000000000 -6.7541563680e+01 -6.2354556636e+01\n  250    0 1.0000000000 -6.9419794789e+01 -6.4363569306e+01\n  251    0 1.0000000000 -7.1323464981e+01 -6.6408191190e+01\n  252    0 1.0000000000 -7.3250634868e+01 -6.8485994458e+01\n  253    0 1.0000000000 -7.5199231372e+01 -7.0594397155e+01\n  254    0 1.0000000000 -7.7167050847e+01 -7.2730667782e+01\n  255    0 1.0000000000 -7.9151762824e+01 -7.4891930490e+01\n  256    0 1.0000000000 -8.1150914382e+01 -7.7075170900e+01\n  257    0 1.0000000000 -8.3161935117e+01 -7.9277242507e+01\n  258    0 1.0000000000 -8.5182142686e+01 -8.1494873672e+01\n  259    0 1.0000000000 -8.7208748909e+01 -8.3724675158e+01\n  260    0 1.0000000000 -8.9238866402e+01 -8.5963148200e+01\n  261    0 1.0000000000 -9.1269515702e+01 -8.8206693075e+01\n  262    0 1.0000000000 -9.3297632873e+01 -9.0451618146e+01\n  263    0 1.0000000000 -9.5320077544e+01 -9.2694149349e+01\n  264    0 1.0000000000 -9.7333641354e+01 -9.4930440083e+01\n  265    0 1.0000000000 -9.9335056766e+01 -9.7156581487e+01\n  266    0 1.0000000000 -1.0132100622e+02 -9.9368613043e+01\n  267    0 1.0000000000 -1.0328813156e+02 -1.0156253349e+02\n  268    0 1.0000000000 -1.0523304378e+02 -1.0373431198e+02\n  269    0 1.0000000000 -1.0715233289e+02 -1.0587989951e+02\n  270    0 1.0000000000 -1.0904257808e+02 -1.0799524045e+02\n  271    0 1.0000000000 -1.1090035791e+02 -1.1007628429e+02\n  272    0 1.0000000000 -1.1272226070e+02 -1.1211899745e+02\n  273    0 1.0000000000 -1.1450489491e+02 -1.1411937513e+02\n  274    0 1.0000000000 -1.1624489957e+02 -1.1607345320e+02\n  275    0 1.0000000000 -1.1793895469e+02 -1.1797732002e+02\n  276    0 1.0000000000 -1.1958379160e+02 -1.1982712825e+02\n  277    0 1.0000000000 -1.2117620319e+02 -1.2161910646e+02\n  278    0 1.0000000000 -1.2271305402e+02 -1.2334957063e+02\n  279    0 1.0000000000 -1.2419129024e+02 -1.2501493541e+02\n  280    0 1.0000000000 -1.2560794933e+02 -1.2661172517e+02\n  281    0 1.0000000000 -1.2696016950e+02 -1.2813658476e+02\n  282    0 1.0000000000 -1.2824519894e+02 -1.2958628985e+02\n  283    0 1.0000000000 -1.2946040458e+02 -1.3095775709e+02\n  284    0 1.0000000000 -1.3060328066e+02 -1.3224805364e+02\n  285    0 1.0000000000 -1.3167145679e+02 -1.3345440644e+02\n  286    0 1.0000000000 -1.3266270566e+02 -1.3457421093e+02\n  287    0 1.0000000000 -1.3357495025e+02 -1.3560503925e+02\n  288    0 1.0000000000 -1.3440627064e+02 -1.3654464793e+02\n  289    0 1.0000000000 -1.3515491022e+02 -1.3739098500e+02\n  290    0 1.0000000000 -1.3581928146e+02 -1.3814219651e+02\n  291    0 1.0000000000 -1.3639797113e+02 -1.3879663243e+02\n  292    0 1.0000000000 -1.3688974487e+02 -1.3935285193e+02\n  293    0 1.0000000000 -1.3729355129e+02 -1.3980962795e+02\n  294    0 1.0000000000 -1.3760852542e+02 -1.4016595111e+02\n  295    0 1.0000000000 -1.3783399152e+02 -1.4042103299e+02\n  296    0 1.0000000000 -1.3796946533e+02 -1.4057430862e+02\n  297    0 1.0000000000 -1.3801465566e+02 -1.4062543828e+02\n