R1	(0,0)	1	r1	(0.000000,0.000000)
R1	(0,0)	2	r1	(0.000000,1.000000)
R1	(0,0)	3	r1	(0.000000,2.000000)
R1	(0,0)	4	r1	(0.000000,3.000000)
R1	(0,0)	5	r1	(0.000000,4.000000)
R1	(0,0)	6	r1	(0.000000,5.000000)
R1	(0,0)	7	r1	(0.000000,6.000000)
R1	(0,0)	8	r1	(1.000000,1.000000)
R1	(0,0)	9	r1	(1.000000,2.000000)
R1	(0,0)	10	r1	(1.000000,3.000000)
R1	(0,0)	11	r1	(1.000000,4.000000)
R1	(0,0)	12	r1	(1.000000,5.000000)
R1	(0,0)	13	r1	(1.000000,6.000000)
R1	(0,0)	14	r1	(2.000000,1.000000)
R1	(0,0)	15	r1	(2.000000,2.000000)
R1	(0,0)	16	r1	(2.000000,3.000000)
R1	(0,0)	17	r1	(2.000000,4.000000)
R1	(0,0)	18	r1	(2.000000,5.000000)
R1	(0,0)	19	r1	(2.000000,6.000000)
R1	(0,0)	20	r1	(3.000000,1.000000)
R1	(0,0)	21	r1	(3.000000,2.000000)
R1	(0,0)	22	r1	(3.000000,3.000000)
R1	(0,0)	23	r1	(3.000000,4.000000)
R1	(0,0)	24	r1	(3.000000,5.000000)
R1	(0,0)	25	r1	(3.000000,6.000000)
R1	(0,0)	26	r1	(4.000000,1.000000)
R1	(0,0)	27	r1	(4.000000,2.000000)
R1	(0,0)	28	r1	(4.000000,3.000000)
R1	(0,0)	29	r1	(4.000000,4.000000)
R1	(0,0)	30	r1	(4.000000,5.000000)
R1	(0,0)	31	r1	(4.000000,6.000000)
R1	(0,0)	32	r1	(5.000000,1.000000)
R1	(0,0)	33	r1	(5.000000,2.000000)
R1	(0,0)	34	r1	(5.000000,3.000000)
R1	(0,0)	35	r1	(5.000000,4.000000)
R1	(0,0)	36	r1	(5.000000,5.000000)
R1	(0,0)	37	r1	(5.000000,6.000000)
R1	(0,0)	38	r2	(0.000000,0.000000)
R1	(0,0)	39	r2	(0.945946,0.324324)
R1	(0,0)	40	r2	(0.621622,1.270270)
R1	(0,0)	41	r2	(0.297297,2.216216)
R1	(0,0)	42	r2	(-0.027027,3.162162)
R1	(0,0)	43	r2	(-0.351351,4.108108)
R1	(0,0)	44	r2	(-0.675676,5.054054)
R1	(0,0)	45	r2	(1.891892,0.648649)
R1	(0,0)	46	r2	(1.567568,1.594595)
R1	(0,0)	47	r2	(1.243243,2.540541)
R1	(0,0)	48	r2	(0.918919,3.486486)
R1	(0,0)	49	r2	(0.594595,4.432432)
R1	(0,0)	50	r2	(0.270270,5.378378)
R1	(0,0)	51	r2	(2.837838,0.972973)
R1	(0,0)	52	r2	(2.513514,1.918919)
R1	(0,0)	53	r2	(2.189189,2.864865)
R1	(0,0)	54	r2	(1.864865,3.810811)
R1	(0,0)	55	r2	(1.540541,4.756757)
R1	(0,0)	56	r2	(1.216216,5.702703)
R1	(0,0)	57	r2	(3.783784,1.297297)
R1	(0,0)	58	r2	(3.459459,2.243243)
R1	(0,0)	59	r2	(3.135135,3.189189)
R1	(0,0)	60	r2	(2.810811,4.135135)
R1	(0,0)	61	r2	(2.486486,5.081081)
R1	(0,0)	62	r2	(2.162162,6.027027)
R1	(0,0)	63	r2	(4.729730,1.621622)
R1	(0,0)	64	r2	(4.405405,2.567568)
R1	(0,0)	65	r2	(4.081081,3.513514)
R1	(0,0)	66	r2	(3.756757,4.459459)
R1	(0,0)	67	r2	(3.432432,5.405405)
R1	(0,0)	68	r2	(3.108108,6.351351)
R1	(0,0)	69	r2	(5.675676,1.945946)
R1	(0,0)	70	r2	(5.351351,2.891892)
R1	(0,0)	71	r2	(5.027027,3.837838)
R1	(0,0)	72	r2	(4.702703,4.783784)
R1	(0,0)	73	r2	(4.378378,5.729730)
R1	(0,0)	74	r2	(4.054054,6.675676)
R2	(1,0)	1	r1	(6.000000,1.000000)
R2	(1,0)	2	r1	(6.000000,2.000000)
R2	(1,0)	3	r1	(6.000000,3.000000)
R2	(1,0)	4	r1	(6.000000,4.000000)
R2	(1,0)	5	r1	(6.000000,5.000000)
R2	(1,0)	6	r1	(6.000000,6.000000)
R2	(1,0)	7	r1	(6.000000,7.000000)
R2	(1,0)	8	r1	(7.000000,2.000000)
R2	(1,0)	9	r1	(7.000000,3.000000)
R2	(1,0)	10	r1	(7.000000,4.000000)
R2	(1,0)	11	r1	(7.000000,5.000000)
R2	(1,0)	12	r1	(7.000000,6.000000)
R2	(1,0)	13	r1	(7.000000,7.000000)
R2	(1,0)	14	r1	(8.000000,2.000000)
R2	(1,0)	15	r1	(8.000000,3.000000)
R2	(1,0)	16	r1	(8.000000,4.000000)
R2	(1,0)	17	r1	(8.000000,5.000000)
R2	(1,0)	18	r1	(8.000000,6.000000)
R2	(1,0)	19	r1	(8.000000,7.000000)
R2	(1,0)	20	r1	(9.000000,2.000000)
R2	(1,0)	21	r1	(9.000000,3.000000)
R2	(1,0)	22	r1	(9.000000,4.000000)
R2	(1,0)	23	r1	(9.000000,5.000000)
R2	(1,0)	24	r1	(9.000000,6.000000)
R2	(1,0)	25	r1	(9.000000,7.000000)
R2	(1,0)	26	r1	(10.000000,2.000000)
R2	(1,0)	27	r1	(10.000000,3.000000)
R2	(1,0)	28	r1	(10.000000,4.000000)
R2	(1,0)	29	r1	(10.000000,5.000000)
R2	(1,0)	30	r1	(10.000000,6.000000)
R2	(1,0)	31	r1	(10.000000,7.000000)
R2	(1,0)	32	r1	(11.000000,2.000000)
R2	(1,0)	33	r1	(11.000000,3.000000)
R2	(1,0)	34	r1	(11.000000,4.000000)
R2	(1,0)	35	r1	(11.000000,5.000000)
R2	(1,0)	36	r1	(11.000000,6.000000)
R2	(1,0)	37	r1	(11.000000,7.000000)
R2	(1,0)	38	r2	(6.000000,1.000000)
R2	(1,0)	39	r2	(6.945946,1.324324)
R2	(1,0)	40	r2	(6.621622,2.270270)
R2	(1,0)	41	r2	(6.297297,3.216216)
R2	(1,0)	42	r2	(5.972973,4.162162)
R2	(1,0)	43	r2	(5.648649,5.108108)
R2	(1,0)	44	r2	(5.324324,6.054054)
R2	(1,0)	45	r2	(7.891892,1.648649)
R2	(1,0)	46	r2	(7.567568,2.594595)
R2	(1,0)	47	r2	(7.243243,3.540541)
R2	(1,0)	48	r2	(6.918919,4.486486)
R2	(1,0)	49	r2	(6.594595,5.432432)
R2	(1,0)	50	r2	(6.270270,6.378378)
R2	(1,0)	51	r2	(8.837838,1.972973)
R2	(1,0)	52	r2	(8.513514,2.918919)
R2	(1,0)	53	r2	(8.189189,3.864865)
R2	(1,0)	54	r2	(7.864865,4.810811)
R2	(1,0)	55	r2	(7.540541,5.756757)
R2	(1,0)	56	r2	(7.216216,6.702703)
R2	(1,0)	57	r2	(9.783784,2.297297)
R2	(1,0)	58	r2	(9.459459,3.243243)
R2	(1,0)	59	r2	(9.135135,4.189189)
R2	(1,0)	60	r2	(8.810811,5.135135)
R2	(1,0)	61	r2	(8.486486,6.081081)
R2	(1,0)	62	r2	(8.162162,7.027027)
R2	(1,0)	63	r2	(10.729730,2.621622)
R2	(1,0)	64	r2	(10.405405,3.567568)
R2	(1,0)	65	r2	(10.081081,4.513514)
R2	(1,0)	66	r2	(9.756757,5.459459)
R2	(1,0)	67	r2	(9.432432,6.405405)
R2	(1,0)	68	r2	(9.108108,7.351351)
R2	(1,0)	69	r2	(11.675676,2.945946)
R2	(1,0)	70	r2	(11.351351,3.891892)
R2	(1,0)	71	r2	(11.027027,4.837838)
R2	(1,0)	72	r2	(10.702703,5.783784)
R2	(1,0)	73	r2	(10.378378,6.729730)
R2	(1,0)	74	r2	(10.054054,7.675676)
R3	(-1,0)	1	r1	(-6.000000,-1.000000)
R3	(-1,0)	2	r1	(-6.000000,0.000000)
R3	(-1,0)	3	r1	(-6.000000,1.000000)
R3	(-1,0)	4	r1	(-6.000000,2.000000)
R3	(-1,0)	5	r1	(-6.000000,3.000000)
R3	(-1,0)	6	r1	(-6.000000,4.000000)
R3	(-1,0)	7	r1	(-6.000000,5.000000)
R3	(-1,0)	8	r1	(-5.000000,0.000000)
R3	(-1,0)	9	r1	(-5.000000,1.000000)
R3	(-1,0)	10	r1	(-5.000000,2.000000)
R3	(-1,0)	11	r1	(-5.000000,3.000000)
R3	(-1,0)	12	r1	(-5.000000,4.000000)
R3	(-1,0)	13	r1	(-5.000000,5.000000)
R3	(-1,0)	14	r1	(-4.000000,0.000000)
R3	(-1,0)	15	r1	(-4.000000,1.000000)
R3	(-1,0)	16	r1	(-4.000000,2.000000)
R3	(-1,0)	17	r1	(-4.000000,3.000000)
R3	(-1,0)	18	r1	(-4.000000,4.000000)
R3	(-1,0)	19	r1	(-4.000000,5.000000)
R3	(-1,0)	20	r1	(-3.000000,0.000000)
R3	(-1,0)	21	r1	(-3.000000,1.000000)
R3	(-1,0)	22	r1	(-3.000000,2.000000)
R3	(-1,0)	23	r1	(-3.000000,3.000000)
R3	(-1,0)	24	r1	(-3.000000,4.000000)
R3	(-1,0)	25	r1	(-3.000000,5.000000)
R3	(-1,0)	26	r1	(-2.000000,0.000000)
R3	(-1,0)	27	r1	(-2.000000,1.000000)
R3	(-1,0)	28	r1	(-2.000000,2.000000)
R3	(-1,0)	29	r1	(-2.000000,3.000000)
R3	(-1,0)	30	r1	(-2.000000,4.000000)
R3	(-1,0)	31	r1	(-2.000000,5.000000)
R3	(-1,0)	32	r1	(-1.000000,0.000000)
R3	(-1,0)	33	r1	(-1.000000,1.000000)
R3	(-1,0)	34	r1	(-1.000000,2.000000)
R3	(-1,0)	35	r1	(-1.000000,3.000000)
R3	(-1,0)	36	r1	(-1.000000,4.000000)
R3	(-1,0)	37	r1	(-1.000000,5.000000)
R3	(-1,0)	38	r2	(-6.000000,-1.000000)
R3	(-1,0)	39	r2	(-5.054054,-0.675676)
R3	(-1,0)	40	r2	(-5.378378,0.270270)
R3	(-1,0)	41	r2	(-5.702703,1.216216)
R3	(-1,0)	42	r2	(-6.027027,2.162162)
R3	(-1,0)	43	r2	(-6.351351,3.108108)
R3	(-1,0)	44	r2	(-6.675676,4.054054)
R3	(-1,0)	45	r2	(-4.108108,-0.351351)
R3	(-1,0)	46	r2	(-4.432432,0.594595)
R3	(-1,0)	47	r2	(-4.756757,1.540541)
R3	(-1,0)	48	r2	(-5.081081,2.486486)
R3	(-1,0)	49	r2	(-5.405405,3.432432)
R3	(-1,0)	50	r2	(-5.729730,4.378378)
R3	(-1,0)	51	r2	(-3.162162,-0.027027)
R3	(-1,0)	52	r2	(-3.486486,0.918919)
R3	(-1,0)	53	r2	(-3.810811,1.864865)
R3	(-1,0)	54	r2	(-4.135135,2.810811)
R3	(-1,0)	55	r2	(-4.459459,3.756757)
R3	(-1,0)	56	r2	(-4.783784,4.702703)
R3	(-1,0)	57	r2	(-2.216216,0.297297)
R3	(-1,0)	58	r2	(-2.540541,1.243243)
R3	(-1,0)	59	r2	(-2.864865,2.189189)
R3	(-1,0)	60	r2	(-3.189189,3.135135)
R3	(-1,0)	61	r2	(-3.513514,4.081081)
R3	(-1,0)	62	r2	(-3.837838,5.027027)
R3	(-1,0)	63	r2	(-1.270270,0.621622)
R3	(-1,0)	64	r2	(-1.594595,1.567568)
R3	(-1,0)	65	r2	(-1.918919,2.513514)
R3	(-1,0)	66	r2	(-2.243243,3.459459)
R3	(-1,0)	67	r2	(-2.567568,4.405405)
R3	(-1,0)	68	r2	(-2.891892,5.351351)
R3	(-1,0)	69	r2	(-0.324324,0.945946)
R3	(-1,0)	70	r2	(-0.648649,1.891892)
R3	(-1,0)	71	r2	(-0.972973,2.837838)
R3	(-1,0)	72	r2	(-1.297297,3.783784)
R3	(-1,0)	73	r2	(-1.621622,4.729730)
R3	(-1,0)	74	r2	(-1.945946,5.675676)
R4	(0,1)	1	r1	(-1.000000,6.000000)
R4	(0,1)	2	r1	(-1.000000,7.000000)
R4	(0,1)	3	r1	(-1.000000,8.000000)
R4	(0,1)	4	r1	(-1.000000,9.000000)
R4	(0,1)	5	r1	(-1.000000,10.000000)
R4	(0,1)	6	r1	(-1.000000,11.000000)
R4	(0,1)	7	r1	(-1.000000,12.000000)
R4	(0,1)	8	r1	(0.000000,7.000000)
R4	(0,1)	9	r1	(0.000000,8.000000)
R4	(0,1)	10	r1	(0.000000,9.000000)
R4	(0,1)	11	r1	(0.000000,10.000000)
R4	(0,1)	12	r1	(0.000000,11.000000)
R4	(0,1)	13	r1	(0.000000,12.000000)
R4	(0,1)	14	r1	(1.000000,7.000000)
R4	(0,1)	15	r1	(1.000000,8.000000)
R4	(0,1)	16	r1	(1.000000,9.000000)
R4	(0,1)	17	r1	(1.000000,10.000000)
R4	(0,1)	18	r1	(1.000000,11.000000)
R4	(0,1)	19	r1	(1.000000,12.000000)
R4	(0,1)	20	r1	(2.000000,7.000000)
R4	(0,1)	21	r1	(2.000000,8.000000)
R4	(0,1)	22	r1	(2.000000,9.000000)
R4	(0,1)	23	r1	(2.000000,10.000000)
R4	(0,1)	24	r1	(2.000000,11.000000)
R4	(0,1)	25	r1	(2.000000,12.000000)
R4	(0,1)	26	r1	(3.000000,7.000000)
R4	(0,1)	27	r1	(3.000000,8.000000)
R4	(0,1)	28	r1	(3.000000,9.000000)
R4	(0,1)	29	r1	(3.000000,10.000000)
R4	(0,1)	30	r1	(3.000000,11.000000)
R4	(0,1)	31	r1	(3.000000,12.000000)
R4	(0,1)	32	r1	(4.000000,7.000000)
R4	(0,1)	33	r1	(4.000000,8.000000)
R4	(0,1)	34	r1	(4.000000,9.000000)
R4	(0,1)	35	r1	(4.000000,10.000000)
R4	(0,1)	36	r1	(4.000000,11.000000)
R4	(0,1)	37	r1	(4.000000,12.000000)
R4	(0,1)	38	r2	(-1.000000,6.000000)
R4	(0,1)	39	r2	(-0.054054,6.324324)
R4	(0,1)	40	r2	(-0.378378,7.270270)
R4	(0,1)	41	r2	(-0.702703,8.216216)
R4	(0,1)	42	r2	(-1.027027,9.162162)
R4	(0,1)	43	r2	(-1.351351,10.108108)
R4	(0,1)	44	r2	(-1.675676,11.054054)
R4	(0,1)	45	r2	(0.891892,6.648649)
R4	(0,1)	46	r2	(0.567568,7.594595)
R4	(0,1)	47	r2	(0.243243,8.540541)
R4	(0,1)	48	r2	(-0.081081,9.486486)
R4	(0,1)	49	r2	(-0.405405,10.432432)
R4	(0,1)	50	r2	(-0.729730,11.378378)
R4	(0,1)	51	r2	(1.837838,6.972973)
R4	(0,1)	52	r2	(1.513514,7.918919)
R4	(0,1)	53	r2	(1.189189,8.864865)
R4	(0,1)	54	r2	(0.864865,9.810811)
R4	(0,1)	55	r2	(0.540541,10.756757)
R4	(0,1)	56	r2	(0.216216,11.702703)
R4	(0,1)	57	r2	(2.783784,7.297297)
R4	(0,1)	58	r2	(2.459459,8.243243)
R4	(0,1)	59	r2	(2.135135,9.189189)
R4	(0,1)	60	r2	(1.810811,10.135135)
R4	(0,1)	61	r2	(1.486486,11.081081)
R4	(0,1)	62	r2	(1.162162,12.027027)
R4	(0,1)	63	r2	(3.729730,7.621622)
R4	(0,1)	64	r2	(3.405405,8.567568)
R4	(0,1)	65	r2	(3.081081,9.513514)
R4	(0,1)	66	r2	(2.756757,10.459459)
R4	(0,1)	67	r2	(2.432432,11.405405)
R4	(0,1)	68	r2	(2.108108,12.351351)
R4	(0,1)	69	r2	(4.675676,7.945946)
R4	(0,1)	70	r2	(4.351351,8.891892)
R4	(0,1)	71	r2	(4.027027,9.837838)
R4	(0,1)	72	r2	(3.702703,10.783784)
R4	(0,1)	73	r2	(3.378378,11.729730)
R4	(0,1)	74	r2	(3.054054,12.675676)
R5	(0,-1)	1	r1	(1.000000,-6.000000)
R5	(0,-1)	2	r1	(1.000000,-5.000000)
R5	(0,-1)	3	r1	(1.000000,-4.000000)
R5	(0,-1)	4	r1	(1.000000,-3.000000)
R5	(0,-1)	5	r1	(1.000000,-2.000000)
R5	(0,-1)	6	r1	(1.000000,-1.000000)
R5	(0,-1)	7	r1	(1.000000,0.000000)
R5	(0,-1)	8	r1	(2.000000,-5.000000)
R5	(0,-1)	9	r1	(2.000000,-4.000000)
R5	(0,-1)	10	r1	(2.000000,-3.000000)
R5	(0,-1)	11	r1	(2.000000,-2.000000)
R5	(0,-1)	12	r1	(2.000000,-1.000000)
R5	(0,-1)	13	r1	(2.000000,0.000000)
R5	(0,-1)	14	r1	(3.000000,-5.000000)
R5	(0,-1)	15	r1	(3.000000,-4.000000)
R5	(0,-1)	16	r1	(3.000000,-3.000000)
R5	(0,-1)	17	r1	(3.000000,-2.000000)
R5	(0,-1)	18	r1	(3.000000,-1.000000)
R5	(0,-1)	19	r1	(3.000000,0.000000)
R5	(0,-1)	20	r1	(4.000000,-5.000000)
R5	(0,-1)	21	r1	(4.000000,-4.000000)
R5	(0,-1)	22	r1	(4.000000,-3.000000)
R5	(0,-1)	23	r1	(4.000000,-2.000000)
R5	(0,-1)	24	r1	(4.000000,-1.000000)
R5	(0,-1)	25	r1	(4.000000,0.000000)
R5	(0,-1)	26	r1	(5.000000,-5.000000)
R5	(0,-1)	27	r1	(5.000000,-4.000000)
R5	(0,-1)	28	r1	(5.000000,-3.000000)
R5	(0,-1)	29	r1	(5.000000,-2.000000)
R5	(0,-1)	30	r1	(5.000000,-1.000000)
R5	(0,-1)	31	r1	(5.000000,0.000000)
R5	(0,-1)	32	r1	(6.000000,-5.000000)
R5	(0,-1)	33	r1	(6.000000,-4.000000)
R5	(0,-1)	34	r1	(6.000000,-3.000000)
R5	(0,-1)	35	r1	(6.000000,-2.000000)
R5	(0,-1)	36	r1	(6.000000,-1.000000)
R5	(0,-1)	37	r1	(6.000000,0.000000)
R5	(0,-1)	38	r2	(1.000000,-6.000000)
R5	(0,-1)	39	r2	(1.945946,-5.675676)
R5	(0,-1)	40	r2	(1.621622,-4.729730)
R5	(0,-1)	41	r2	(1.297297,-3.783784)
R5	(0,-1)	42	r2	(0.972973,-2.837838)
R5	(0,-1)	43	r2	(0.648649,-1.891892)
R5	(0,-1)	44	r2	(0.324324,-0.945946)
R5	(0,-1)	45	r2	(2.891892,-5.351351)
R5	(0,-1)	46	r2	(2.567568,-4.405405)
R5	(0,-1)	47	r2	(2.243243,-3.459459)
R5	(0,-1)	48	r2	(1.918919,-2.513514)
R5	(0,-1)	49	r2	(1.594595,-1.567568)
R5	(0,-1)	50	r2	(1.270270,-0.621622)
R5	(0,-1)	51	r2	(3.837838,-5.027027)
R5	(0,-1)	52	r2	(3.513514,-4.081081)
R5	(0,-1)	53	r2	(3.189189,-3.135135)
R5	(0,-1)	54	r2	(2.864865,-2.189189)
R5	(0,-1)	55	r2	(2.540541,-1.243243)
R5	(0,-1)	56	r2	(2.216216,-0.297297)
R5	(0,-1)	57	r2	(4.783784,-4.702703)
R5	(0,-1)	58	r2	(4.459459,-3.756757)
R5	(0,-1)	59	r2	(4.135135,-2.810811)
R5	(0,-1)	60	r2	(3.810811,-1.864865)
R5	(0,-1)	61	r2	(3.486486,-0.918919)
R5	(0,-1)	62	r2	(3.162162,0.027027)
R5	(0,-1)	63	r2	(5.729730,-4.378378)
R5	(0,-1)	64	r2	(5.405405,-3.432432)
R5	(0,-1)	65	r2	(5.081081,-2.486486)
R5	(0,-1)	66	r2	(4.756757,-1.540541)
R5	(0,-1)	67	r2	(4.432432,-0.594595)
R5	(0,-1)	68	r2	(4.108108,0.351351)
R5	(0,-1)	69	r2	(6.675676,-4.054054)
R5	(0,-1)	70	r2	(6.351351,-3.108108)
R5	(0,-1)	71	r2	(6.027027,-2.162162)
R5	(0,-1)	72	r2	(5.702703,-1.216216)
R5	(0,-1)	73	r2	(5.378378,-0.270270)
R5	(0,-1)	74	r2	(5.054054,0.675676)
R6	(1,1)	1	r1	(5.000000,7.000000)
R6	(1,1)	2	r1	(5.000000,8.000000)
R6	(1,1)	3	r1	(5.000000,9.000000)
R6	(1,1)	4	r1	(5.000000,10.000000)
R6	(1,1)	5	r1	(5.000000,11.000000)
R6	(1,1)	6	r1	(5.000000,12.000000)
R6	(1,1)	7	r1	(5.000000,13.000000)
R6	(1,1)	8	r1	(6.000000,8.000000)
R6	(1,1)	9	r1	(6.000000,9.000000)
R6	(1,1)	10	r1	(6.000000,10.000000)
R6	(1,1)	11	r1	(6.000000,11.000000)
R6	(1,1)	12	r1	(6.000000,12.000000)
R6	(1,1)	13	r1	(6.000000,13.000000)
R6	(1,1)	14	r1	(7.000000,8.000000)
R6	(1,1)	15	r1	(7.000000,9.000000)
R6	(1,1)	16	r1	(7.000000,10.000000)
R6	(1,1)	17	r1	(7.000000,11.000000)
R6	(1,1)	18	r1	(7.000000,12.000000)
R6	(1,1)	19	r1	(7.000000,13.000000)
R6	(1,1)	20	r1	(8.000000,8.000000)
R6	(1,1)	21	r1	(8.000000,9.000000)
R6	(1,1)	22	r1	(8.000000,10.000000)
R6	(1,1)	23	r1	(8.000000,11.000000)
R6	(1,1)	24	r1	(8.000000,12.000000)
R6	(1,1)	25	r1	(8.000000,13.000000)
R6	(1,1)	26	r1	(9.000000,8.000000)
R6	(1,1)	27	r1	(9.000000,9.000000)
R6	(1,1)	28	r1	(9.000000,10.000000)
R6	(1,1)	29	r1	(9.000000,11.000000)
R6	(1,1)	30	r1	(9.000000,12.000000)
R6	(1,1)	31	r1	(9.000000,13.000000)
R6	(1,1)	32	r1	(10.000000,8.000000)
R6	(1,1)	33	r1	(10.000000,9.000000)
R6	(1,1)	34	r1	(10.000000,10.000000)
R6	(1,1)	35	r1	(10.000000,11.000000)
R6	(1,1)	36	r1	(10.000000,12.000000)
R6	(1,1)	37	r1	(10.000000,13.000000)
R6	(1,1)	38	r2	(5.000000,7.000000)
R6	(1,1)	39	r2	(5.945946,7.324324)
R6	(1,1)	40	r2	(5.621622,8.270270)
R6	(1,1)	41	r2	(5.297297,9.216216)
R6	(1,1)	42	r2	(4.972973,10.162162)
R6	(1,1)	43	r2	(4.648649,11.108108)
R6	(1,1)	44	r2	(4.324324,12.054054)
R6	(1,1)	45	r2	(6.891892,7.648649)
R6	(1,1)	46	r2	(6.567568,8.594595)
R6	(1,1)	47	r2	(6.243243,9.540541)
R6	(1,1)	48	r2	(5.918919,10.486486)
R6	(1,1)	49	r2	(5.594595,11.432432)
R6	(1,1)	50	r2	(5.270270,12.378378)
R6	(1,1)	51	r2	(7.837838,7.972973)
R6	(1,1)	52	r2	(7.513514,8.918919)
R6	(1,1)	53	r2	(7.189189,9.864865)
R6	(1,1)	54	r2	(6.864865,10.810811)
R6	(1,1)	55	r2	(6.540541,11.756757)
R6	(1,1)	56	r2	(6.216216,12.702703)
R6	(1,1)	57	r2	(8.783784,8.297297)
R6	(1,1)	58	r2	(8.459459,9.243243)
R6	(1,1)	59	r2	(8.135135,10.189189)
R6	(1,1)	60	r2	(7.810811,11.135135)
R6	(1,1)	61	r2	(7.486486,12.081081)
R6	(1,1)	62	r2	(7.162162,13.027027)
R6	(1,1)	63	r2	(9.729730,8.621622)
R6	(1,1)	64	r2	(9.405405,9.567568)
R6	(1,1)	65	r2	(9.081081,10.513514)
R6	(1,1)	66	r2	(8.756757,11.459459)
R6	(1,1)	67	r2	(8.432432,12.405405)
R6	(1,1)	68	r2	(8.108108,13.351351)
R6	(1,1)	69	r2	(10.675676,8.945946)
R6	(1,1)	70	r2	(10.351351,9.891892)
R6	(1,1)	71	r2	(10.027027,10.837838)
R6	(1,1)	72	r2	(9.702703,11.783784)
R6	(1,1)	73	r2	(9.378378,12.729730)
R6	(1,1)	74	r2	(9.054054,13.675676)
R7	(-1,1)	1	r1	(-7.000000,5.000000)
R7	(-1,1)	2	r1	(-7.000000,6.000000)
R7	(-1,1)	3	r1	(-7.000000,7.000000)
R7	(-1,1)	4	r1	(-7.000000,8.000000)
R7	(-1,1)	5	r1	(-7.000000,9.000000)
R7	(-1,1)	6	r1	(-7.000000,10.000000)
R7	(-1,1)	7	r1	(-7.000000,11.000000)
R7	(-1,1)	8	r1	(-6.000000,6.000000)
R7	(-1,1)	9	r1	(-6.000000,7.000000)
R7	(-1,1)	10	r1	(-6.000000,8.000000)
R7	(-1,1)	11	r1	(-6.000000,9.000000)
R7	(-1,1)	12	r1	(-6.000000,10.000000)
R7	(-1,1)	13	r1	(-6.000000,11.000000)
R7	(-1,1)	14	r1	(-5.000000,6.000000)
R7	(-1,1)	15	r1	(-5.000000,7.000000)
R7	(-1,1)	16	r1	(-5.000000,8.000000)
R7	(-1,1)	17	r1	(-5.000000,9.000000)
R7	(-1,1)	18	r1	(-5.000000,10.000000)
R7	(-1,1)	19	r1	(-5.000000,11.000000)
R7	(-1,1)	20	r1	(-4.000000,6.000000)
R7	(-1,1)	21	r1	(-4.000000,7.000000)
R7	(-1,1)	22	r1	(-4.000000,8.000000)
R7	(-1,1)	23	r1	(-4.000000,9.000000)
R7	(-1,1)	24	r1	(-4.000000,10.000000)
R7	(-1,1)	25	r1	(-4.000000,11.000000)
R7	(-1,1)	26	r1	(-3.000000,6.000000)
R7	(-1,1)	27	r1	(-3.000000,7.000000)
R7	(-1,1)	28	r1	(-3.000000,8.000000)
R7	(-1,1)	29	r1	(-3.000000,9.000000)
R7	(-1,1)	30	r1	(-3.000000,10.000000)
R7	(-1,1)	31	r1	(-3.000000,11.000000)
R7	(-1,1)	32	r1	(-2.000000,6.000000)
R7	(-1,1)	33	r1	(-2.000000,7.000000)
R7	(-1,1)	34	r1	(-2.000000,8.000000)
R7	(-1,1)	35	r1	(-2.000000,9.000000)
R7	(-1,1)	36	r1	(-2.000000,10.000000)
R7	(-1,1)	37	r1	(-2.000000,11.000000)
R7	(-1,1)	38	r2	(-7.000000,5.000000)
R7	(-1,1)	39	r2	(-6.054054,5.324324)
R7	(-1,1)	40	r2	(-6.378378,6.270270)
R7	(-1,1)	41	r2	(-6.702703,7.216216)
R7	(-1,1)	42	r2	(-7.027027,8.162162)
R7	(-1,1)	43	r2	(-7.351351,9.108108)
R7	(-1,1)	44	r2	(-7.675676,10.054054)
R7	(-1,1)	45	r2	(-5.108108,5.648649)
R7	(-1,1)	46	r2	(-5.432432,6.594595)
R7	(-1,1)	47	r2	(-5.756757,7.540541)
R7	(-1,1)	48	r2	(-6.081081,8.486486)
R7	(-1,1)	49	r2	(-6.405405,9.432432)
R7	(-1,1)	50	r2	(-6.729730,10.378378)
R7	(-1,1)	51	r2	(-4.162162,5.972973)
R7	(-1,1)	52	r2	(-4.486486,6.918919)
R7	(-1,1)	53	r2	(-4.810811,7.864865)
R7	(-1,1)	54	r2	(-5.135135,8.810811)
R7	(-1,1)	55	r2	(-5.459459,9.756757)
R7	(-1,1)	56	r2	(-5.783784,10.702703)
R7	(-1,1)	57	r2	(-3.216216,6.297297)
R7	(-1,1)	58	r2	(-3.540541,7.243243)
R7	(-1,1)	59	r2	(-3.864865,8.189189)
R7	(-1,1)	60	r2	(-4.189189,9.135135)
R7	(-1,1)	61	r2	(-4.513514,10.081081)
R7	(-1,1)	62	r2	(-4.837838,11.027027)
R7	(-1,1)	63	r2	(-2.270270,6.621622)
R7	(-1,1)	64	r2	(-2.594595,7.567568)
R7	(-1,1)	65	r2	(-2.918919,8.513514)
R7	(-1,1)	66	r2	(-3.243243,9.459459)
R7	(-1,1)	67	r2	(-3.567568,10.405405)
R7	(-1,1)	68	r2	(-3.891892,11.351351)
R7	(-1,1)	69	r2	(-1.324324,6.945946)
R7	(-1,1)	70	r2	(-1.648649,7.891892)
R7	(-1,1)	71	r2	(-1.972973,8.837838)
R7	(-1,1)	72	r2	(-2.297297,9.783784)
R7	(-1,1)	73	r2	(-2.621622,10.729730)
R7	(-1,1)	74	r2	(-2.945946,11.675676)
R8	(-1,-1)	1	r1	(-5.000000,-7.000000)
R8	(-1,-1)	2	r1	(-5.000000,-6.000000)
R8	(-1,-1)	3	r1	(-5.000000,-5.000000)
R8	(-1,-1)	4	r1	(-5.000000,-4.000000)
R8	(-1,-1)	5	r1	(-5.000000,-3.000000)
R8	(-1,-1)	6	r1	(-5.000000,-2.000000)
R8	(-1,-1)	7	r1	(-5.000000,-1.000000)
R8	(-1,-1)	8	r1	(-4.000000,-6.000000)
R8	(-1,-1)	9	r1	(-4.000000,-5.000000)
R8	(-1,-1)	10	r1	(-4.000000,-4.000000)
R8	(-1,-1)	11	r1	(-4.000000,-3.000000)
R8	(-1,-1)	12	r1	(-4.000000,-2.000000)
R8	(-1,-1)	13	r1	(-4.000000,-1.000000)
R8	(-1,-1)	14	r1	(-3.000000,-6.000000)
R8	(-1,-1)	15	r1	(-3.000000,-5.000000)
R8	(-1,-1)	16	r1	(-3.000000,-4.000000)
R8	(-1,-1)	17	r1	(-3.000000,-3.000000)
R8	(-1,-1)	18	r1	(-3.000000,-2.000000)
R8	(-1,-1)	19	r1	(-3.000000,-1.000000)
R8	(-1,-1)	20	r1	(-2.000000,-6.000000)
R8	(-1,-1)	21	r1	(-2.000000,-5.000000)
R8	(-1,-1)	22	r1	(-2.000000,-4.000000)
R8	(-1,-1)	23	r1	(-2.000000,-3.000000)
R8	(-1,-1)	24	r1	(-2.000000,-2.000000)
R8	(-1,-1)	25	r1	(-2.000000,-1.000000)
R8	(-1,-1)	26	r1	(-1.000000,-6.000000)
R8	(-1,-1)	27	r1	(-1.000000,-5.000000)
R8	(-1,-1)	28	r1	(-1.000000,-4.000000)
R8	(-1,-1)	29	r1	(-1.000000,-3.000000)
R8	(-1,-1)	30	r1	(-1.000000,-2.000000)
R8	(-1,-1)	31	r1	(-1.000000,-1.000000)
R8	(-1,-1)	32	r1	(0.000000,-6.000000)
R8	(-1,-1)	33	r1	(0.000000,-5.000000)
R8	(-1,-1)	34	r1	(0.000000,-4.000000)
R8	(-1,-1)	35	r1	(0.000000,-3.000000)
R8	(-1,-1)	36	r1	(0.000000,-2.000000)
R8	(-1,-1)	37	r1	(0.000000,-1.000000)
R8	(-1,-1)	38	r2	(-5.000000,-7.000000)
R8	(-1,-1)	39	r2	(-4.054054,-6.675676)
R8	(-1,-1)	40	r2	(-4.378378,-5.729730)
R8	(-1,-1)	41	r2	(-4.702703,-4.783784)
R8	(-1,-1)	42	r2	(-5.027027,-3.837838)
R8	(-1,-1)	43	r2	(-5.351351,-2.891892)
R8	(-1,-1)	44	r2	(-5.675676,-1.945946)
R8	(-1,-1)	45	r2	(-3.108108,-6.351351)
R8	(-1,-1)	46	r2	(-3.432432,-5.405405)
R8	(-1,-1)	47	r2	(-3.756757,-4.459459)
R8	(-1,-1)	48	r2	(-4.081081,-3.513514)
R8	(-1,-1)	49	r2	(-4.405405,-2.567568)
R8	(-1,-1)	50	r2	(-4.729730,-1.621622)
R8	(-1,-1)	51	r2	(-2.162162,-6.027027)
R8	(-1,-1)	52	r2	(-2.486486,-5.081081)
R8	(-1,-1)	53	r2	(-2.810811,-4.135135)
R8	(-1,-1)	54	r2	(-3.135135,-3.189189)
R8	(-1,-1)	55	r2	(-3.459459,-2.243243)
R8	(-1,-1)	56	r2	(-3.783784,-1.297297)
R8	(-1,-1)	57	r2	(-1.216216,-5.702703)
R8	(-1,-1)	58	r2	(-1.540541,-4.756757)
R8	(-1,-1)	59	r2	(-1.864865,-3.810811)
R8	(-1,-1)	60	r2	(-2.189189,-2.864865)
R8	(-1,-1)	61	r2	(-2.513514,-1.918919)
R8	(-1,-1)	62	r2	(-2.837838,-0.972973)
R8	(-1,-1)	63	r2	(-0.270270,-5.378378)
R8	(-1,-1)	64	r2	(-0.594595,-4.432432)
R8	(-1,-1)	65	r2	(-0.918919,-3.486486)
R8	(-1,-1)	66	r2	(-1.243243,-2.540541)
R8	(-1,-1)	67	r2	(-1.567568,-1.594595)
R8	(-1,-1)	68	r2	(-1.891892,-0.648649)
R8	(-1,-1)	69	r2	(0.675676,-5.054054)
R8	(-1,-1)	70	r2	(0.351351,-4.108108)
R8	(-1,-1)	71	r2	(0.027027,-3.162162)
R8	(-1,-1)	72	r2	(-0.297297,-2.216216)
R8	(-1,-1)	73	r2	(-0.621622,-1.270270)
R8	(-1,-1)	74	r2	(-0.945946,-0.324324)
R9	(1,-1)	1	r1	(7.000000,-5.000000)
R9	(1,-1)	2	r1	(7.000000,-4.000000)
R9	(1,-1)	3	r1	(7.000000,-3.000000)
R9	(1,-1)	4	r1	(7.000000,-2.000000)
R9	(1,-1)	5	r1	(7.000000,-1.000000)
R9	(1,-1)	6	r1	(7.000000,0.000000)
R9	(1,-1)	7	r1	(7.000000,1.000000)
R9	(1,-1)	8	r1	(8.000000,-4.000000)
R9	(1,-1)	9	r1	(8.000000,-3.000000)
R9	(1,-1)	10	r1	(8.000000,-2.000000)
R9	(1,-1)	11	r1	(8.000000,-1.000000)
R9	(1,-1)	12	r1	(8.000000,0.000000)
R9	(1,-1)	13	r1	(8.000000,1.000000)
R9	(1,-1)	14	r1	(9.000000,-4.000000)
R9	(1,-1)	15	r1	(9.000000,-3.000000)
R9	(1,-1)	16	r1	(9.000000,-2.000000)
R9	(1,-1)	17	r1	(9.000000,-1.000000)
R9	(1,-1)	18	r1	(9.000000,0.000000)
R9	(1,-1)	19	r1	(9.000000,1.000000)
R9	(1,-1)	20	r1	(10.000000,-4.000000)
R9	(1,-1)	21	r1	(10.000000,-3.000000)
R9	(1,-1)	22	r1	(10.000000,-2.000000)
R9	(1,-1)	23	r1	(10.000000,-1.000000)
R9	(1,-1)	24	r1	(10.000000,0.000000)
R9	(1,-1)	25	r1	(10.000000,1.000000)
R9	(1,-1)	26	r1	(11.000000,-4.000000)
R9	(1,-1)	27	r1	(11.000000,-3.000000)
R9	(1,-1)	28	r1	(11.000000,-2.000000)
R9	(1,-1)	29	r1	(11.000000,-1.000000)
R9	(1,-1)	30	r1	(11.000000,0.000000)
R9	(1,-1)	31	r1	(11.000000,1.000000)
R9	(1,-1)	32	r1	(12.000000,-4.000000)
R9	(1,-1)	33	r1	(12.000000,-3.000000)
R9	(1,-1)	34	r1	(12.000000,-2.000000)
R9	(1,-1)	35	r1	(12.000000,-1.000000)
R9	(1,-1)	36	r1	(12.000000,0.000000)
R9	(1,-1)	37	r1	(12.000000,1.000000)
R9	(1,-1)	38	r2	(7.000000,-5.000000)
R9	(1,-1)	39	r2	(7.945946,-4.675676)
R9	(1,-1)	40	r2	(7.621622,-3.729730)
R9	(1,-1)	41	r2	(7.297297,-2.783784)
R9	(1,-1)	42	r2	(6.972973,-1.837838)
R9	(1,-1)	43	r2	(6.648649,-0.891892)
R9	(1,-1)	44	r2	(6.324324,0.054054)
R9	(1,-1)	45	r2	(8.891892,-4.351351)
R9	(1,-1)	46	r2	(8.567568,-3.405405)
R9	(1,-1)	47	r2	(8.243243,-2.459459)
R9	(1,-1)	48	r2	(7.918919,-1.513514)
R9	(1,-1)	49	r2	(7.594595,-0.567568)
R9	(1,-1)	50	r2	(7.270270,0.378378)
R9	(1,-1)	51	r2	(9.837838,-4.027027)
R9	(1,-1)	52	r2	(9.513514,-3.081081)
R9	(1,-1)	53	r2	(9.189189,-2.135135)
R9	(1,-1)	54	r2	(8.864865,-1.189189)
R9	(1,-1)	55	r2	(8.540541,-0.243243)
R9	(1,-1)	56	r2	(8.216216,0.702703)
R9	(1,-1)	57	r2	(10.783784,-3.702703)
R9	(1,-1)	58	r2	(10.459459,-2.756757)
R9	(1,-1)	59	r2	(10.135135,-1.810811)
R9	(1,-1)	60	r2	(9.810811,-0.864865)
R9	(1,-1)	61	r2	(9.486486,0.081081)
R9	(1,-1)	62	r2	(9.162162,1.027027)
R9	(1,-1)	63	r2	(11.729730,-3.378378)
R9	(1,-1)	64	r2	(11.405405,-2.432432)
R9	(1,-1)	65	r2	(11.081081,-1.486486)
R9	(1,-1)	66	r2	(10.756757,-0.540541)
R9	(1,-1)	67	r2	(10.432432,0.405405)
R9	(1,-1)	68	r2	(10.108108,1.351351)
R9	(1,-1)	69	r2	(12.675676,-3.054054)
R9	(1,-1)	70	r2	(12.351351,-2.108108)
R9	(1,-1)	71	r2	(12.027027,-1.162162)
R9	(1,-1)	72	r2	(11.702703,-0.216216)
R9	(1,-1)	73	r2	(11.378378,0.729730)
R9	(1,-1)	74	r2	(11.054054,1.675676)
