R1	(0,0)	1	r1	(0.000000,0.000000)
R1	(0,0)	2	r1	(0.000000,1.000000)
R1	(0,0)	3	r1	(0.000000,2.000000)
R1	(0,0)	4	r1	(0.000000,3.000000)
R1	(0,0)	5	r1	(0.000000,4.000000)
R1	(0,0)	6	r1	(0.000000,5.000000)
R1	(0,0)	7	r1	(1.000000,1.000000)
R1	(0,0)	8	r1	(1.000000,2.000000)
R1	(0,0)	9	r1	(1.000000,3.000000)
R1	(0,0)	10	r1	(1.000000,4.000000)
R1	(0,0)	11	r1	(1.000000,5.000000)
R1	(0,0)	12	r1	(2.000000,1.000000)
R1	(0,0)	13	r1	(2.000000,2.000000)
R1	(0,0)	14	r1	(2.000000,3.000000)
R1	(0,0)	15	r1	(2.000000,4.000000)
R1	(0,0)	16	r1	(2.000000,5.000000)
R1	(0,0)	17	r1	(3.000000,1.000000)
R1	(0,0)	18	r1	(3.000000,2.000000)
R1	(0,0)	19	r1	(3.000000,3.000000)
R1	(0,0)	20	r1	(3.000000,4.000000)
R1	(0,0)	21	r1	(3.000000,5.000000)
R1	(0,0)	22	r1	(4.000000,1.000000)
R1	(0,0)	23	r1	(4.000000,2.000000)
R1	(0,0)	24	r1	(4.000000,3.000000)
R1	(0,0)	25	r1	(4.000000,4.000000)
R1	(0,0)	26	r1	(4.000000,5.000000)
R1	(0,0)	27	r2	(0.000000,0.000000)
R1	(0,0)	28	r2	(0.923077,0.384615)
R1	(0,0)	29	r2	(0.538462,1.307692)
R1	(0,0)	30	r2	(0.153846,2.230769)
R1	(0,0)	31	r2	(-0.230769,3.153846)
R1	(0,0)	32	r2	(-0.615385,4.076923)
R1	(0,0)	33	r2	(1.846154,0.769231)
R1	(0,0)	34	r2	(1.461538,1.692308)
R1	(0,0)	35	r2	(1.076923,2.615385)
R1	(0,0)	36	r2	(0.692308,3.538462)
R1	(0,0)	37	r2	(0.307692,4.461538)
R1	(0,0)	38	r2	(2.769231,1.153846)
R1	(0,0)	39	r2	(2.384615,2.076923)
R1	(0,0)	40	r2	(2.000000,3.000000)
R1	(0,0)	41	r2	(1.615385,3.923077)
R1	(0,0)	42	r2	(1.230769,4.846154)
R1	(0,0)	43	r2	(3.692308,1.538462)
R1	(0,0)	44	r2	(3.307692,2.461538)
R1	(0,0)	45	r2	(2.923077,3.384615)
R1	(0,0)	46	r2	(2.538462,4.307692)
R1	(0,0)	47	r2	(2.153846,5.230769)
R1	(0,0)	48	r2	(4.615385,1.923077)
R1	(0,0)	49	r2	(4.230769,2.846154)
R1	(0,0)	50	r2	(3.846154,3.769231)
R1	(0,0)	51	r2	(3.461538,4.692308)
R1	(0,0)	52	r2	(3.076923,5.615385)
R2	(1,0)	1	r1	(5.000000,1.000000)
R2	(1,0)	2	r1	(5.000000,2.000000)
R2	(1,0)	3	r1	(5.000000,3.000000)
R2	(1,0)	4	r1	(5.000000,4.000000)
R2	(1,0)	5	r1	(5.000000,5.000000)
R2	(1,0)	6	r1	(5.000000,6.000000)
R2	(1,0)	7	r1	(6.000000,2.000000)
R2	(1,0)	8	r1	(6.000000,3.000000)
R2	(1,0)	9	r1	(6.000000,4.000000)
R2	(1,0)	10	r1	(6.000000,5.000000)
R2	(1,0)	11	r1	(6.000000,6.000000)
R2	(1,0)	12	r1	(7.000000,2.000000)
R2	(1,0)	13	r1	(7.000000,3.000000)
R2	(1,0)	14	r1	(7.000000,4.000000)
R2	(1,0)	15	r1	(7.000000,5.000000)
R2	(1,0)	16	r1	(7.000000,6.000000)
R2	(1,0)	17	r1	(8.000000,2.000000)
R2	(1,0)	18	r1	(8.000000,3.000000)
R2	(1,0)	19	r1	(8.000000,4.000000)
R2	(1,0)	20	r1	(8.000000,5.000000)
R2	(1,0)	21	r1	(8.000000,6.000000)
R2	(1,0)	22	r1	(9.000000,2.000000)
R2	(1,0)	23	r1	(9.000000,3.000000)
R2	(1,0)	24	r1	(9.000000,4.000000)
R2	(1,0)	25	r1	(9.000000,5.000000)
R2	(1,0)	26	r1	(9.000000,6.000000)
R2	(1,0)	27	r2	(5.000000,1.000000)
R2	(1,0)	28	r2	(5.923077,1.384615)
R2	(1,0)	29	r2	(5.538462,2.307692)
R2	(1,0)	30	r2	(5.153846,3.230769)
R2	(1,0)	31	r2	(4.769231,4.153846)
R2	(1,0)	32	r2	(4.384615,5.076923)
R2	(1,0)	33	r2	(6.846154,1.769231)
R2	(1,0)	34	r2	(6.461538,2.692308)
R2	(1,0)	35	r2	(6.076923,3.615385)
R2	(1,0)	36	r2	(5.692308,4.538462)
R2	(1,0)	37	r2	(5.307692,5.461538)
R2	(1,0)	38	r2	(7.769231,2.153846)
R2	(1,0)	39	r2	(7.384615,3.076923)
R2	(1,0)	40	r2	(7.000000,4.000000)
R2	(1,0)	41	r2	(6.615385,4.923077)
R2	(1,0)	42	r2	(6.230769,5.846154)
R2	(1,0)	43	r2	(8.692308,2.538462)
R2	(1,0)	44	r2	(8.307692,3.461538)
R2	(1,0)	45	r2	(7.923077,4.384615)
R2	(1,0)	46	r2	(7.538462,5.307692)
R2	(1,0)	47	r2	(7.153846,6.230769)
R2	(1,0)	48	r2	(9.615385,2.923077)
R2	(1,0)	49	r2	(9.230769,3.846154)
R2	(1,0)	50	r2	(8.846154,4.769231)
R2	(1,0)	51	r2	(8.461538,5.692308)
R2	(1,0)	52	r2	(8.076923,6.615385)
R3	(-1,0)	1	r1	(-5.000000,-1.000000)
R3	(-1,0)	2	r1	(-5.000000,0.000000)
R3	(-1,0)	3	r1	(-5.000000,1.000000)
R3	(-1,0)	4	r1	(-5.000000,2.000000)
R3	(-1,0)	5	r1	(-5.000000,3.000000)
R3	(-1,0)	6	r1	(-5.000000,4.000000)
R3	(-1,0)	7	r1	(-4.000000,0.000000)
R3	(-1,0)	8	r1	(-4.000000,1.000000)
R3	(-1,0)	9	r1	(-4.000000,2.000000)
R3	(-1,0)	10	r1	(-4.000000,3.000000)
R3	(-1,0)	11	r1	(-4.000000,4.000000)
R3	(-1,0)	12	r1	(-3.000000,0.000000)
R3	(-1,0)	13	r1	(-3.000000,1.000000)
R3	(-1,0)	14	r1	(-3.000000,2.000000)
R3	(-1,0)	15	r1	(-3.000000,3.000000)
R3	(-1,0)	16	r1	(-3.000000,4.000000)
R3	(-1,0)	17	r1	(-2.000000,0.000000)
R3	(-1,0)	18	r1	(-2.000000,1.000000)
R3	(-1,0)	19	r1	(-2.000000,2.000000)
R3	(-1,0)	20	r1	(-2.000000,3.000000)
R3	(-1,0)	21	r1	(-2.000000,4.000000)
R3	(-1,0)	22	r1	(-1.000000,0.000000)
R3	(-1,0)	23	r1	(-1.000000,1.000000)
R3	(-1,0)	24	r1	(-1.000000,2.000000)
R3	(-1,0)	25	r1	(-1.000000,3.000000)
R3	(-1,0)	26	r1	(-1.000000,4.000000)
R3	(-1,0)	27	r2	(-5.000000,-1.000000)
R3	(-1,0)	28	r2	(-4.076923,-0.615385)
R3	(-1,0)	29	r2	(-4.461538,0.307692)
R3	(-1,0)	30	r2	(-4.846154,1.230769)
R3	(-1,0)	31	r2	(-5.230769,2.153846)
R3	(-1,0)	32	r2	(-5.615385,3.076923)
R3	(-1,0)	33	r2	(-3.153846,-0.230769)
R3	(-1,0)	34	r2	(-3.538462,0.692308)
R3	(-1,0)	35	r2	(-3.923077,1.615385)
R3	(-1,0)	36	r2	(-4.307692,2.538462)
R3	(-1,0)	37	r2	(-4.692308,3.461538)
R3	(-1,0)	38	r2	(-2.230769,0.153846)
R3	(-1,0)	39	r2	(-2.615385,1.076923)
R3	(-1,0)	40	r2	(-3.000000,2.000000)
R3	(-1,0)	41	r2	(-3.384615,2.923077)
R3	(-1,0)	42	r2	(-3.769231,3.846154)
R3	(-1,0)	43	r2	(-1.307692,0.538462)
R3	(-1,0)	44	r2	(-1.692308,1.461538)
R3	(-1,0)	45	r2	(-2.076923,2.384615)
R3	(-1,0)	46	r2	(-2.461538,3.307692)
R3	(-1,0)	47	r2	(-2.846154,4.230769)
R3	(-1,0)	48	r2	(-0.384615,0.923077)
R3	(-1,0)	49	r2	(-0.769231,1.846154)
R3	(-1,0)	50	r2	(-1.153846,2.769231)
R3	(-1,0)	51	r2	(-1.538462,3.692308)
R3	(-1,0)	52	r2	(-1.923077,4.615385)
R4	(0,1)	1	r1	(-1.000000,5.000000)
R4	(0,1)	2	r1	(-1.000000,6.000000)
R4	(0,1)	3	r1	(-1.000000,7.000000)
R4	(0,1)	4	r1	(-1.000000,8.000000)
R4	(0,1)	5	r1	(-1.000000,9.000000)
R4	(0,1)	6	r1	(-1.000000,10.000000)
R4	(0,1)	7	r1	(0.000000,6.000000)
R4	(0,1)	8	r1	(0.000000,7.000000)
R4	(0,1)	9	r1	(0.000000,8.000000)
R4	(0,1)	10	r1	(0.000000,9.000000)
R4	(0,1)	11	r1	(0.000000,10.000000)
R4	(0,1)	12	r1	(1.000000,6.000000)
R4	(0,1)	13	r1	(1.000000,7.000000)
R4	(0,1)	14	r1	(1.000000,8.000000)
R4	(0,1)	15	r1	(1.000000,9.000000)
R4	(0,1)	16	r1	(1.000000,10.000000)
R4	(0,1)	17	r1	(2.000000,6.000000)
R4	(0,1)	18	r1	(2.000000,7.000000)
R4	(0,1)	19	r1	(2.000000,8.000000)
R4	(0,1)	20	r1	(2.000000,9.000000)
R4	(0,1)	21	r1	(2.000000,10.000000)
R4	(0,1)	22	r1	(3.000000,6.000000)
R4	(0,1)	23	r1	(3.000000,7.000000)
R4	(0,1)	24	r1	(3.000000,8.000000)
R4	(0,1)	25	r1	(3.000000,9.000000)
R4	(0,1)	26	r1	(3.000000,10.000000)
R4	(0,1)	27	r2	(-1.000000,5.000000)
R4	(0,1)	28	r2	(-0.076923,5.384615)
R4	(0,1)	29	r2	(-0.461538,6.307692)
R4	(0,1)	30	r2	(-0.846154,7.230769)
R4	(0,1)	31	r2	(-1.230769,8.153846)
R4	(0,1)	32	r2	(-1.615385,9.076923)
R4	(0,1)	33	r2	(0.846154,5.769231)
R4	(0,1)	34	r2	(0.461538,6.692308)
R4	(0,1)	35	r2	(0.076923,7.615385)
R4	(0,1)	36	r2	(-0.307692,8.538462)
R4	(0,1)	37	r2	(-0.692308,9.461538)
R4	(0,1)	38	r2	(1.769231,6.153846)
R4	(0,1)	39	r2	(1.384615,7.076923)
R4	(0,1)	40	r2	(1.000000,8.000000)
R4	(0,1)	41	r2	(0.615385,8.923077)
R4	(0,1)	42	r2	(0.230769,9.846154)
R4	(0,1)	43	r2	(2.692308,6.538462)
R4	(0,1)	44	r2	(2.307692,7.461538)
R4	(0,1)	45	r2	(1.923077,8.384615)
R4	(0,1)	46	r2	(1.538462,9.307692)
R4	(0,1)	47	r2	(1.153846,10.230769)
R4	(0,1)	48	r2	(3.615385,6.923077)
R4	(0,1)	49	r2	(3.230769,7.846154)
R4	(0,1)	50	r2	(2.846154,8.769231)
R4	(0,1)	51	r2	(2.461538,9.692308)
R4	(0,1)	52	r2	(2.076923,10.615385)
R5	(0,-1)	1	r1	(1.000000,-5.000000)
R5	(0,-1)	2	r1	(1.000000,-4.000000)
R5	(0,-1)	3	r1	(1.000000,-3.000000)
R5	(0,-1)	4	r1	(1.000000,-2.000000)
R5	(0,-1)	5	r1	(1.000000,-1.000000)
R5	(0,-1)	6	r1	(1.000000,0.000000)
R5	(0,-1)	7	r1	(2.000000,-4.000000)
R5	(0,-1)	8	r1	(2.000000,-3.000000)
R5	(0,-1)	9	r1	(2.000000,-2.000000)
R5	(0,-1)	10	r1	(2.000000,-1.000000)
R5	(0,-1)	11	r1	(2.000000,0.000000)
R5	(0,-1)	12	r1	(3.000000,-4.000000)
R5	(0,-1)	13	r1	(3.000000,-3.000000)
R5	(0,-1)	14	r1	(3.000000,-2.000000)
R5	(0,-1)	15	r1	(3.000000,-1.000000)
R5	(0,-1)	16	r1	(3.000000,0.000000)
R5	(0,-1)	17	r1	(4.000000,-4.000000)
R5	(0,-1)	18	r1	(4.000000,-3.000000)
R5	(0,-1)	19	r1	(4.000000,-2.000000)
R5	(0,-1)	20	r1	(4.000000,-1.000000)
R5	(0,-1)	21	r1	(4.000000,0.000000)
R5	(0,-1)	22	r1	(5.000000,-4.000000)
R5	(0,-1)	23	r1	(5.000000,-3.000000)
R5	(0,-1)	24	r1	(5.000000,-2.000000)
R5	(0,-1)	25	r1	(5.000000,-1.000000)
R5	(0,-1)	26	r1	(5.000000,0.000000)
R5	(0,-1)	27	r2	(1.000000,-5.000000)
R5	(0,-1)	28	r2	(1.923077,-4.615385)
R5	(0,-1)	29	r2	(1.538462,-3.692308)
R5	(0,-1)	30	r2	(1.153846,-2.769231)
R5	(0,-1)	31	r2	(0.769231,-1.846154)
R5	(0,-1)	32	r2	(0.384615,-0.923077)
R5	(0,-1)	33	r2	(2.846154,-4.230769)
R5	(0,-1)	34	r2	(2.461538,-3.307692)
R5	(0,-1)	35	r2	(2.076923,-2.384615)
R5	(0,-1)	36	r2	(1.692308,-1.461538)
R5	(0,-1)	37	r2	(1.307692,-0.538462)
R5	(0,-1)	38	r2	(3.769231,-3.846154)
R5	(0,-1)	39	r2	(3.384615,-2.923077)
R5	(0,-1)	40	r2	(3.000000,-2.000000)
R5	(0,-1)	41	r2	(2.615385,-1.076923)
R5	(0,-1)	42	r2	(2.230769,-0.153846)
R5	(0,-1)	43	r2	(4.692308,-3.461538)
R5	(0,-1)	44	r2	(4.307692,-2.538462)
R5	(0,-1)	45	r2	(3.923077,-1.615385)
R5	(0,-1)	46	r2	(3.538462,-0.692308)
R5	(0,-1)	47	r2	(3.153846,0.230769)
R5	(0,-1)	48	r2	(5.615385,-3.076923)
R5	(0,-1)	49	r2	(5.230769,-2.153846)
R5	(0,-1)	50	r2	(4.846154,-1.230769)
R5	(0,-1)	51	r2	(4.461538,-0.307692)
R5	(0,-1)	52	r2	(4.076923,0.615385)
R6	(1,1)	1	r1	(4.000000,6.000000)
R6	(1,1)	2	r1	(4.000000,7.000000)
R6	(1,1)	3	r1	(4.000000,8.000000)
R6	(1,1)	4	r1	(4.000000,9.000000)
R6	(1,1)	5	r1	(4.000000,10.000000)
R6	(1,1)	6	r1	(4.000000,11.000000)
R6	(1,1)	7	r1	(5.000000,7.000000)
R6	(1,1)	8	r1	(5.000000,8.000000)
R6	(1,1)	9	r1	(5.000000,9.000000)
R6	(1,1)	10	r1	(5.000000,10.000000)
R6	(1,1)	11	r1	(5.000000,11.000000)
R6	(1,1)	12	r1	(6.000000,7.000000)
R6	(1,1)	13	r1	(6.000000,8.000000)
R6	(1,1)	14	r1	(6.000000,9.000000)
R6	(1,1)	15	r1	(6.000000,10.000000)
R6	(1,1)	16	r1	(6.000000,11.000000)
R6	(1,1)	17	r1	(7.000000,7.000000)
R6	(1,1)	18	r1	(7.000000,8.000000)
R6	(1,1)	19	r1	(7.000000,9.000000)
R6	(1,1)	20	r1	(7.000000,10.000000)
R6	(1,1)	21	r1	(7.000000,11.000000)
R6	(1,1)	22	r1	(8.000000,7.000000)
R6	(1,1)	23	r1	(8.000000,8.000000)
R6	(1,1)	24	r1	(8.000000,9.000000)
R6	(1,1)	25	r1	(8.000000,10.000000)
R6	(1,1)	26	r1	(8.000000,11.000000)
R6	(1,1)	27	r2	(4.000000,6.000000)
R6	(1,1)	28	r2	(4.923077,6.384615)
R6	(1,1)	29	r2	(4.538462,7.307692)
R6	(1,1)	30	r2	(4.153846,8.230769)
R6	(1,1)	31	r2	(3.769231,9.153846)
R6	(1,1)	32	r2	(3.384615,10.076923)
R6	(1,1)	33	r2	(5.846154,6.769231)
R6	(1,1)	34	r2	(5.461538,7.692308)
R6	(1,1)	35	r2	(5.076923,8.615385)
R6	(1,1)	36	r2	(4.692308,9.538462)
R6	(1,1)	37	r2	(4.307692,10.461538)
R6	(1,1)	38	r2	(6.769231,7.153846)
R6	(1,1)	39	r2	(6.384615,8.076923)
R6	(1,1)	40	r2	(6.000000,9.000000)
R6	(1,1)	41	r2	(5.615385,9.923077)
R6	(1,1)	42	r2	(5.230769,10.846154)
R6	(1,1)	43	r2	(7.692308,7.538462)
R6	(1,1)	44	r2	(7.307692,8.461538)
R6	(1,1)	45	r2	(6.923077,9.384615)
R6	(1,1)	46	r2	(6.538462,10.307692)
R6	(1,1)	47	r2	(6.153846,11.230769)
R6	(1,1)	48	r2	(8.615385,7.923077)
R6	(1,1)	49	r2	(8.230769,8.846154)
R6	(1,1)	50	r2	(7.846154,9.769231)
R6	(1,1)	51	r2	(7.461538,10.692308)
R6	(1,1)	52	r2	(7.076923,11.615385)
R7	(-1,1)	1	r1	(-6.000000,4.000000)
R7	(-1,1)	2	r1	(-6.000000,5.000000)
R7	(-1,1)	3	r1	(-6.000000,6.000000)
R7	(-1,1)	4	r1	(-6.000000,7.000000)
R7	(-1,1)	5	r1	(-6.000000,8.000000)
R7	(-1,1)	6	r1	(-6.000000,9.000000)
R7	(-1,1)	7	r1	(-5.000000,5.000000)
R7	(-1,1)	8	r1	(-5.000000,6.000000)
R7	(-1,1)	9	r1	(-5.000000,7.000000)
R7	(-1,1)	10	r1	(-5.000000,8.000000)
R7	(-1,1)	11	r1	(-5.000000,9.000000)
R7	(-1,1)	12	r1	(-4.000000,5.000000)
R7	(-1,1)	13	r1	(-4.000000,6.000000)
R7	(-1,1)	14	r1	(-4.000000,7.000000)
R7	(-1,1)	15	r1	(-4.000000,8.000000)
R7	(-1,1)	16	r1	(-4.000000,9.000000)
R7	(-1,1)	17	r1	(-3.000000,5.000000)
R7	(-1,1)	18	r1	(-3.000000,6.000000)
R7	(-1,1)	19	r1	(-3.000000,7.000000)
R7	(-1,1)	20	r1	(-3.000000,8.000000)
R7	(-1,1)	21	r1	(-3.000000,9.000000)
R7	(-1,1)	22	r1	(-2.000000,5.000000)
R7	(-1,1)	23	r1	(-2.000000,6.000000)
R7	(-1,1)	24	r1	(-2.000000,7.000000)
R7	(-1,1)	25	r1	(-2.000000,8.000000)
R7	(-1,1)	26	r1	(-2.000000,9.000000)
R7	(-1,1)	27	r2	(-6.000000,4.000000)
R7	(-1,1)	28	r2	(-5.076923,4.384615)
R7	(-1,1)	29	r2	(-5.461538,5.307692)
R7	(-1,1)	30	r2	(-5.846154,6.230769)
R7	(-1,1)	31	r2	(-6.230769,7.153846)
R7	(-1,1)	32	r2	(-6.615385,8.076923)
R7	(-1,1)	33	r2	(-4.153846,4.769231)
R7	(-1,1)	34	r2	(-4.538462,5.692308)
R7	(-1,1)	35	r2	(-4.923077,6.615385)
R7	(-1,1)	36	r2	(-5.307692,7.538462)
R7	(-1,1)	37	r2	(-5.692308,8.461538)
R7	(-1,1)	38	r2	(-3.230769,5.153846)
R7	(-1,1)	39	r2	(-3.615385,6.076923)
R7	(-1,1)	40	r2	(-4.000000,7.000000)
R7	(-1,1)	41	r2	(-4.384615,7.923077)
R7	(-1,1)	42	r2	(-4.769231,8.846154)
R7	(-1,1)	43	r2	(-2.307692,5.538462)
R7	(-1,1)	44	r2	(-2.692308,6.461538)
R7	(-1,1)	45	r2	(-3.076923,7.384615)
R7	(-1,1)	46	r2	(-3.461538,8.307692)
R7	(-1,1)	47	r2	(-3.846154,9.230769)
R7	(-1,1)	48	r2	(-1.384615,5.923077)
R7	(-1,1)	49	r2	(-1.769231,6.846154)
R7	(-1,1)	50	r2	(-2.153846,7.769231)
R7	(-1,1)	51	r2	(-2.538462,8.692308)
R7	(-1,1)	52	r2	(-2.923077,9.615385)
R8	(-1,-1)	1	r1	(-4.000000,-6.000000)
R8	(-1,-1)	2	r1	(-4.000000,-5.000000)
R8	(-1,-1)	3	r1	(-4.000000,-4.000000)
R8	(-1,-1)	4	r1	(-4.000000,-3.000000)
R8	(-1,-1)	5	r1	(-4.000000,-2.000000)
R8	(-1,-1)	6	r1	(-4.000000,-1.000000)
R8	(-1,-1)	7	r1	(-3.000000,-5.000000)
R8	(-1,-1)	8	r1	(-3.000000,-4.000000)
R8	(-1,-1)	9	r1	(-3.000000,-3.000000)
R8	(-1,-1)	10	r1	(-3.000000,-2.000000)
R8	(-1,-1)	11	r1	(-3.000000,-1.000000)
R8	(-1,-1)	12	r1	(-2.000000,-5.000000)
R8	(-1,-1)	13	r1	(-2.000000,-4.000000)
R8	(-1,-1)	14	r1	(-2.000000,-3.000000)
R8	(-1,-1)	15	r1	(-2.000000,-2.000000)
R8	(-1,-1)	16	r1	(-2.000000,-1.000000)
R8	(-1,-1)	17	r1	(-1.000000,-5.000000)
R8	(-1,-1)	18	r1	(-1.000000,-4.000000)
R8	(-1,-1)	19	r1	(-1.000000,-3.000000)
R8	(-1,-1)	20	r1	(-1.000000,-2.000000)
R8	(-1,-1)	21	r1	(-1.000000,-1.000000)
R8	(-1,-1)	22	r1	(0.000000,-5.000000)
R8	(-1,-1)	23	r1	(0.000000,-4.000000)
R8	(-1,-1)	24	r1	(0.000000,-3.000000)
R8	(-1,-1)	25	r1	(0.000000,-2.000000)
R8	(-1,-1)	26	r1	(0.000000,-1.000000)
R8	(-1,-1)	27	r2	(-4.000000,-6.000000)
R8	(-1,-1)	28	r2	(-3.076923,-5.615385)
R8	(-1,-1)	29	r2	(-3.461538,-4.692308)
R8	(-1,-1)	30	r2	(-3.846154,-3.769231)
R8	(-1,-1)	31	r2	(-4.230769,-2.846154)
R8	(-1,-1)	32	r2	(-4.615385,-1.923077)
R8	(-1,-1)	33	r2	(-2.153846,-5.230769)
R8	(-1,-1)	34	r2	(-2.538462,-4.307692)
R8	(-1,-1)	35	r2	(-2.923077,-3.384615)
R8	(-1,-1)	36	r2	(-3.307692,-2.461538)
R8	(-1,-1)	37	r2	(-3.692308,-1.538462)
R8	(-1,-1)	38	r2	(-1.230769,-4.846154)
R8	(-1,-1)	39	r2	(-1.615385,-3.923077)
R8	(-1,-1)	40	r2	(-2.000000,-3.000000)
R8	(-1,-1)	41	r2	(-2.384615,-2.076923)
R8	(-1,-1)	42	r2	(-2.769231,-1.153846)
R8	(-1,-1)	43	r2	(-0.307692,-4.461538)
R8	(-1,-1)	44	r2	(-0.692308,-3.538462)
R8	(-1,-1)	45	r2	(-1.076923,-2.615385)
R8	(-1,-1)	46	r2	(-1.461538,-1.692308)
R8	(-1,-1)	47	r2	(-1.846154,-0.769231)
R8	(-1,-1)	48	r2	(0.615385,-4.076923)
R8	(-1,-1)	49	r2	(0.230769,-3.153846)
R8	(-1,-1)	50	r2	(-0.153846,-2.230769)
R8	(-1,-1)	51	r2	(-0.538462,-1.307692)
R8	(-1,-1)	52	r2	(-0.923077,-0.384615)
R9	(1,-1)	1	r1	(6.000000,-4.000000)
R9	(1,-1)	2	r1	(6.000000,-3.000000)
R9	(1,-1)	3	r1	(6.000000,-2.000000)
R9	(1,-1)	4	r1	(6.000000,-1.000000)
R9	(1,-1)	5	r1	(6.000000,0.000000)
R9	(1,-1)	6	r1	(6.000000,1.000000)
R9	(1,-1)	7	r1	(7.000000,-3.000000)
R9	(1,-1)	8	r1	(7.000000,-2.000000)
R9	(1,-1)	9	r1	(7.000000,-1.000000)
R9	(1,-1)	10	r1	(7.000000,0.000000)
R9	(1,-1)	11	r1	(7.000000,1.000000)
R9	(1,-1)	12	r1	(8.000000,-3.000000)
R9	(1,-1)	13	r1	(8.000000,-2.000000)
R9	(1,-1)	14	r1	(8.000000,-1.000000)
R9	(1,-1)	15	r1	(8.000000,0.000000)
R9	(1,-1)	16	r1	(8.000000,1.000000)
R9	(1,-1)	17	r1	(9.000000,-3.000000)
R9	(1,-1)	18	r1	(9.000000,-2.000000)
R9	(1,-1)	19	r1	(9.000000,-1.000000)
R9	(1,-1)	20	r1	(9.000000,0.000000)
R9	(1,-1)	21	r1	(9.000000,1.000000)
R9	(1,-1)	22	r1	(10.000000,-3.000000)
R9	(1,-1)	23	r1	(10.000000,-2.000000)
R9	(1,-1)	24	r1	(10.000000,-1.000000)
R9	(1,-1)	25	r1	(10.000000,0.000000)
R9	(1,-1)	26	r1	(10.000000,1.000000)
R9	(1,-1)	27	r2	(6.000000,-4.000000)
R9	(1,-1)	28	r2	(6.923077,-3.615385)
R9	(1,-1)	29	r2	(6.538462,-2.692308)
R9	(1,-1)	30	r2	(6.153846,-1.769231)
R9	(1,-1)	31	r2	(5.769231,-0.846154)
R9	(1,-1)	32	r2	(5.384615,0.076923)
R9	(1,-1)	33	r2	(7.846154,-3.230769)
R9	(1,-1)	34	r2	(7.461538,-2.307692)
R9	(1,-1)	35	r2	(7.076923,-1.384615)
R9	(1,-1)	36	r2	(6.692308,-0.461538)
R9	(1,-1)	37	r2	(6.307692,0.461538)
R9	(1,-1)	38	r2	(8.769231,-2.846154)
R9	(1,-1)	39	r2	(8.384615,-1.923077)
R9	(1,-1)	40	r2	(8.000000,-1.000000)
R9	(1,-1)	41	r2	(7.615385,-0.076923)
R9	(1,-1)	42	r2	(7.230769,0.846154)
R9	(1,-1)	43	r2	(9.692308,-2.461538)
R9	(1,-1)	44	r2	(9.307692,-1.538462)
R9	(1,-1)	45	r2	(8.923077,-0.615385)
R9	(1,-1)	46	r2	(8.538462,0.307692)
R9	(1,-1)	47	r2	(8.153846,1.230769)
R9	(1,-1)	48	r2	(10.615385,-2.076923)
R9	(1,-1)	49	r2	(10.230769,-1.153846)
R9	(1,-1)	50	r2	(9.846154,-0.230769)
R9	(1,-1)	51	r2	(9.461538,0.692308)
R9	(1,-1)	52	r2	(9.076923,1.615385)
