SINGLE-ORBITAL NN+NNN EFFECTIVE MODEL FIT

m=2
eon=0.0
t0=1.0
l_decay=0.75
dl=0.1
pairing=./m=2/pairing.txt
microscopic_orbitals=10

E_eff(k) = eps0 + 2*t1[cos(k.u1)+cos(k.u2)] + 4*t2*cos(k.u1)*cos(k.u2)

eps0     = -1.03899739435822e+01
t1       = -2.50076611492008e+00
t2       = -7.11618314864247e-01

RMSE=6.71183567688141e-01
MAE=5.77719519332704e-01
max_abs_error=1.34512615717610e+00
optimizer_success=True
optimizer_message=Linear least-squares solution
minimum_tracking_continuity=1.0000000000
mean_tracking_continuity=1.0000000000

# k_index idx continuity target fit\n    0    0 1.0000000000 -2.2584863387e+01 -2.3239511663e+01\n    1    0 1.0000000000 -2.2581697333e+01 -2.3235560525e+01\n    2    0 1.0000000000 -2.2572201821e+01 -2.3223711089e+01\n    3    0 1.0000000000 -2.2556384799e+01 -2.3203975286e+01\n    4    0 1.0000000000 -2.2534259499e+01 -2.3176372990e+01\n    5    0 1.0000000000 -2.2505844429e+01 -2.3140931992e+01\n    6    0 1.0000000000 -2.2471163346e+01 -2.3097687980e+01\n    7    0 1.0000000000 -2.2430245229e+01 -2.3046684495e+01\n    8    0 1.0000000000 -2.2383124246e+01 -2.2987972895e+01\n    9    0 1.0000000000 -2.2329839713e+01 -2.2921612297e+01\n   10    0 1.0000000000 -2.2270436048e+01 -2.2847669521e+01\n   11    0 1.0000000000 -2.2204962721e+01 -2.2766219020e+01\n   12    0 1.0000000000 -2.2133474192e+01 -2.2677342808e+01\n   13    0 1.0000000000 -2.2056029851e+01 -2.2581130376e+01\n   14    0 1.0000000000 -2.1972693943e+01 -2.2477678602e+01\n   15    0 1.0000000000 -2.1883535500e+01 -2.2367091654e+01\n   16    0 1.0000000000 -2.1788628251e+01 -2.2249480881e+01\n   17    0 1.0000000000 -2.1688050544e+01 -2.2124964710e+01\n   18    0 1.0000000000 -2.1581885246e+01 -2.1993668517e+01\n   19    0 1.0000000000 -2.1470219650e+01 -2.1855724506e+01\n   20    0 1.0000000000 -2.1353145369e+01 -2.1711271575e+01\n   21    0 1.0000000000 -2.1230758232e+01 -2.1560455176e+01\n   22    0 1.0000000000 -2.1103158164e+01 -2.1403427168e+01\n   23    0 1.0000000000 -2.0970449074e+01 -2.1240345665e+01\n   24    0 1.0000000000 -2.0832738731e+01 -2.1071374877e+01\n   25    0 1.0000000000 -2.0690138632e+01 -2.0896684943e+01\n   26    0 1.0000000000 -2.0542763874e+01 -2.0716451760e+01\n   27    0 1.0000000000 -2.0390733016e+01 -2.0530856808e+01\n   28    0 1.0000000000 -2.0234167939e+01 -2.0340086966e+01\n   29    0 1.0000000000 -2.0073193697e+01 -2.0144334322e+01\n   30    0 1.0000000000 -1.9907938376e+01 -1.9943795984e+01\n   31    0 1.0000000000 -1.9738532933e+01 -1.9738673875e+01\n   32    0 1.0000000000 -1.9565111046e+01 -1.9529174537e+01\n   33    0 1.0000000000 -1.9387808951e+01 -1.9315508918e+01\n   34    0 1.0000000000 -1.9206765282e+01 -1.9097892161e+01\n   35    0 1.0000000000 -1.9022120905e+01 -1.8876543387e+01\n   36    0 1.0000000000 -1.8834018748e+01 -1.8651685476e+01\n   37    0 1.0000000000 -1.8642603632e+01 -1.8423544841e+01\n   38    0 1.0000000000 -1.8448022099e+01 -1.8192351200e+01\n   39    0 1.0000000000 -1.8250422235e+01 -1.7958337345e+01\n   40    0 1.0000000000 -1.8049953496e+01 -1.7721738909e+01\n   41    0 1.0000000000 -1.7846766526e+01 -1.7482794126e+01\n   42    0 1.0000000000 -1.7641012983e+01 -1.7241743593e+01\n   43    0 1.0000000000 -1.7432845353e+01 -1.6998830029e+01\n   44    0 1.0000000000 -1.7222416774e+01 -1.6754298025e+01\n   45    0 1.0000000000 -1.7009880851e+01 -1.6508393805e+01\n   46    0 1.0000000000 -1.6795391477e+01 -1.6261364975e+01\n   47    0 1.0000000000 -1.6579102652e+01 -1.6013460270e+01\n   48    0 1.0000000000 -1.6361168298e+01 -1.5764929310e+01\n   49    0 1.0000000000 -1.6141742088e+01 -1.5516022345e+01\n   50    0 1.0000000000 -1.5920977261e+01 -1.5266990002e+01\n   51    0 1.0000000000 -1.5699026446e+01 -1.5018083037e+01\n   52    0 1.0000000000 -1.5476041491e+01 -1.4769552077e+01\n   53    0 1.0000000000 -1.5252173289e+01 -1.4521647372e+01\n   54    0 1.0000000000 -1.5027571610e+01 -1.4274618541e+01\n   55    0 1.0000000000 -1.4802384934e+01 -1.4028714322e+01\n   56    0 1.0000000000 -1.4576760295e+01 -1.3784182318e+01\n   57    0 1.0000000000 -1.4350843114e+01 -1.3541268753e+01\n   58    0 1.0000000000 -1.4124777059e+01 -1.3300218221e+01\n   59    0 1.0000000000 -1.3898703892e+01 -1.3061273438e+01\n   60    0 1.0000000000 -1.3672763330e+01 -1.2824675002e+01\n   61    0 1.0000000000 -1.3447092916e+01 -1.2590661147e+01\n   62    0 1.0000000000 -1.3221827891e+01 -1.2359467506e+01\n   63    0 1.0000000000 -1.2997101085e+01 -1.2131326871e+01\n   64    0 1.0000000000 -1.2773042805e+01 -1.1906468960e+01\n   65    0 1.0000000000 -1.2549780749e+01 -1.1685120186e+01\n   66    0 1.0000000000 -1.2327439921e+01 -1.1467503429e+01\n   67    0 1.0000000000 -1.2106142570e+01 -1.1253837810e+01\n   68    0 1.0000000000 -1.1886008142e+01 -1.1044338472e+01\n   69    0 1.0000000000 -1.1667153253e+01 -1.0839216363e+01\n   70    0 1.0000000000 -1.1449691684e+01 -1.0638678024e+01\n   71    0 1.0000000000 -1.1233734408e+01 -1.0442925381e+01\n   72    0 1.0000000000 -1.1019389647e+01 -1.0252155539e+01\n   73    0 1.0000000000 -1.0806762967e+01 -1.0066560587e+01\n   74    0 1.0000000000 -1.0595957429e+01 -9.8863274041e+00\n   75    0 1.0000000000 -1.0387073795e+01 -9.7116374696e+00\n   76    0 1.0000000000 -1.0180210814e+01 -9.5426666814e+00\n   77    0 1.0000000000 -9.9754656036e+00 -9.3795851788e+00\n   78    0 1.0000000000 -9.7729341578e+00 -9.2225571710e+00\n   79    0 1.0000000000 -9.5727120235e+00 -9.0717407720e+00\n   80    0 1.0000000000 -9.3748951940e+00 -8.9272878410e+00\n   81    0 1.0000000000 -9.1795813018e+00 -8.7893438299e+00\n   82    0 1.0000000000 -8.9868712207e+00 -8.6580476366e+00\n   83    0 1.0000000000 -8.7968712406e+00 -8.5335314654e+00\n   84    0 1.0000000000 -8.6096960557e+00 -8.4159206933e+00\n   85    0 1.0000000000 -8.4254729338e+00 -8.3053337445e+00\n   86    0 1.0000000000 -8.2443476303e+00 -8.2018819707e+00\n   87    0 1.0000000000 -8.0664929439e+00 -8.1056695390e+00\n   88    0 1.0000000000 -7.8921213552e+00 -8.0167933272e+00\n   89    0 1.0000000000 -7.7215041458e+00 -7.9353428262e+00\n   90    0 1.0000000000 -7.5550010704e+00 -7.8614000496e+00\n   91    0 1.0000000000 -7.3931076907e+00 -7.7950394515e+00\n   92    0 1.0000000000 -7.2365330624e+00 -7.7363278515e+00\n   93    0 1.0000000000 -7.0863307683e+00 -7.6853243672e+00\n   94    0 1.0000000000 -6.9441246440e+00 -7.6420803547e+00\n   95    0 1.0000000000 -6.8124987874e+00 -7.6066393572e+00\n   96    0 1.0000000000 -6.6956410702e+00 -7.5790370606e+00\n   97    0 1.0000000000 -6.6002193027e+00 -7.5593012582e+00\n   98    0 1.0000000000 -6.5358148509e+00 -7.5474518223e+00\n   99    0 1.0000000000 -6.5127372257e+00 -7.5435006841e+00\n  100    0 1.0000000000 -6.5120544058e+00 -7.5424157033e+00\n  101    0 1.0000000000 -6.5100063910e+00 -7.5391618532e+00\n  102    0 1.0000000000 -6.5065945163e+00 -7.5337424102e+00\n  103    0 1.0000000000 -6.5018210045e+00 -7.5261628313e+00\n  104    0 1.0000000000 -6.4956889649e+00 -7.5164307485e+00\n  105    0 1.0000000000 -6.4882023892e+00 -7.5045559611e+00\n  106    0 1.0000000000 -6.4793661478e+00 -7.4905504259e+00\n  107    0 1.0000000000 -6.4691859844e+00 -7.4744282456e+00\n  108    0 1.0000000000 -6.4576685106e+00 -7.4562056535e+00\n  109    0 1.0000000000 -6.4448211981e+00 -7.4359009985e+00\n  110    0 1.0000000000 -6.4306523717e+00 -7.4135347256e+00\n  111    0 1.0000000000 -6.4151712005e+00 -7.3891293556e+00\n  112    0 1.0000000000 -6.3983876880e+00 -7.3627094628e+00\n  113    0 1.0000000000 -6.3803126623e+00 -7.3343016497e+00\n  114    0 1.0000000000 -6.3609577642e+00 -7.3039345206e+00\n  115    0 1.0000000000 -6.3403354360e+00 -7.2716386526e+00\n  116    0 1.0000000000 -6.3184589080e+00 -7.2374465649e+00\n  117    0 1.0000000000 -6.2953421854e+00 -7.2013926860e+00\n  118    0 1.0000000000 -6.2710000335e+00 -7.1635133192e+00\n  119    0 1.0000000000 -6.2454479630e+00 -7.1238466058e+00\n  120    0 1.0000000000 -6.2187022139e+00 -7.0824324868e+00\n  121    0 1.0000000000 -6.1907797392e+00 -7.0393126626e+00\n  122    0 1.0000000000 -6.1616981876e+00 -6.9945305513e+00\n  123    0 1.0000000000 -6.1314758859e+00 -6.9481312447e+00\n  124    0 1.0000000000 -6.1001318203e+00 -6.9001614630e+00\n  125    0 1.0000000000 -6.0676856178e+00 -6.8506695076e+00\n  126    0 1.0000000000 -6.0341575261e+00 -6.7997052128e+00\n  127    0 1.0000000000 -5.9995683944e+00 -6.7473198952e+00\n  128    0 1.0000000000 -5.9639396521e+00 -6.6935663026e+00\n  129    0 1.0000000000 -5.9272932882e+00 -6.6384985600e+00\n  130    0 1.0000000000 -5.8896518301e+00 -6.5821721163e+00\n  131    0 1.0000000000 -5.8510383216e+00 -6.5246436871e+00\n  132    0 1.0000000000 -5.8114763009e+00 -6.4659711989e+00\n  133    0 1.0000000000 -5.7709897786e+00 -6.4062137299e+00\n  134    0 1.0000000000 -5.7296032147e+00 -6.3454314507e+00\n  135    0 1.0000000000 -5.6873414964e+00 -6.2836855639e+00\n  136    0 1.0000000000 -5.6442299150e+00 -6.2210382425e+00\n  137    0 1.0000000000 -5.6002941427e+00 -6.1575525670e+00\n  138    0 1.0000000000 -5.5555602103e+00 -6.0932924620e+00\n  139    0 1.0000000000 -5.5100544839e+00 -6.0283226321e+00\n  140    0 1.0000000000 -5.4638036423e+00 -5.9627084963e+00\n  141    0 1.0000000000 -5.4168346541e+00 -5.8965161226e+00\n  142    0 1.0000000000 -5.3691747559e+00 -5.8298121610e+00\n  143    0 1.0000000000 -5.3208514299e+00 -5.7626637767e+00\n  144    0 1.0000000000 -5.2718923825e+00 -5.6951385826e+00\n  145    0 1.0000000000 -5.2223255229e+00 -5.6273045707e+00\n  146    0 1.0000000000 -5.1721789433e+00 -5.5592300442e+00\n  147    0 1.0000000000 -5.1214808987e+00 -5.4909835483e+00\n  148    0 1.0000000000 -5.0702597882e+00 -5.4226338014e+00\n  149    0 1.0000000000 -5.0185441371e+00 -5.3542496261e+00\n  150    0 1.0000000000 -4.9663625804e+00 -5.2858998792e+00\n  151    0 1.0000000000 -4.9137438473e+00 -5.2176533833e+00\n  152    0 1.0000000000 -4.8607167476e+00 -5.1495788568e+00\n  153    0 1.0000000000 -4.8073101594e+00 -5.0817448449e+00\n  154    0 1.0000000000 -4.7535530193e+00 -5.0142196508e+00\n  155    0 1.0000000000 -4.6994743147e+00 -4.9470712665e+00\n  156    0 1.0000000000 -4.6451030788e+00 -4.8803673049e+00\n  157    0 1.0000000000 -4.5904683889e+00 -4.8141749312e+00\n  158    0 1.0000000000 -4.5355993677e+00 -4.7485607954e+00\n  159    0 1.0000000000 -4.4805251894e+00 -4.6835909655e+00\n  160    0 1.0000000000 -4.4252750901e+00 -4.6193308605e+00\n  161    0 1.0000000000 -4.3698783841e+00 -4.5558451850e+00\n  162    0 1.0000000000 -4.3143644862e+00 -4.4931978635e+00\n  163    0 1.0000000000 -4.2587629425e+00 -4.4314519768e+00\n  164    0 1.0000000000 -4.2031034689e+00 -4.3706696976e+00\n  165    0 1.0000000000 -4.1474160015e+00 -4.3109122286e+00\n  166    0 1.0000000000 -4.0917307586e+00 -4.2522397404e+00\n  167    0 1.0000000000 -4.0360783180e+00 -4.1947113112e+00\n  168    0 1.0000000000 -3.9804897125e+00 -4.1383848674e+00\n  169    0 1.0000000000 -3.9249965468e+00 -4.0833171249e+00\n  170    0 1.0000000000 -3.8696311407e+00 -4.0295635322e+00\n  171    0 1.0000000000 -3.8144267040e+00 -3.9771782147e+00\n  172    0 1.0000000000 -3.7594175509e+00 -3.9262139199e+00\n  173    0 1.0000000000 -3.7046393617e+00 -3.8767219645e+00\n  174    0 1.0000000000 -3.6501295047e+00 -3.8287521828e+00\n  175    0 1.0000000000 -3.5959274315e+00 -3.7823528762e+00\n  176    0 1.0000000000 -3.5420751652e+00 -3.7375707649e+00\n  177    0 1.0000000000 -3.4886179042e+00 -3.6944509407e+00\n  178    0 1.0000000000 -3.4356047742e+00 -3.6530368217e+00\n  179    0 1.0000000000 -3.3830897665e+00 -3.6133701082e+00\n  180    0 1.0000000000 -3.3311329151e+00 -3.5754907414e+00\n  181    0 1.0000000000 -3.2798017804e+00 -3.5394368626e+00\n  182    0 1.0000000000 -3.2291733255e+00 -3.5052447749e+00\n  183    0 1.0000000000 -3.1793362992e+00 -3.4729489069e+00\n  184    0 1.0000000000 -3.1303942682e+00 -3.4425817778e+00\n  185    0 1.0000000000 -3.0824694800e+00 -3.4141739647e+00\n  186    0 1.0000000000 -3.0357077730e+00 -3.3877540719e+00\n  187    0 1.0000000000 -2.9902847831e+00 -3.3633487019e+00\n  188    0 1.0000000000 -2.9464136885e+00 -3.3409824290e+00\n  189    0 1.0000000000 -2.9043546571e+00 -3.3206777739e+00\n  190    0 1.0000000000 -2.8644259019e+00 -3.3024551819e+00\n  191    0 1.0000000000 -2.8270156700e+00 -3.2863330015e+00\n  192    0 1.0000000000 -2.7925933478e+00 -3.2723274664e+00\n  193    0 1.0000000000 -2.7617159127e+00 -3.2604526790e+00\n  194    0 1.0000000000 -2.7350232174e+00 -3.2507205961e+00\n  195    0 1.0000000000 -2.7132129229e+00 -3.2431410172e+00\n  196    0 1.0000000000 -2.6969859277e+00 -3.2377215743e+00\n  197    0 1.0000000000 -2.6869601021e+00 -3.2344677242e+00\n  198    0 1.0000000000 -2.6835663635e+00 -3.2333827434e+00\n  199    0 1.0000000000 -2.6900043879e+00 -3.2355534266e+00\n  200    0 1.0000000000 -2.7096321026e+00 -3.2420719433e+00\n  201    0 1.0000000000 -2.7431560340e+00 -3.2529576537e+00\n  202    0 1.0000000000 -2.7910912185e+00 -3.2682426870e+00\n  203    0 1.0000000000 -2.8531999569e+00 -3.2879717355e+00\n  204    0 1.0000000000 -2.9283726853e+00 -3.3122017679e+00\n  205    0 1.0000000000 -3.0149783876e+00 -3.3410016624e+00\n  206    0 1.0000000000 -3.1113297000e+00 -3.3744517619e+00\n  207    0 1.0000000000 -3.2159757492e+00 -3.4126433524e+00\n  208    0 1.0000000000 -3.3277921966e+00 -3.4556780686e+00\n  209    0 1.0000000000 -3.4459567706e+00 -3.5036672268e+00\n  210    0 1.0000000000 -3.5698873408e+00 -3.5567310903e+00\n  211    0 1.0000000000 -3.6991801153e+00 -3.6149980697e+00\n  212    0 1.0000000000 -3.8335598560e+00 -3.6786038612e+00\n  213    0 1.0000000000 -3.9728430118e+00 -3.7476905274e+00\n  214    0 1.0000000000 -4.1169113420e+00 -3.8224055241e+00\n  215    0 1.0000000000 -4.2656932389e+00 -3.9029006782e+00\n  216    0 1.0000000000 -4.4191504701e+00 -3.9893311205e+00\n  217    0 1.0000000000 -4.5772686731e+00 -4.0818541786e+00\n  218    0 1.0000000000 -4.7400504356e+00 -4.1806282340e+00\n  219    0 1.0000000000 -4.9075101673e+00 -4.2858115507e+00\n  220    0 1.0000000000 -5.0796702179e+00 -4.3975610770e+00\n  221    0 1.0000000000 -5.2565578708e+00 -4.5160312298e+00\n  222    0 1.0000000000 -5.4382029573e+00 -4.6413726640e+00\n  223    0 1.0000000000 -5.6246359159e+00 -4.7737310338e+00\n  224    0 1.0000000000 -5.8158861722e+00 -4.9132457515e+00\n  225    0 1.0000000000 -6.0119807545e+00 -5.0600487488e+00\n  226    0 1.0000000000 -6.2129430830e+00 -5.2142632472e+00\n  227    0 1.0000000000 -6.4187918894e+00 -5.3760025430e+00\n  228    0 1.0000000000 -6.6295402364e+00 -5.5453688108e+00\n  229    0 1.0000000000 -6.8451946149e+00 -5.7224519343e+00\n  230    0 1.0000000000 -7.0657541042e+00 -5.9073283669e+00\n  231    0 1.0000000000 -7.2912095834e+00 -6.1000600286e+00\n  232    0 1.0000000000 -7.5215429886e+00 -6.3006932451e+00\n  233    0 1.0000000000 -7.7567266098e+00 -6.5092577330e+00\n  234    0 1.0000000000 -7.9967224269e+00 -6.7257656368e+00\n  235    0 1.0000000000 -8.2414814813e+00 -6.9502106223e+00\n  236    0 1.0000000000 -8.4909432860e+00 -7.1825670303e+00\n  237    0 1.0000000000 -8.7450352731e+00 -7.4227890962e+00\n  238    0 1.0000000000 -9.0036722808e+00 -7.6708102378e+00\n  239    0 1.0000000000 -9.2667560822e+00 -7.9265424167e+00\n  240    0 1.0000000000 -9.5341749579e+00 -8.1898755761e+00\n  241    0 1.0000000000 -9.8058033146e+00 -8.4606771575e+00\n  242    0 1.0000000000 -1.0081501352e+01 -8.7387917002e+00\n  243    0 1.0000000000 -1.0361114783e+01 -9.0240405265e+00\n  244    0 1.0000000000 -1.0644474602e+01 -9.3162215127e+00\n  245    0 1.0000000000 -1.0931396918e+01 -9.6151089505e+00\n  246    0 1.0000000000 -1.1221682836e+01 -9.9204534981e+00\n  247    0 1.0000000000 -1.1515118404e+01 -1.0231982224e+01\n  248    0 1.0000000000 -1.1811474622e+01 -1.0549398742e+01\n  249    0 1.0000000000 -1.2110507510e+01 -1.0872383440e+01\n  250    0 1.0000000000 -1.2411958245e+01 -1.1200593804e+01\n  251    0 1.0000000000 -1.2715553355e+01 -1.1533664829e+01\n  252    0 1.0000000000 -1.3021004990e+01 -1.1871209528e+01\n  253    0 1.0000000000 -1.3328011246e+01 -1.2212819529e+01\n  254    0 1.0000000000 -1.3636256563e+01 -1.2558065762e+01\n  255    0 1.0000000000 -1.3945412183e+01 -1.2906499234e+01\n  256    0 1.0000000000 -1.4255136674e+01 -1.3257651887e+01\n  257    0 1.0000000000 -1.4565076515e+01 -1.3611037545e+01\n  258    0 1.0000000000 -1.4874866742e+01 -1.3966152936e+01\n  259    0 1.0000000000 -1.5184131657e+01 -1.4322478789e+01\n  260    0 1.0000000000 -1.5492485583e+01 -1.4679481014e+01\n  261    0 1.0000000000 -1.5799533690e+01 -1.5036611942e+01\n  262    0 1.0000000000 -1.6104872856e+01 -1.5393311634e+01\n  263    0 1.0000000000 -1.6408092586e+01 -1.5749009252e+01\n  264    0 1.0000000000 -1.6708775978e+01 -1.6103124488e+01\n  265    0 1.0000000000 -1.7006500720e+01 -1.6455069042e+01\n  266    0 1.0000000000 -1.7300840140e+01 -1.6804248143e+01\n  267    0 1.0000000000 -1.7591364277e+01 -1.7150062124e+01\n  268    0 1.0000000000 -1.7877640990e+01 -1.7491908019e+01\n  269    0 1.0000000000 -1.8159237092e+01 -1.7829181195e+01\n  270    0 1.0000000000 -1.8435719502e+01 -1.8161277016e+01\n  271    0 1.0000000000 -1.8706656419e+01 -1.8487592512e+01\n  272    0 1.0000000000 -1.8971618508e+01 -1.8807528071e+01\n  273    0 1.0000000000 -1.9230180088e+01 -1.9120489134e+01\n  274    0 1.0000000000 -1.9481920336e+01 -1.9425887889e+01\n  275    0 1.0000000000 -1.9726424476e+01 -1.9723144964e+01\n  276    0 1.0000000000 -1.9963284974e+01 -2.0011691102e+01\n  277    0 1.0000000000 -2.0192102714e+01 -2.0290968821e+01\n  278    0 1.0000000000 -2.0412488167e+01 -2.0560434054e+01\n  279    0 1.0000000000 -2.0624062533e+01 -2.0819557752e+01\n  280    0 1.0000000000 -2.0826458865e+01 -2.1067827454e+01\n  281    0 1.0000000000 -2.1019323163e+01 -2.1304748818e+01\n  282    0 1.0000000000 -2.1202315434e+01 -2.1529847101e+01\n  283    0 1.0000000000 -2.1375110718e+01 -2.1742668591e+01\n  284    0 1.0000000000 -2.1537400070e+01 -2.1942781973e+01\n  285    0 1.0000000000 -2.1688891504e+01 -2.2129779643e+01\n  286    0 1.0000000000 -2.1829310880e+01 -2.2303278943e+01\n  287    0 1.0000000000 -2.1958402749e+01 -2.2462923333e+01\n  288    0 1.0000000000 -2.2075931137e+01 -2.2608383480e+01\n  289    0 1.0000000000 -2.2181680273e+01 -2.2739358269e+01\n  290    0 1.0000000000 -2.2275455256e+01 -2.2855575731e+01\n  291    0 1.0000000000 -2.2357082660e+01 -2.2956793875e+01\n  292    0 1.0000000000 -2.2426411075e+01 -2.3042801442e+01\n  293    0 1.0000000000 -2.2483311573e+01 -2.3113418555e+01\n  294    0 1.0000000000 -2.2527678116e+01 -2.3168497272e+01\n  295    0 1.0000000000 -2.2559427885e+01 -2.3207922053e+01\n  296    0 1.0000000000 -2.2578501535e+01 -2.3231610108e+01\n  297    0 1.0000000000 -2.2584863387e+01 -2.3239511663e+01\n