SINGLE-ORBITAL NN+NNN EFFECTIVE MODEL FIT

m=3
eon=0.0
t0=1.0
l_decay=0.75
dl=0.1
pairing=./m=3/pairing.txt
microscopic_orbitals=20

E_eff(k) = eps0 + 2*t1[cos(k.u1)+cos(k.u2)] + 4*t2*cos(k.u1)*cos(k.u2)

eps0     = -1.43190139823773e+01
t1       = -2.13796207730953e+00
t2       = -4.17502935912904e-01

RMSE=8.95958631436020e-01
MAE=7.66708739720636e-01
max_abs_error=1.82631522703173e+00
optimizer_success=True
optimizer_message=Linear least-squares solution
minimum_tracking_continuity=1.0000000000
mean_tracking_continuity=1.0000000000

# k_index idx continuity target fit\n    0    0 1.0000000000 -2.3717221995e+01 -2.4540874035e+01\n    1    0 1.0000000000 -2.3715208084e+01 -2.4537880509e+01\n    2    0 1.0000000000 -2.3709167597e+01 -2.4528902943e+01\n    3    0 1.0000000000 -2.3699104263e+01 -2.4513950377e+01\n    4    0 1.0000000000 -2.3685024293e+01 -2.4493037868e+01\n    5    0 1.0000000000 -2.3666936374e+01 -2.4466186473e+01\n    6    0 1.0000000000 -2.3644851660e+01 -2.4433423228e+01\n    7    0 1.0000000000 -2.3618783759e+01 -2.4394781123e+01\n    8    0 1.0000000000 -2.3588748716e+01 -2.4350299068e+01\n    9    0 1.0000000000 -2.3554765002e+01 -2.4300021853e+01\n   10    0 1.0000000000 -2.3516853489e+01 -2.4244000102e+01\n   11    0 1.0000000000 -2.3475037429e+01 -2.4182290224e+01\n   12    0 1.0000000000 -2.3429342433e+01 -2.4114954357e+01\n   13    0 1.0000000000 -2.3379796437e+01 -2.4042060301e+01\n   14    0 1.0000000000 -2.3326429678e+01 -2.3963681454e+01\n   15    0 1.0000000000 -2.3269274658e+01 -2.3879896739e+01\n   16    0 1.0000000000 -2.3208366113e+01 -2.3790790518e+01\n   17    0 1.0000000000 -2.3143740973e+01 -2.3696452514e+01\n   18    0 1.0000000000 -2.3075438327e+01 -2.3596977717e+01\n   19    0 1.0000000000 -2.3003499376e+01 -2.3492466291e+01\n   20    0 1.0000000000 -2.2927967394e+01 -2.3383023469e+01\n   21    0 1.0000000000 -2.2848887681e+01 -2.3268759451e+01\n   22    0 1.0000000000 -2.2766307516e+01 -2.3149789291e+01\n   23    0 1.0000000000 -2.2680276106e+01 -2.3026232782e+01\n   24    0 1.0000000000 -2.2590844534e+01 -2.2898214335e+01\n   25    0 1.0000000000 -2.2498065710e+01 -2.2765862854e+01\n   26    0 1.0000000000 -2.2401994310e+01 -2.2629311604e+01\n   27    0 1.0000000000 -2.2302686724e+01 -2.2488698083e+01\n   28    0 1.0000000000 -2.2200200992e+01 -2.2344163876e+01\n   29    0 1.0000000000 -2.2094596750e+01 -2.2195854516e+01\n   30    0 1.0000000000 -2.1985935166e+01 -2.2043919339e+01\n   31    0 1.0000000000 -2.1874278874e+01 -2.1888511330e+01\n   32    0 1.0000000000 -2.1759691916e+01 -2.1729786971e+01\n   33    0 1.0000000000 -2.1642239670e+01 -2.1567906086e+01\n   34    0 1.0000000000 -2.1521988788e+01 -2.1403031674e+01\n   35    0 1.0000000000 -2.1399007128e+01 -2.1235329750e+01\n   36    0 1.0000000000 -2.1273363682e+01 -2.1064969175e+01\n   37    0 1.0000000000 -2.1145128511e+01 -2.0892121489e+01\n   38    0 1.0000000000 -2.1014372673e+01 -2.0716960734e+01\n   39    0 1.0000000000 -2.0881168152e+01 -2.0539663281e+01\n   40    0 1.0000000000 -2.0745587784e+01 -2.0360407656e+01\n   41    0 1.0000000000 -2.0607705193e+01 -2.0179374352e+01\n   42    0 1.0000000000 -2.0467594710e+01 -1.9996745655e+01\n   43    0 1.0000000000 -2.0325331305e+01 -1.9812705457e+01\n   44    0 1.0000000000 -2.0180990517e+01 -1.9627439070e+01\n   45    0 1.0000000000 -2.0034648373e+01 -1.9441133043e+01\n   46    0 1.0000000000 -1.9886381326e+01 -1.9253974969e+01\n   47    0 1.0000000000 -1.9736266174e+01 -1.9066153300e+01\n   48    0 1.0000000000 -1.9584379991e+01 -1.8877857158e+01\n   49    0 1.0000000000 -1.9430800058e+01 -1.8689276141e+01\n   50    0 1.0000000000 -1.9275603785e+01 -1.8500600133e+01\n   51    0 1.0000000000 -1.9118868648e+01 -1.8312019116e+01\n   52    0 1.0000000000 -1.8960672113e+01 -1.8123722974e+01\n   53    0 1.0000000000 -1.8801091568e+01 -1.7935901305e+01\n   54    0 1.0000000000 -1.8640204256e+01 -1.7748743231e+01\n   55    0 1.0000000000 -1.8478087206e+01 -1.7562437204e+01\n   56    0 1.0000000000 -1.8314817168e+01 -1.7377170817e+01\n   57    0 1.0000000000 -1.8150470547e+01 -1.7193130619e+01\n   58    0 1.0000000000 -1.7985123336e+01 -1.7010501922e+01\n   59    0 1.0000000000 -1.7818851059e+01 -1.6829468618e+01\n   60    0 1.0000000000 -1.7651728705e+01 -1.6650212993e+01\n   61    0 1.0000000000 -1.7483830671e+01 -1.6472915540e+01\n   62    0 1.0000000000 -1.7315230704e+01 -1.6297754785e+01\n   63    0 1.0000000000 -1.7146001843e+01 -1.6124907099e+01\n   64    0 1.0000000000 -1.6976216366e+01 -1.5954546524e+01\n   65    0 1.0000000000 -1.6805945739e+01 -1.5786844600e+01\n   66    0 1.0000000000 -1.6635260562e+01 -1.5621970188e+01\n   67    0 1.0000000000 -1.6464230529e+01 -1.5460089303e+01\n   68    0 1.0000000000 -1.6292924373e+01 -1.5301364944e+01\n   69    0 1.0000000000 -1.6121409832e+01 -1.5145956935e+01\n   70    0 1.0000000000 -1.5949753604e+01 -1.4994021758e+01\n   71    0 1.0000000000 -1.5778021314e+01 -1.4845712398e+01\n   72    0 1.0000000000 -1.5606277478e+01 -1.4701178191e+01\n   73    0 1.0000000000 -1.5434585478e+01 -1.4560564670e+01\n   74    0 1.0000000000 -1.5263007533e+01 -1.4424013420e+01\n   75    0 1.0000000000 -1.5091604685e+01 -1.4291661939e+01\n   76    0 1.0000000000 -1.4920436781e+01 -1.4163643492e+01\n   77    0 1.0000000000 -1.4749562470e+01 -1.4040086983e+01\n   78    0 1.0000000000 -1.4579039207e+01 -1.3921116823e+01\n   79    0 1.0000000000 -1.4408923266e+01 -1.3806852805e+01\n   80    0 1.0000000000 -1.4239269771e+01 -1.3697409983e+01\n   81    0 1.0000000000 -1.4070132748e+01 -1.3592898557e+01\n   82    0 1.0000000000 -1.3901565199e+01 -1.3493423760e+01\n   83    0 1.0000000000 -1.3733619219e+01 -1.3399085756e+01\n   84    0 1.0000000000 -1.3566346168e+01 -1.3309979535e+01\n   85    0 1.0000000000 -1.3399796917e+01 -1.3226194819e+01\n   86    0 1.0000000000 -1.3234022228e+01 -1.3147815973e+01\n   87    0 1.0000000000 -1.3069073317e+01 -1.3074921917e+01\n   88    0 1.0000000000 -1.2905002734e+01 -1.3007586050e+01\n   89    0 1.0000000000 -1.2741865776e+01 -1.2945876172e+01\n   90    0 1.0000000000 -1.2579722831e+01 -1.2889854421e+01\n   91    0 1.0000000000 -1.2418643462e+01 -1.2839577206e+01\n   92    0 1.0000000000 -1.2258713949e+01 -1.2795095151e+01\n   93    0 1.0000000000 -1.2100052222e+01 -1.2756453046e+01\n   94    0 1.0000000000 -1.1942840240e+01 -1.2723689801e+01\n   95    0 1.0000000000 -1.1787403099e+01 -1.2696838406e+01\n   96    0 1.0000000000 -1.1634436810e+01 -1.2675925897e+01\n   97    0 1.0000000000 -1.1485843576e+01 -1.2660973331e+01\n   98    0 1.0000000000 -1.1349210850e+01 -1.2651995765e+01\n   99    0 1.0000000000 -1.1272664270e+01 -1.2649002239e+01\n  100    0 1.0000000000 -1.1271924110e+01 -1.2647690272e+01\n  101    0 1.0000000000 -1.1269703986e+01 -1.2643755694e+01\n  102    0 1.0000000000 -1.1266004963e+01 -1.2637202466e+01\n  103    0 1.0000000000 -1.1260828819e+01 -1.2628037186e+01\n  104    0 1.0000000000 -1.1254178037e+01 -1.2616269083e+01\n  105    0 1.0000000000 -1.1246055806e+01 -1.2601910007e+01\n  106    0 1.0000000000 -1.1236466019e+01 -1.2584974415e+01\n  107    0 1.0000000000 -1.1225413269e+01 -1.2565479362e+01\n  108    0 1.0000000000 -1.1212902842e+01 -1.2543444476e+01\n  109    0 1.0000000000 -1.1198940717e+01 -1.2518891945e+01\n  110    0 1.0000000000 -1.1183533557e+01 -1.2491846491e+01\n  111    0 1.0000000000 -1.1166688703e+01 -1.2462335346e+01\n  112    0 1.0000000000 -1.1148414169e+01 -1.2430388227e+01\n  113    0 1.0000000000 -1.1128718635e+01 -1.2396037300e+01\n  114    0 1.0000000000 -1.1107611438e+01 -1.2359317155e+01\n  115    0 1.0000000000 -1.1085102563e+01 -1.2320264765e+01\n  116    0 1.0000000000 -1.1061202636e+01 -1.2278919453e+01\n  117    0 1.0000000000 -1.1035922913e+01 -1.2235322850e+01\n  118    0 1.0000000000 -1.1009275271e+01 -1.2189518854e+01\n  119    0 1.0000000000 -1.0981272196e+01 -1.2141553586e+01\n  120    0 1.0000000000 -1.0951926774e+01 -1.2091475343e+01\n  121    0 1.0000000000 -1.0921252677e+01 -1.2039334549e+01\n  122    0 1.0000000000 -1.0889264153e+01 -1.1985183707e+01\n  123    0 1.0000000000 -1.0855976012e+01 -1.1929077340e+01\n  124    0 1.0000000000 -1.0821403615e+01 -1.1871071944e+01\n  125    0 1.0000000000 -1.0785562858e+01 -1.1811225924e+01\n  126    0 1.0000000000 -1.0748470158e+01 -1.1749599542e+01\n  127    0 1.0000000000 -1.0710142444e+01 -1.1686254849e+01\n  128    0 1.0000000000 -1.0670597136e+01 -1.1621255628e+01\n  129    0 1.0000000000 -1.0629852133e+01 -1.1554667327e+01\n  130    0 1.0000000000 -1.0587925797e+01 -1.1486556997e+01\n  131    0 1.0000000000 -1.0544836939e+01 -1.1416993217e+01\n  132    0 1.0000000000 -1.0500604801e+01 -1.1346046033e+01\n  133    0 1.0000000000 -1.0455249041e+01 -1.1273786883e+01\n  134    0 1.0000000000 -1.0408789716e+01 -1.1200288525e+01\n  135    0 1.0000000000 -1.0361247267e+01 -1.1125624966e+01\n  136    0 1.0000000000 -1.0312642499e+01 -1.1049871386e+01\n  137    0 1.0000000000 -1.0262996567e+01 -1.0973104062e+01\n  138    0 1.0000000000 -1.0212330958e+01 -1.0895400293e+01\n  139    0 1.0000000000 -1.0160667473e+01 -1.0816838319e+01\n  140    0 1.0000000000 -1.0108028210e+01 -1.0737497246e+01\n  141    0 1.0000000000 -1.0054435548e+01 -1.0657456964e+01\n  142    0 1.0000000000 -9.9999121262e+00 -1.0576798066e+01\n  143    0 1.0000000000 -9.9444808307e+00 -1.0495601769e+01\n  144    0 1.0000000000 -9.8881647742e+00 -1.0413949831e+01\n  145    0 1.0000000000 -9.8309872792e+00 -1.0331924468e+01\n  146    0 1.0000000000 -9.7729718614e+00 -1.0249608274e+01\n  147    0 1.0000000000 -9.7141422122e+00 -1.0167084133e+01\n  148    0 1.0000000000 -9.6545221814e+00 -1.0084435140e+01\n  149    0 1.0000000000 -9.5941357609e+00 -1.0001744516e+01\n  150    0 1.0000000000 -9.5330070681e+00 -9.9190955228e+00\n  151    0 1.0000000000 -9.4711603296e+00 -9.8365713816e+00\n  152    0 1.0000000000 -9.4086198652e+00 -9.7542551870e+00\n  153    0 1.0000000000 -9.3454100730e+00 -9.6722298244e+00\n  154    0 1.0000000000 -9.2815554139e+00 -9.5905778864e+00\n  155    0 1.0000000000 -9.2170803972e+00 -9.5093815896e+00\n  156    0 1.0000000000 -9.1520095675e+00 -9.4287226917e+00\n  157    0 1.0000000000 -9.0863674906e+00 -9.3486824095e+00\n  158    0 1.0000000000 -9.0201787423e+00 -9.2693413366e+00\n  159    0 1.0000000000 -8.9534678963e+00 -9.1907793629e+00\n  160    0 1.0000000000 -8.8862595146e+00 -9.1130755936e+00\n  161    0 1.0000000000 -8.8185781382e+00 -9.0363082698e+00\n  162    0 1.0000000000 -8.7504482800e+00 -8.9605546897e+00\n  163    0 1.0000000000 -8.6818944189e+00 -8.8858911307e+00\n  164    0 1.0000000000 -8.6129409961e+00 -8.8123927727e+00\n  165    0 1.0000000000 -8.5436124141e+00 -8.7401336223e+00\n  166    0 1.0000000000 -8.4739330378e+00 -8.6691864383e+00\n  167    0 1.0000000000 -8.4039272003e+00 -8.5996226586e+00\n  168    0 1.0000000000 -8.3336192112e+00 -8.5315123280e+00\n  169    0 1.0000000000 -8.2630333714e+00 -8.4649240278e+00\n  170    0 1.0000000000 -8.1921939937e+00 -8.3999248068e+00\n  171    0 1.0000000000 -8.1211254302e+00 -8.3365801137e+00\n  172    0 1.0000000000 -8.0498521111e+00 -8.2749537312e+00\n  173    0 1.0000000000 -7.9783985939e+00 -8.2151077119e+00\n  174    0 1.0000000000 -7.9067896293e+00 -8.1571023156e+00\n  175    0 1.0000000000 -7.8350502470e+00 -8.1009959489e+00\n  176    0 1.0000000000 -7.7632058673e+00 -8.0468451061e+00\n  177    0 1.0000000000 -7.6912824476e+00 -7.9947043125e+00\n  178    0 1.0000000000 -7.6193066748e+00 -7.9446260695e+00\n  179    0 1.0000000000 -7.5473062204e+00 -7.8966608016e+00\n  180    0 1.0000000000 -7.4753100815e+00 -7.8508568058e+00\n  181    0 1.0000000000 -7.4033490405e+00 -7.8072602028e+00\n  182    0 1.0000000000 -7.3314562958e+00 -7.7659148907e+00\n  183    0 1.0000000000 -7.2596683357e+00 -7.7268625008e+00\n  184    0 1.0000000000 -7.1880261741e+00 -7.6901423554e+00\n  185    0 1.0000000000 -7.1165771275e+00 -7.6557914287e+00\n  186    0 1.0000000000 -7.0453774293e+00 -7.6238443092e+00\n  187    0 1.0000000000 -6.9744961702e+00 -7.5943331648e+00\n  188    0 1.0000000000 -6.9040214034e+00 -7.5672877107e+00\n  189    0 1.0000000000 -6.8340699073e+00 -7.5427351796e+00\n  190    0 1.0000000000 -6.7648033656e+00 -7.5207002936e+00\n  191    0 1.0000000000 -6.6964562832e+00 -7.5012052401e+00\n  192    0 1.0000000000 -6.6293863696e+00 -7.4842696489e+00\n  193    0 1.0000000000 -6.5641699839e+00 -7.4699105727e+00\n  194    0 1.0000000000 -6.5017916592e+00 -7.4581424699e+00\n  195    0 1.0000000000 -6.4440320364e+00 -7.4489771900e+00\n  196    0 1.0000000000 -6.3942336334e+00 -7.4424239616e+00\n  197    0 1.0000000000 -6.3584231845e+00 -7.4384893832e+00\n  198    0 1.0000000000 -6.3449392300e+00 -7.4371774168e+00\n  199    0 1.0000000000 -6.3769376034e+00 -7.4398017730e+00\n  200    0 1.0000000000 -6.4769109365e+00 -7.4476772757e+00\n  201    0 1.0000000000 -6.6061451307e+00 -7.4608112042e+00\n  202    0 1.0000000000 -6.7461143862e+00 -7.4792156145e+00\n  203    0 1.0000000000 -6.8919956764e+00 -7.5029072256e+00\n  204    0 1.0000000000 -7.0421300320e+00 -7.5319072600e+00\n  205    0 1.0000000000 -7.1958092141e+00 -7.5662412417e+00\n  206    0 1.0000000000 -7.3526859477e+00 -7.6059387497e+00\n  207    0 1.0000000000 -7.5125731994e+00 -7.6510331297e+00\n  208    0 1.0000000000 -7.6753631540e+00 -7.7015611657e+00\n  209    0 1.0000000000 -7.8409901887e+00 -7.7575627120e+00\n  210    0 1.0000000000 -8.0094122694e+00 -7.8190802873e+00\n  211    0 1.0000000000 -8.1806008643e+00 -7.8861586342e+00\n  212    0 1.0000000000 -8.3545351187e+00 -7.9588442439e+00\n  213    0 1.0000000000 -8.5311982999e+00 -8.0371848509e+00\n  214    0 1.0000000000 -8.7105755173e+00 -8.1212288976e+00\n  215    0 1.0000000000 -8.8926521919e+00 -8.2110249729e+00\n  216    0 1.0000000000 -9.0774129828e+00 -8.3066212269e+00\n  217    0 1.0000000000 -9.2648410010e+00 -8.4080647645e+00\n  218    0 1.0000000000 -9.4549172113e+00 -8.5154010207e+00\n  219    0 1.0000000000 -9.6476199586e+00 -8.6286731204e+00\n  220    0 1.0000000000 -9.8429245804e+00 -8.7479212265e+00\n  221    0 1.0000000000 -1.0040803079e+01 -8.8731818780e+00\n  222    0 1.0000000000 -1.0241223838e+01 -9.0044873232e+00\n  223    0 1.0000000000 -1.0444151370e+01 -9.1418648488e+00\n  224    0 1.0000000000 -1.0649546091e+01 -9.2853361109e+00\n  225    0 1.0000000000 -1.0857364117e+01 -9.4349164682e+00\n  226    0 1.0000000000 -1.1067557068e+01 -9.5906143239e+00\n  227    0 1.0000000000 -1.1280071901e+01 -9.7524304761e+00\n  228    0 1.0000000000 -1.1494850743e+01 -9.9203574830e+00\n  229    0 1.0000000000 -1.1711830744e+01 -1.0094379044e+01\n  230    0 1.0000000000 -1.1930943938e+01 -1.0274469401e+01\n  231    0 1.0000000000 -1.2152117122e+01 -1.0460592764e+01\n  232    0 1.0000000000 -1.2375271737e+01 -1.0652702756e+01\n  233    0 1.0000000000 -1.2600323770e+01 -1.0850741899e+01\n  234    0 1.0000000000 -1.2827183667e+01 -1.1054641120e+01\n  235    0 1.0000000000 -1.3055756251e+01 -1.1264319294e+01\n  236    0 1.0000000000 -1.3285940670e+01 -1.1479682832e+01\n  237    0 1.0000000000 -1.3517630338e+01 -1.1700625295e+01\n  238    0 1.0000000000 -1.3750712910e+01 -1.1927027062e+01\n  239    0 1.0000000000 -1.3985070260e+01 -1.2158755033e+01\n  240    0 1.0000000000 -1.4220578481e+01 -1.2395662381e+01\n  241    0 1.0000000000 -1.4457107896e+01 -1.2637588355e+01\n  242    0 1.0000000000 -1.4694523091e+01 -1.2884358124e+01\n  243    0 1.0000000000 -1.4932682959e+01 -1.3135782678e+01\n  244    0 1.0000000000 -1.5171440770e+01 -1.3391658782e+01\n  245    0 1.0000000000 -1.5410644252e+01 -1.3651768975e+01\n  246    0 1.0000000000 -1.5650135690e+01 -1.3915881627e+01\n  247    0 1.0000000000 -1.5889752049e+01 -1.4183751056e+01\n  248    0 1.0000000000 -1.6129325111e+01 -1.4455117688e+01\n  249    0 1.0000000000 -1.6368681630e+01 -1.4729708280e+01\n  250    0 1.0000000000 -1.6607643512e+01 -1.5007236194e+01\n  251    0 1.0000000000 -1.6846028005e+01 -1.5287401727e+01\n  252    0 1.0000000000 -1.7083647914e+01 -1.5569892496e+01\n  253    0 1.0000000000 -1.7320311833e+01 -1.5854383873e+01\n  254    0 1.0000000000 -1.7555824392e+01 -1.6140539471e+01\n  255    0 1.0000000000 -1.7789986526e+01 -1.6428011690e+01\n  256    0 1.0000000000 -1.8022595758e+01 -1.6716442299e+01\n  257    0 1.0000000000 -1.8253446503e+01 -1.7005463082e+01\n  258    0 1.0000000000 -1.8482330380e+01 -1.7294696514e+01\n  259    0 1.0000000000 -1.8709036552e+01 -1.7583756493e+01\n  260    0 1.0000000000 -1.8933352066e+01 -1.7872249114e+01\n  261    0 1.0000000000 -1.9155062223e+01 -1.8159773473e+01\n  262    0 1.0000000000 -1.9373950945e+01 -1.8445922520e+01\n  263    0 1.0000000000 -1.9589801166e+01 -1.8730283941e+01\n  264    0 1.0000000000 -1.9802395231e+01 -1.9012441073e+01\n  265    0 1.0000000000 -2.0011515301e+01 -1.9291973849e+01\n  266    0 1.0000000000 -2.0216943773e+01 -1.9568459767e+01\n  267    0 1.0000000000 -2.0418463702e+01 -1.9841474886e+01\n  268    0 1.0000000000 -2.0615859234e+01 -2.0110594834e+01\n  269    0 1.0000000000 -2.0808916044e+01 -2.0375395844e+01\n  270    0 1.0000000000 -2.0997421774e+01 -2.0635455789e+01\n  271    0 1.0000000000 -2.1181166475e+01 -2.0890355239e+01\n  272    0 1.0000000000 -2.1359943055e+01 -2.1139678514e+01\n  273    0 1.0000000000 -2.1533547721e+01 -2.1383014743e+01\n  274    0 1.0000000000 -2.1701780421e+01 -2.1619958926e+01\n  275    0 1.0000000000 -2.1864445282e+01 -2.1850112978e+01\n  276    0 1.0000000000 -2.2021351051e+01 -2.2073086779e+01\n  277    0 1.0000000000 -2.2172311516e+01 -2.2288499201e+01\n  278    0 1.0000000000 -2.2317145934e+01 -2.2495979125e+01\n  279    0 1.0000000000 -2.2455679441e+01 -2.2695166432e+01\n  280    0 1.0000000000 -2.2587743455e+01 -2.2885712977e+01\n  281    0 1.0000000000 -2.2713176071e+01 -2.3067283533e+01\n  282    0 1.0000000000 -2.2831822435e+01 -2.3239556708e+01\n  283    0 1.0000000000 -2.2943535111e+01 -2.3402225824e+01\n  284    0 1.0000000000 -2.3048174433e+01 -2.3554999760e+01\n  285    0 1.0000000000 -2.3145608833e+01 -2.3697603764e+01\n  286    0 1.0000000000 -2.3235715162e+01 -2.3829780213e+01\n  287    0 1.0000000000 -2.3318378980e+01 -2.3951289330e+01\n  288    0 1.0000000000 -2.3393494842e+01 -2.4061909858e+01\n  289    0 1.0000000000 -2.3460966545e+01 -2.4161439681e+01\n  290    0 1.0000000000 -2.3520707367e+01 -2.4249696389e+01\n  291    0 1.0000000000 -2.3572640281e+01 -2.4326517799e+01\n  292    0 1.0000000000 -2.3616698142e+01 -2.4391762407e+01\n  293    0 1.0000000000 -2.3652823849e+01 -2.4445309792e+01\n  294    0 1.0000000000 -2.3680970491e+01 -2.4487060960e+01\n  295    0 1.0000000000 -2.3701101462e+01 -2.4516938619e+01\n  296    0 1.0000000000 -2.3713190548e+01 -2.4534887405e+01\n  297    0 1.0000000000 -2.3717221995e+01 -2.4540874035e+01\n