SINGLE-ORBITAL NN+NNN EFFECTIVE MODEL FIT

m=4
eon=0.0
t0=1.0
l_decay=0.75
dl=0.1
pairing=./m=4/pairing.txt
microscopic_orbitals=34

E_eff(k) = eps0 + 2*t1[cos(k.u1)+cos(k.u2)] + 4*t2*cos(k.u1)*cos(k.u2)

eps0     = -1.70598602865615e+01
t1       = -1.67564432689134e+00
t2       = -2.30438533074433e-01

RMSE=8.39855397310556e-01
MAE=7.08809939577619e-01
max_abs_error=1.75267197518832e+00
optimizer_success=True
optimizer_message=Linear least-squares solution
minimum_tracking_continuity=1.0000000000
mean_tracking_continuity=1.0000000000

# k_index idx continuity target fit\n    0    0 1.0000000000 -2.3948370080e+01 -2.4684191726e+01\n    1    0 1.0000000000 -2.3947085613e+01 -2.4682040430e+01\n    2    0 1.0000000000 -2.3943232770e+01 -2.4675588709e+01\n    3    0 1.0000000000 -2.3936813229e+01 -2.4664843058e+01\n    4    0 1.0000000000 -2.3927829784e+01 -2.4649814297e+01\n    5    0 1.0000000000 -2.3916286346e+01 -2.4630517560e+01\n    6    0 1.0000000000 -2.3902187934e+01 -2.4606972277e+01\n    7    0 1.0000000000 -2.3885540675e+01 -2.4579202155e+01\n    8    0 1.0000000000 -2.3866351799e+01 -2.4547235156e+01\n    9    0 1.0000000000 -2.3844629630e+01 -2.4511103470e+01\n   10    0 1.0000000000 -2.3820383581e+01 -2.4470843476e+01\n   11    0 1.0000000000 -2.3793624145e+01 -2.4426495715e+01\n   12    0 1.0000000000 -2.3764362889e+01 -2.4378104839e+01\n   13    0 1.0000000000 -2.3732612439e+01 -2.4325719576e+01\n   14    0 1.0000000000 -2.3698386473e+01 -2.4269392671e+01\n   15    0 1.0000000000 -2.3661699709e+01 -2.4209180842e+01\n   16    0 1.0000000000 -2.3622567892e+01 -2.4145144717e+01\n   17    0 1.0000000000 -2.3581007781e+01 -2.4077348775e+01\n   18    0 1.0000000000 -2.3537037137e+01 -2.4005861280e+01\n   19    0 1.0000000000 -2.3490674701e+01 -2.3930754215e+01\n   20    0 1.0000000000 -2.3441940189e+01 -2.3852103205e+01\n   21    0 1.0000000000 -2.3390854267e+01 -2.3769987446e+01\n   22    0 1.0000000000 -2.3337438538e+01 -2.3684489622e+01\n   23    0 1.0000000000 -2.3281715520e+01 -2.3595695821e+01\n   24    0 1.0000000000 -2.3223708636e+01 -2.3503695451e+01\n   25    0 1.0000000000 -2.3163442183e+01 -2.3408581149e+01\n   26    0 1.0000000000 -2.3100941321e+01 -2.3310448687e+01\n   27    0 1.0000000000 -2.3036232051e+01 -2.3209396875e+01\n   28    0 1.0000000000 -2.2969341188e+01 -2.3105527466e+01\n   29    0 1.0000000000 -2.2900296347e+01 -2.2998945045e+01\n   30    0 1.0000000000 -2.2829125915e+01 -2.2889756933e+01\n   31    0 1.0000000000 -2.2755859031e+01 -2.2778073073e+01\n   32    0 1.0000000000 -2.2680525562e+01 -2.2664005921e+01\n   33    0 1.0000000000 -2.2603156078e+01 -2.2547670333e+01\n   34    0 1.0000000000 -2.2523781829e+01 -2.2429183449e+01\n   35    0 1.0000000000 -2.2442434719e+01 -2.2308664576e+01\n   36    0 1.0000000000 -2.2359147283e+01 -2.2186235065e+01\n   37    0 1.0000000000 -2.2273952658e+01 -2.2062018193e+01\n   38    0 1.0000000000 -2.2186884562e+01 -2.1936139035e+01\n   39    0 1.0000000000 -2.2097977262e+01 -2.1808724342e+01\n   40    0 1.0000000000 -2.2007265552e+01 -2.1679902408e+01\n   41    0 1.0000000000 -2.1914784726e+01 -2.1549802948e+01\n   42    0 1.0000000000 -2.1820570547e+01 -2.1418556959e+01\n   43    0 1.0000000000 -2.1724659226e+01 -2.1286296596e+01\n   44    0 1.0000000000 -2.1627087390e+01 -2.1153155033e+01\n   45    0 1.0000000000 -2.1527892057e+01 -2.1019266333e+01\n   46    0 1.0000000000 -2.1427110607e+01 -2.0884765311e+01\n   47    0 1.0000000000 -2.1324780757e+01 -2.0749787397e+01\n   48    0 1.0000000000 -2.1220940530e+01 -2.0614468503e+01\n   49    0 1.0000000000 -2.1115628231e+01 -2.0478944883e+01\n   50    0 1.0000000000 -2.1008882418e+01 -2.0343352998e+01\n   51    0 1.0000000000 -2.0900741873e+01 -2.0207829378e+01\n   52    0 1.0000000000 -2.0791245577e+01 -2.0072510484e+01\n   53    0 1.0000000000 -2.0680432683e+01 -1.9937532570e+01\n   54    0 1.0000000000 -2.0568342487e+01 -1.9803031547e+01\n   55    0 1.0000000000 -2.0455014401e+01 -1.9669142847e+01\n   56    0 1.0000000000 -2.0340487931e+01 -1.9536001285e+01\n   57    0 1.0000000000 -2.0224802643e+01 -1.9403740922e+01\n   58    0 1.0000000000 -2.0107998144e+01 -1.9272494933e+01\n   59    0 1.0000000000 -1.9990114053e+01 -1.9142395473e+01\n   60    0 1.0000000000 -1.9871189974e+01 -1.9013573539e+01\n   61    0 1.0000000000 -1.9751265474e+01 -1.8886158846e+01\n   62    0 1.0000000000 -1.9630380057e+01 -1.8760279688e+01\n   63    0 1.0000000000 -1.9508573139e+01 -1.8636062816e+01\n   64    0 1.0000000000 -1.9385884027e+01 -1.8513633305e+01\n   65    0 1.0000000000 -1.9262351890e+01 -1.8393114431e+01\n   66    0 1.0000000000 -1.9138015743e+01 -1.8274627547e+01\n   67    0 1.0000000000 -1.9012914421e+01 -1.8158291959e+01\n   68    0 1.0000000000 -1.8887086555e+01 -1.8044224807e+01\n   69    0 1.0000000000 -1.8760570557e+01 -1.7932540947e+01\n   70    0 1.0000000000 -1.8633404596e+01 -1.7823352836e+01\n   71    0 1.0000000000 -1.8505626578e+01 -1.7716770415e+01\n   72    0 1.0000000000 -1.8377274129e+01 -1.7612901005e+01\n   73    0 1.0000000000 -1.8248384575e+01 -1.7511849194e+01\n   74    0 1.0000000000 -1.8118994928e+01 -1.7413716732e+01\n   75    0 1.0000000000 -1.7989141869e+01 -1.7318602430e+01\n   76    0 1.0000000000 -1.7858861733e+01 -1.7226602060e+01\n   77    0 1.0000000000 -1.7728190498e+01 -1.7137808259e+01\n   78    0 1.0000000000 -1.7597163772e+01 -1.7052310434e+01\n   79    0 1.0000000000 -1.7465816786e+01 -1.6970194676e+01\n   80    0 1.0000000000 -1.7334184391e+01 -1.6891543666e+01\n   81    0 1.0000000000 -1.7202301050e+01 -1.6816436601e+01\n   82    0 1.0000000000 -1.7070200850e+01 -1.6744949106e+01\n   83    0 1.0000000000 -1.6937917508e+01 -1.6677153164e+01\n   84    0 1.0000000000 -1.6805484396e+01 -1.6613117038e+01\n   85    0 1.0000000000 -1.6672934577e+01 -1.6552905210e+01\n   86    0 1.0000000000 -1.6540300866e+01 -1.6496578305e+01\n   87    0 1.0000000000 -1.6407615930e+01 -1.6444193041e+01\n   88    0 1.0000000000 -1.6274912443e+01 -1.6395802166e+01\n   89    0 1.0000000000 -1.6142223346e+01 -1.6351454404e+01\n   90    0 1.0000000000 -1.6009582284e+01 -1.6311194411e+01\n   91    0 1.0000000000 -1.5877024376e+01 -1.6275062725e+01\n   92    0 1.0000000000 -1.5744587644e+01 -1.6243095726e+01\n   93    0 1.0000000000 -1.5612315878e+01 -1.6215325604e+01\n   94    0 1.0000000000 -1.5480264895e+01 -1.6191780320e+01\n   95    0 1.0000000000 -1.5348518060e+01 -1.6172483583e+01\n   96    0 1.0000000000 -1.5217232172e+01 -1.6157454823e+01\n   97    0 1.0000000000 -1.5086815656e+01 -1.6146709172e+01\n   98    0 1.0000000000 -1.4959072301e+01 -1.6140257450e+01\n   99    0 1.0000000000 -1.4862996848e+01 -1.6138106154e+01\n  100    0 1.0000000000 -1.4862349663e+01 -1.6136882987e+01\n  101    0 1.0000000000 -1.4860398418e+01 -1.6133214715e+01\n  102    0 1.0000000000 -1.4857143804e+01 -1.6127105034e+01\n  103    0 1.0000000000 -1.4852586971e+01 -1.6118560094e+01\n  104    0 1.0000000000 -1.4846729527e+01 -1.6107588501e+01\n  105    0 1.0000000000 -1.4839573539e+01 -1.6094201300e+01\n  106    0 1.0000000000 -1.4831121530e+01 -1.6078411973e+01\n  107    0 1.0000000000 -1.4821376478e+01 -1.6060236418e+01\n  108    0 1.0000000000 -1.4810341812e+01 -1.6039692935e+01\n  109    0 1.0000000000 -1.4798021412e+01 -1.6016802211e+01\n  110    0 1.0000000000 -1.4784419605e+01 -1.5991587295e+01\n  111    0 1.0000000000 -1.4769541161e+01 -1.5964073575e+01\n  112    0 1.0000000000 -1.4753391290e+01 -1.5934288756e+01\n  113    0 1.0000000000 -1.4735975642e+01 -1.5902262828e+01\n  114    0 1.0000000000 -1.4717300295e+01 -1.5868028039e+01\n  115    0 1.0000000000 -1.4697371758e+01 -1.5831618861e+01\n  116    0 1.0000000000 -1.4676196964e+01 -1.5793071954e+01\n  117    0 1.0000000000 -1.4653783263e+01 -1.5752426132e+01\n  118    0 1.0000000000 -1.4630138419e+01 -1.5709722322e+01\n  119    0 1.0000000000 -1.4605270606e+01 -1.5665003523e+01\n  120    0 1.0000000000 -1.4579188396e+01 -1.5618314762e+01\n  121    0 1.0000000000 -1.4551900760e+01 -1.5569703052e+01\n  122    0 1.0000000000 -1.4523417058e+01 -1.5519217341e+01\n  123    0 1.0000000000 -1.4493747034e+01 -1.5466908463e+01\n  124    0 1.0000000000 -1.4462900806e+01 -1.5412829088e+01\n  125    0 1.0000000000 -1.4430888862e+01 -1.5357033671e+01\n  126    0 1.0000000000 -1.4397722054e+01 -1.5299578393e+01\n  127    0 1.0000000000 -1.4363411586e+01 -1.5240521105e+01\n  128    0 1.0000000000 -1.4327969008e+01 -1.5179921274e+01\n  129    0 1.0000000000 -1.4291406212e+01 -1.5117839919e+01\n  130    0 1.0000000000 -1.4253735416e+01 -1.5054339550e+01\n  131    0 1.0000000000 -1.4214969164e+01 -1.4989484107e+01\n  132    0 1.0000000000 -1.4175120312e+01 -1.4923338894e+01\n  133    0 1.0000000000 -1.4134202019e+01 -1.4855970512e+01\n  134    0 1.0000000000 -1.4092227742e+01 -1.4787446798e+01\n  135    0 1.0000000000 -1.4049211226e+01 -1.4717836748e+01\n  136    0 1.0000000000 -1.4005166490e+01 -1.4647210453e+01\n  137    0 1.0000000000 -1.3960107825e+01 -1.4575639028e+01\n  138    0 1.0000000000 -1.3914049779e+01 -1.4503194541e+01\n  139    0 1.0000000000 -1.3867007150e+01 -1.4429949935e+01\n  140    0 1.0000000000 -1.3818994976e+01 -1.4355978962e+01\n  141    0 1.0000000000 -1.3770028523e+01 -1.4281356105e+01\n  142    0 1.0000000000 -1.3720123280e+01 -1.4206156503e+01\n  143    0 1.0000000000 -1.3669294945e+01 -1.4130455875e+01\n  144    0 1.0000000000 -1.3617559416e+01 -1.4054330445e+01\n  145    0 1.0000000000 -1.3564932780e+01 -1.3977856866e+01\n  146    0 1.0000000000 -1.3511431306e+01 -1.3901112139e+01\n  147    0 1.0000000000 -1.3457071433e+01 -1.3824173540e+01\n  148    0 1.0000000000 -1.3401869758e+01 -1.3747118540e+01\n  149    0 1.0000000000 -1.3345843029e+01 -1.3670024726e+01\n  150    0 1.0000000000 -1.3289008134e+01 -1.3592969726e+01\n  151    0 1.0000000000 -1.3231382089e+01 -1.3516031127e+01\n  152    0 1.0000000000 -1.3172982031e+01 -1.3439286400e+01\n  153    0 1.0000000000 -1.3113825203e+01 -1.3362812820e+01\n  154    0 1.0000000000 -1.3053928952e+01 -1.3286687391e+01\n  155    0 1.0000000000 -1.2993310709e+01 -1.3210986762e+01\n  156    0 1.0000000000 -1.2931987989e+01 -1.3135787160e+01\n  157    0 1.0000000000 -1.2869978374e+01 -1.3061164303e+01\n  158    0 1.0000000000 -1.2807299505e+01 -1.2987193331e+01\n  159    0 1.0000000000 -1.2743969074e+01 -1.2913948725e+01\n  160    0 1.0000000000 -1.2680004815e+01 -1.2841504237e+01\n  161    0 1.0000000000 -1.2615424492e+01 -1.2769932813e+01\n  162    0 1.0000000000 -1.2550245891e+01 -1.2699306518e+01\n  163    0 1.0000000000 -1.2484486812e+01 -1.2629696468e+01\n  164    0 1.0000000000 -1.2418165057e+01 -1.2561172753e+01\n  165    0 1.0000000000 -1.2351298427e+01 -1.2493804372e+01\n  166    0 1.0000000000 -1.2283904709e+01 -1.2427659159e+01\n  167    0 1.0000000000 -1.2216001668e+01 -1.2362803715e+01\n  168    0 1.0000000000 -1.2147607045e+01 -1.2299303347e+01\n  169    0 1.0000000000 -1.2078738540e+01 -1.2237221991e+01\n  170    0 1.0000000000 -1.2009413816e+01 -1.2176622160e+01\n  171    0 1.0000000000 -1.1939650485e+01 -1.2117564873e+01\n  172    0 1.0000000000 -1.1869466106e+01 -1.2060109594e+01\n  173    0 1.0000000000 -1.1798878179e+01 -1.2004314177e+01\n  174    0 1.0000000000 -1.1727904141e+01 -1.1950234803e+01\n  175    0 1.0000000000 -1.1656561366e+01 -1.1897925925e+01\n  176    0 1.0000000000 -1.1584867162e+01 -1.1847440213e+01\n  177    0 1.0000000000 -1.1512838774e+01 -1.1798828503e+01\n  178    0 1.0000000000 -1.1440493385e+01 -1.1752139743e+01\n  179    0 1.0000000000 -1.1367848127e+01 -1.1707420944e+01\n  180    0 1.0000000000 -1.1294920095e+01 -1.1664717133e+01\n  181    0 1.0000000000 -1.1221726362e+01 -1.1624071311e+01\n  182    0 1.0000000000 -1.1148284015e+01 -1.1585524405e+01\n  183    0 1.0000000000 -1.1074610198e+01 -1.1549115226e+01\n  184    0 1.0000000000 -1.1000722179e+01 -1.1514880438e+01\n  185    0 1.0000000000 -1.0926637451e+01 -1.1482854510e+01\n  186    0 1.0000000000 -1.0852373887e+01 -1.1453069691e+01\n  187    0 1.0000000000 -1.0777949983e+01 -1.1425555971e+01\n  188    0 1.0000000000 -1.0703385243e+01 -1.1400341054e+01\n  189    0 1.0000000000 -1.0628700828e+01 -1.1377450330e+01\n  190    0 1.0000000000 -1.0553920693e+01 -1.1356906848e+01\n  191    0 1.0000000000 -1.0479073674e+01 -1.1338731292e+01\n  192    0 1.0000000000 -1.0404197647e+01 -1.1322941965e+01\n  193    0 1.0000000000 -1.0329348570e+01 -1.1309554765e+01\n  194    0 1.0000000000 -1.0254622656e+01 -1.1298583171e+01\n  195    0 1.0000000000 -1.0180220864e+01 -1.1290038232e+01\n  196    0 1.0000000000 -1.0106691064e+01 -1.1283928550e+01\n  197    0 1.0000000000 -1.0036336868e+01 -1.1280260279e+01\n  198    0 1.0000000000 -9.9899470514e+00 -1.1279037111e+01\n  199    0 1.0000000000 -1.0088142416e+01 -1.1281483680e+01\n  200    0 1.0000000000 -1.0235163294e+01 -1.1288823726e+01\n  201    0 1.0000000000 -1.0387675703e+01 -1.1301058251e+01\n  202    0 1.0000000000 -1.0542639541e+01 -1.1318188892e+01\n  203    0 1.0000000000 -1.0699454888e+01 -1.1340217854e+01\n  204    0 1.0000000000 -1.0857917600e+01 -1.1367147838e+01\n  205    0 1.0000000000 -1.1017932113e+01 -1.1398981932e+01\n  206    0 1.0000000000 -1.1179441662e+01 -1.1435723489e+01\n  207    0 1.0000000000 -1.1342405494e+01 -1.1477375981e+01\n  208    0 1.0000000000 -1.1506789889e+01 -1.1523942832e+01\n  209    0 1.0000000000 -1.1672564101e+01 -1.1575427232e+01\n  210    0 1.0000000000 -1.1839698326e+01 -1.1631831932e+01\n  211    0 1.0000000000 -1.2008162602e+01 -1.1693159022e+01\n  212    0 1.0000000000 -1.2177926156e+01 -1.1759409690e+01\n  213    0 1.0000000000 -1.2348957009e+01 -1.1830583971e+01\n  214    0 1.0000000000 -1.2521221706e+01 -1.1906680474e+01\n  215    0 1.0000000000 -1.2694685133e+01 -1.1987696104e+01\n  216    0 1.0000000000 -1.2869310379e+01 -1.2073625766e+01\n  217    0 1.0000000000 -1.3045058640e+01 -1.2164462064e+01\n  218    0 1.0000000000 -1.3221889128e+01 -1.2260194990e+01\n  219    0 1.0000000000 -1.3399759013e+01 -1.2360811604e+01\n  220    0 1.0000000000 -1.3578623365e+01 -1.2466295714e+01\n  221    0 1.0000000000 -1.3758435109e+01 -1.2576627549e+01\n  222    0 1.0000000000 -1.3939144982e+01 -1.2691783426e+01\n  223    0 1.0000000000 -1.4120701505e+01 -1.2811735430e+01\n  224    0 1.0000000000 -1.4303050955e+01 -1.2936451080e+01\n  225    0 1.0000000000 -1.4486137339e+01 -1.3065893013e+01\n  226    0 1.0000000000 -1.4669902379e+01 -1.3200018659e+01\n  227    0 1.0000000000 -1.4854285498e+01 -1.3338779937e+01\n  228    0 1.0000000000 -1.5039223810e+01 -1.3482122950e+01\n  229    0 1.0000000000 -1.5224652118e+01 -1.3629987694e+01\n  230    0 1.0000000000 -1.5410502916e+01 -1.3782307780e+01\n  231    0 1.0000000000 -1.5596706389e+01 -1.3939010166e+01\n  232    0 1.0000000000 -1.5783190428e+01 -1.4100014910e+01\n  233    0 1.0000000000 -1.5969880642e+01 -1.4265234936e+01\n  234    0 1.0000000000 -1.6156700378e+01 -1.4434575820e+01\n  235    0 1.0000000000 -1.6343570749e+01 -1.4607935592e+01\n  236    0 1.0000000000 -1.6530410661e+01 -1.4785204569e+01\n  237    0 1.0000000000 -1.6717136847e+01 -1.4966265200e+01\n  238    0 1.0000000000 -1.6903663912e+01 -1.5150991937e+01\n  239    0 1.0000000000 -1.7089904374e+01 -1.5339251138e+01\n  240    0 1.0000000000 -1.7275768719e+01 -1.5530900988e+01\n  241    0 1.0000000000 -1.7461165456e+01 -1.5725791449e+01\n  242    0 1.0000000000 -1.7646001179e+01 -1.5923764239e+01\n  243    0 1.0000000000 -1.7830180638e+01 -1.6124652841e+01\n  244    0 1.0000000000 -1.8013606805e+01 -1.6328282531e+01\n  245    0 1.0000000000 -1.8196180961e+01 -1.6534470452e+01\n  246    0 1.0000000000 -1.8377802776e+01 -1.6743025704e+01\n  247    0 1.0000000000 -1.8558370400e+01 -1.6953749469e+01\n  248    0 1.0000000000 -1.8737780554e+01 -1.7166435168e+01\n  249    0 1.0000000000 -1.8915928638e+01 -1.7380868643e+01\n  250    0 1.0000000000 -1.9092708829e+01 -1.7596828377e+01\n  251    0 1.0000000000 -1.9268014197e+01 -1.7814085738e+01\n  252    0 1.0000000000 -1.9441736818e+01 -1.8032405252e+01\n  253    0 1.0000000000 -1.9613767892e+01 -1.8251544910e+01\n  254    0 1.0000000000 -1.9783997874e+01 -1.8471256500e+01\n  255    0 1.0000000000 -1.9952316597e+01 -1.8691285970e+01\n  256    0 1.0000000000 -2.0118613409e+01 -1.8911373811e+01\n  257    0 1.0000000000 -2.0282777310e+01 -1.9131255476e+01\n  258    0 1.0000000000 -2.0444697092e+01 -1.9350661818e+01\n  259    0 1.0000000000 -2.0604261485e+01 -1.9569319550e+01\n  260    0 1.0000000000 -2.0761359305e+01 -1.9786951737e+01\n  261    0 1.0000000000 -2.0915879602e+01 -2.0003278298e+01\n  262    0 1.0000000000 -2.1067711818e+01 -2.0218016538e+01\n  263    0 1.0000000000 -2.1216745938e+01 -2.0430881688e+01\n  264    0 1.0000000000 -2.1362872651e+01 -2.0641587473e+01\n  265    0 1.0000000000 -2.1505983508e+01 -2.0849846690e+01\n  266    0 1.0000000000 -2.1645971084e+01 -2.1055371795e+01\n  267    0 1.0000000000 -2.1782729134e+01 -2.1257875509e+01\n  268    0 1.0000000000 -2.1916152765e+01 -2.1457071430e+01\n  269    0 1.0000000000 -2.2046138586e+01 -2.1652674654e+01\n  270    0 1.0000000000 -2.2172584879e+01 -2.1844402403e+01\n  271    0 1.0000000000 -2.2295391758e+01 -2.2031974650e+01\n  272    0 1.0000000000 -2.2414461326e+01 -2.2215114758e+01\n  273    0 1.0000000000 -2.2529697837e+01 -2.2393550107e+01\n  274    0 1.0000000000 -2.2641007852e+01 -2.2567012726e+01\n  275    0 1.0000000000 -2.2748300393e+01 -2.2735239916e+01\n  276    0 1.0000000000 -2.2851487096e+01 -2.2897974875e+01\n  277    0 1.0000000000 -2.2950482359e+01 -2.3054967299e+01\n  278    0 1.0000000000 -2.3045203489e+01 -2.3205973991e+01\n  279    0 1.0000000000 -2.3135570840e+01 -2.3350759444e+01\n  280    0 1.0000000000 -2.3221507957e+01 -2.3489096416e+01\n  281    0 1.0000000000 -2.3302941703e+01 -2.3620766484e+01\n  282    0 1.0000000000 -2.3379802391e+01 -2.3745560588e+01\n  283    0 1.0000000000 -2.3452023902e+01 -2.3863279542e+01\n  284    0 1.0000000000 -2.3519543808e+01 -2.3973734538e+01\n  285    0 1.0000000000 -2.3582303481e+01 -2.4076747614e+01\n  286    0 1.0000000000 -2.3640248195e+01 -2.4172152104e+01\n  287    0 1.0000000000 -2.3693327229e+01 -2.4259793061e+01\n  288    0 1.0000000000 -2.3741493957e+01 -2.4339527645e+01\n  289    0 1.0000000000 -2.3784705930e+01 -2.4411225491e+01\n  290    0 1.0000000000 -2.3822924957e+01 -2.4474769041e+01\n  291    0 1.0000000000 -2.3856117174e+01 -2.4530053846e+01\n  292    0 1.0000000000 -2.3884253104e+01 -2.4576988830e+01\n  293    0 1.0000000000 -2.3907307713e+01 -2.4615496529e+01\n  294    0 1.0000000000 -2.3925260454e+01 -2.4645513288e+01\n  295    0 1.0000000000 -2.3938095309e+01 -2.4666989428e+01\n  296    0 1.0000000000 -2.3945800813e+01 -2.4679889368e+01\n  297    0 1.0000000000 -2.3948370080e+01 -2.4684191726e+01\n