SINGLE-ORBITAL NN+NNN EFFECTIVE MODEL FIT

m=5
eon=0.0
t0=1.0
l_decay=0.75
dl=0.1
pairing=./m=5/pairing.txt
microscopic_orbitals=52

E_eff(k) = eps0 + 2*t1[cos(k.u1)+cos(k.u2)] + 4*t2*cos(k.u1)*cos(k.u2)

eps0     = -1.89225013503909e+01
t1       = -1.29552070540439e+00
t2       = -1.30085375183144e-01

RMSE=7.19097709730196e-01
MAE=6.00246223195196e-01
max_abs_error=1.52470639687904e+00
optimizer_success=True
optimizer_message=Linear least-squares solution
minimum_tracking_continuity=1.0000000000
mean_tracking_continuity=1.0000000000

# k_index idx continuity target fit\n    0    0 1.0000000000 -2.4020727826e+01 -2.4624925673e+01\n    1    0 1.0000000000 -2.4019865124e+01 -2.4623359223e+01\n    2    0 1.0000000000 -2.4017277283e+01 -2.4618661452e+01\n    3    0 1.0000000000 -2.4012965102e+01 -2.4610837090e+01\n    4    0 1.0000000000 -2.4006929913e+01 -2.4599894015e+01\n    5    0 1.0000000000 -2.3999173578e+01 -2.4585843246e+01\n    6    0 1.0000000000 -2.3989698490e+01 -2.4568698930e+01\n    7    0 1.0000000000 -2.3978507568e+01 -2.4548478332e+01\n    8    0 1.0000000000 -2.3965604261e+01 -2.4525201810e+01\n    9    0 1.0000000000 -2.3950992540e+01 -2.4498892803e+01\n   10    0 1.0000000000 -2.3934676899e+01 -2.4469577802e+01\n   11    0 1.0000000000 -2.3916662349e+01 -2.4437286324e+01\n   12    0 1.0000000000 -2.3896954420e+01 -2.4402050884e+01\n   13    0 1.0000000000 -2.3875559151e+01 -2.4363906961e+01\n   14    0 1.0000000000 -2.3852483089e+01 -2.4322892963e+01\n   15    0 1.0000000000 -2.3827733288e+01 -2.4279050187e+01\n   16    0 1.0000000000 -2.3801317298e+01 -2.4232422780e+01\n   17    0 1.0000000000 -2.3773243165e+01 -2.4183057692e+01\n   18    0 1.0000000000 -2.3743519425e+01 -2.4131004628e+01\n   19    0 1.0000000000 -2.3712155097e+01 -2.4076316001e+01\n   20    0 1.0000000000 -2.3679159678e+01 -2.4019046880e+01\n   21    0 1.0000000000 -2.3644543137e+01 -2.3959254928e+01\n   22    0 1.0000000000 -2.3608315910e+01 -2.3897000351e+01\n   23    0 1.0000000000 -2.3570488891e+01 -2.3832345835e+01\n   24    0 1.0000000000 -2.3531073427e+01 -2.3765356480e+01\n   25    0 1.0000000000 -2.3490081309e+01 -2.3696099740e+01\n   26    0 1.0000000000 -2.3447524768e+01 -2.3624645350e+01\n   27    0 1.0000000000 -2.3403416461e+01 -2.3551065258e+01\n   28    0 1.0000000000 -2.3357769472e+01 -2.3475433554e+01\n   29    0 1.0000000000 -2.3310597296e+01 -2.3397826393e+01\n   30    0 1.0000000000 -2.3261913833e+01 -2.3318321917e+01\n   31    0 1.0000000000 -2.3211733383e+01 -2.3237000182e+01\n   32    0 1.0000000000 -2.3160070632e+01 -2.3153943072e+01\n   33    0 1.0000000000 -2.3106940645e+01 -2.3069234217e+01\n   34    0 1.0000000000 -2.3052358859e+01 -2.2982958913e+01\n   35    0 1.0000000000 -2.2996341070e+01 -2.2895204031e+01\n   36    0 1.0000000000 -2.2938903425e+01 -2.2806057934e+01\n   37    0 1.0000000000 -2.2880062414e+01 -2.2715610383e+01\n   38    0 1.0000000000 -2.2819834857e+01 -2.2623952452e+01\n   39    0 1.0000000000 -2.2758237896e+01 -2.2531176433e+01\n   40    0 1.0000000000 -2.2695288984e+01 -2.2437375743e+01\n   41    0 1.0000000000 -2.2631005876e+01 -2.2342644831e+01\n   42    0 1.0000000000 -2.2565406615e+01 -2.2247079084e+01\n   43    0 1.0000000000 -2.2498509527e+01 -2.2150774728e+01\n   44    0 1.0000000000 -2.2430333206e+01 -2.2053828734e+01\n   45    0 1.0000000000 -2.2360896504e+01 -2.1956338717e+01\n   46    0 1.0000000000 -2.2290218523e+01 -2.1858402842e+01\n   47    0 1.0000000000 -2.2218318599e+01 -2.1760119723e+01\n   48    0 1.0000000000 -2.2145216297e+01 -2.1661588321e+01\n   49    0 1.0000000000 -2.2070931395e+01 -2.1562907850e+01\n   50    0 1.0000000000 -2.1995483876e+01 -2.1464177672e+01\n   51    0 1.0000000000 -2.1918893915e+01 -2.1365497201e+01\n   52    0 1.0000000000 -2.1841181870e+01 -2.1266965800e+01\n   53    0 1.0000000000 -2.1762368269e+01 -2.1168682680e+01\n   54    0 1.0000000000 -2.1682473800e+01 -2.1070746805e+01\n   55    0 1.0000000000 -2.1601519299e+01 -2.0973256789e+01\n   56    0 1.0000000000 -2.1519525739e+01 -2.0876310794e+01\n   57    0 1.0000000000 -2.1436514222e+01 -2.0780006438e+01\n   58    0 1.0000000000 -2.1352505963e+01 -2.0684440691e+01\n   59    0 1.0000000000 -2.1267522280e+01 -2.0589709779e+01\n   60    0 1.0000000000 -2.1181584588e+01 -2.0495909089e+01\n   61    0 1.0000000000 -2.1094714382e+01 -2.0403133070e+01\n   62    0 1.0000000000 -2.1006933230e+01 -2.0311475139e+01\n   63    0 1.0000000000 -2.0918262760e+01 -2.0221027589e+01\n   64    0 1.0000000000 -2.0828724651e+01 -2.0131881491e+01\n   65    0 1.0000000000 -2.0738340621e+01 -2.0044126610e+01\n   66    0 1.0000000000 -2.0647132418e+01 -1.9957851305e+01\n   67    0 1.0000000000 -2.0555121809e+01 -1.9873142451e+01\n   68    0 1.0000000000 -2.0462330569e+01 -1.9790085340e+01\n   69    0 1.0000000000 -2.0368780474e+01 -1.9708763605e+01\n   70    0 1.0000000000 -2.0274493285e+01 -1.9629259130e+01\n   71    0 1.0000000000 -2.0179490746e+01 -1.9551651968e+01\n   72    0 1.0000000000 -2.0083794566e+01 -1.9476020264e+01\n   73    0 1.0000000000 -1.9987426418e+01 -1.9402440173e+01\n   74    0 1.0000000000 -1.9890407922e+01 -1.9330985783e+01\n   75    0 1.0000000000 -1.9792760641e+01 -1.9261729043e+01\n   76    0 1.0000000000 -1.9694506070e+01 -1.9194739688e+01\n   77    0 1.0000000000 -1.9595665628e+01 -1.9130085171e+01\n   78    0 1.0000000000 -1.9496260649e+01 -1.9067830595e+01\n   79    0 1.0000000000 -1.9396312373e+01 -1.9008038643e+01\n   80    0 1.0000000000 -1.9295841939e+01 -1.8950769521e+01\n   81    0 1.0000000000 -1.9194870379e+01 -1.8896080895e+01\n   82    0 1.0000000000 -1.9093418607e+01 -1.8844027831e+01\n   83    0 1.0000000000 -1.8991507416e+01 -1.8794662742e+01\n   84    0 1.0000000000 -1.8889157467e+01 -1.8748035335e+01\n   85    0 1.0000000000 -1.8786389290e+01 -1.8704192560e+01\n   86    0 1.0000000000 -1.8683223275e+01 -1.8663178562e+01\n   87    0 1.0000000000 -1.8579679671e+01 -1.8625034639e+01\n   88    0 1.0000000000 -1.8475778585e+01 -1.8589799199e+01\n   89    0 1.0000000000 -1.8371539990e+01 -1.8557507721e+01\n   90    0 1.0000000000 -1.8266983732e+01 -1.8528192719e+01\n   91    0 1.0000000000 -1.8162129558e+01 -1.8501883712e+01\n   92    0 1.0000000000 -1.8056997172e+01 -1.8478607191e+01\n   93    0 1.0000000000 -1.7951606342e+01 -1.8458386592e+01\n   94    0 1.0000000000 -1.7845977161e+01 -1.8441242277e+01\n   95    0 1.0000000000 -1.7740130688e+01 -1.8427191508e+01\n   96    0 1.0000000000 -1.7634090891e+01 -1.8416248432e+01\n   97    0 1.0000000000 -1.7527892408e+01 -1.8408424070e+01\n   98    0 1.0000000000 -1.7421634404e+01 -1.8403726299e+01\n   99    0 1.0000000000 -1.7322486134e+01 -1.8402159850e+01\n  100    0 1.0000000000 -1.7321939877e+01 -1.8401117340e+01\n  101    0 1.0000000000 -1.7320322301e+01 -1.8397990861e+01\n  102    0 1.0000000000 -1.7317633826e+01 -1.8392783560e+01\n  103    0 1.0000000000 -1.7313875154e+01 -1.8385500681e+01\n  104    0 1.0000000000 -1.7309047265e+01 -1.8376149558e+01\n  105    0 1.0000000000 -1.7303151417e+01 -1.8364739605e+01\n  106    0 1.0000000000 -1.7296189148e+01 -1.8351282312e+01\n  107    0 1.0000000000 -1.7288162272e+01 -1.8335791229e+01\n  108    0 1.0000000000 -1.7279072881e+01 -1.8318281954e+01\n  109    0 1.0000000000 -1.7268923341e+01 -1.8298772118e+01\n  110    0 1.0000000000 -1.7257716291e+01 -1.8277281365e+01\n  111    0 1.0000000000 -1.7245454645e+01 -1.8253831335e+01\n  112    0 1.0000000000 -1.7232141585e+01 -1.8228445640e+01\n  113    0 1.0000000000 -1.7217780563e+01 -1.8201149841e+01\n  114    0 1.0000000000 -1.7202375298e+01 -1.8171971423e+01\n  115    0 1.0000000000 -1.7185929774e+01 -1.8140939766e+01\n  116    0 1.0000000000 -1.7168448239e+01 -1.8108086116e+01\n  117    0 1.0000000000 -1.7149935199e+01 -1.8073443554e+01\n  118    0 1.0000000000 -1.7130395418e+01 -1.8037046963e+01\n  119    0 1.0000000000 -1.7109833917e+01 -1.7998932989e+01\n  120    0 1.0000000000 -1.7088255969e+01 -1.7959140012e+01\n  121    0 1.0000000000 -1.7065667095e+01 -1.7917708099e+01\n  122    0 1.0000000000 -1.7042073063e+01 -1.7874678969e+01\n  123    0 1.0000000000 -1.7017479886e+01 -1.7830095947e+01\n  124    0 1.0000000000 -1.6991893816e+01 -1.7784003926e+01\n  125    0 1.0000000000 -1.6965321340e+01 -1.7736449317e+01\n  126    0 1.0000000000 -1.6937769179e+01 -1.7687480002e+01\n  127    0 1.0000000000 -1.6909244285e+01 -1.7637145291e+01\n  128    0 1.0000000000 -1.6879753834e+01 -1.7585495864e+01\n  129    0 1.0000000000 -1.6849305224e+01 -1.7532583730e+01\n  130    0 1.0000000000 -1.6817906071e+01 -1.7478462166e+01\n  131    0 1.0000000000 -1.6785564204e+01 -1.7423185668e+01\n  132    0 1.0000000000 -1.6752287663e+01 -1.7366809895e+01\n  133    0 1.0000000000 -1.6718084692e+01 -1.7309391612e+01\n  134    0 1.0000000000 -1.6682963736e+01 -1.7250988634e+01\n  135    0 1.0000000000 -1.6646933437e+01 -1.7191659770e+01\n  136    0 1.0000000000 -1.6610002629e+01 -1.7131464757e+01\n  137    0 1.0000000000 -1.6572180333e+01 -1.7070464207e+01\n  138    0 1.0000000000 -1.6533475751e+01 -1.7008719542e+01\n  139    0 1.0000000000 -1.6493898266e+01 -1.6946292934e+01\n  140    0 1.0000000000 -1.6453457432e+01 -1.6883247242e+01\n  141    0 1.0000000000 -1.6412162971e+01 -1.6819645946e+01\n  142    0 1.0000000000 -1.6370024770e+01 -1.6755553089e+01\n  143    0 1.0000000000 -1.6327052871e+01 -1.6691033205e+01\n  144    0 1.0000000000 -1.6283257473e+01 -1.6626151262e+01\n  145    0 1.0000000000 -1.6238648920e+01 -1.6560972590e+01\n  146    0 1.0000000000 -1.6193237701e+01 -1.6495562818e+01\n  147    0 1.0000000000 -1.6147034441e+01 -1.6429987808e+01\n  148    0 1.0000000000 -1.6100049899e+01 -1.6364313589e+01\n  149    0 1.0000000000 -1.6052294960e+01 -1.6298606290e+01\n  150    0 1.0000000000 -1.6003780632e+01 -1.6232932071e+01\n  151    0 1.0000000000 -1.5954518040e+01 -1.6167357061e+01\n  152    0 1.0000000000 -1.5904518420e+01 -1.6101947289e+01\n  153    0 1.0000000000 -1.5853793114e+01 -1.6036768617e+01\n  154    0 1.0000000000 -1.5802353567e+01 -1.5971886674e+01\n  155    0 1.0000000000 -1.5750211316e+01 -1.5907366790e+01\n  156    0 1.0000000000 -1.5697377992e+01 -1.5843273933e+01\n  157    0 1.0000000000 -1.5643865309e+01 -1.5779672638e+01\n  158    0 1.0000000000 -1.5589685063e+01 -1.5716626945e+01\n  159    0 1.0000000000 -1.5534849123e+01 -1.5654200337e+01\n  160    0 1.0000000000 -1.5479369428e+01 -1.5592455673e+01\n  161    0 1.0000000000 -1.5423257982e+01 -1.5531455123e+01\n  162    0 1.0000000000 -1.5366526849e+01 -1.5471260110e+01\n  163    0 1.0000000000 -1.5309188147e+01 -1.5411931245e+01\n  164    0 1.0000000000 -1.5251254044e+01 -1.5353528268e+01\n  165    0 1.0000000000 -1.5192736752e+01 -1.5296109985e+01\n  166    0 1.0000000000 -1.5133648524e+01 -1.5239734211e+01\n  167    0 1.0000000000 -1.5074001650e+01 -1.5184457713e+01\n  168    0 1.0000000000 -1.5013808450e+01 -1.5130336149e+01\n  169    0 1.0000000000 -1.4953081272e+01 -1.5077424015e+01\n  170    0 1.0000000000 -1.4891832486e+01 -1.5025774589e+01\n  171    0 1.0000000000 -1.4830074484e+01 -1.4975439877e+01\n  172    0 1.0000000000 -1.4767819674e+01 -1.4926470562e+01\n  173    0 1.0000000000 -1.4705080477e+01 -1.4878915953e+01\n  174    0 1.0000000000 -1.4641869328e+01 -1.4832823932e+01\n  175    0 1.0000000000 -1.4578198669e+01 -1.4788240911e+01\n  176    0 1.0000000000 -1.4514080956e+01 -1.4745211780e+01\n  177    0 1.0000000000 -1.4449528653e+01 -1.4703779867e+01\n  178    0 1.0000000000 -1.4384554239e+01 -1.4663986890e+01\n  179    0 1.0000000000 -1.4319170211e+01 -1.4625872916e+01\n  180    0 1.0000000000 -1.4253389092e+01 -1.4589476325e+01\n  181    0 1.0000000000 -1.4187223446e+01 -1.4554833763e+01\n  182    0 1.0000000000 -1.4120685894e+01 -1.4521980113e+01\n  183    0 1.0000000000 -1.4053789142e+01 -1.4490948456e+01\n  184    0 1.0000000000 -1.3986546029e+01 -1.4461770038e+01\n  185    0 1.0000000000 -1.3918969583e+01 -1.4434474239e+01\n  186    0 1.0000000000 -1.3851073124e+01 -1.4409088544e+01\n  187    0 1.0000000000 -1.3782870419e+01 -1.4385638514e+01\n  188    0 1.0000000000 -1.3714375921e+01 -1.4364147762e+01\n  189    0 1.0000000000 -1.3645605195e+01 -1.4344637925e+01\n  190    0 1.0000000000 -1.3576575635e+01 -1.4327128651e+01\n  191    0 1.0000000000 -1.3507307821e+01 -1.4311637568e+01\n  192    0 1.0000000000 -1.3437828210e+01 -1.4298180274e+01\n  193    0 1.0000000000 -1.3368175045e+01 -1.4286770322e+01\n  194    0 1.0000000000 -1.3298412999e+01 -1.4277419198e+01\n  195    0 1.0000000000 -1.3228676498e+01 -1.4270136319e+01\n  196    0 1.0000000000 -1.3159337555e+01 -1.4264929018e+01\n  197    0 1.0000000000 -1.3092061767e+01 -1.4261802539e+01\n  198    0 1.0000000000 -1.3047081112e+01 -1.4260760030e+01\n  199    0 1.0000000000 -1.3157365705e+01 -1.4262845181e+01\n  200    0 1.0000000000 -1.3298766035e+01 -1.4269100116e+01\n  201    0 1.0000000000 -1.3441949610e+01 -1.4279523277e+01\n  202    0 1.0000000000 -1.3586069603e+01 -1.4294112045e+01\n  203    0 1.0000000000 -1.3730937192e+01 -1.4312862714e+01\n  204    0 1.0000000000 -1.3876472894e+01 -1.4335770448e+01\n  205    0 1.0000000000 -1.4022627773e+01 -1.4362829233e+01\n  206    0 1.0000000000 -1.4169363730e+01 -1.4394031811e+01\n  207    0 1.0000000000 -1.4316646930e+01 -1.4429369608e+01\n  208    0 1.0000000000 -1.4464445172e+01 -1.4468832649e+01\n  209    0 1.0000000000 -1.4612726682e+01 -1.4512409471e+01\n  210    0 1.0000000000 -1.4761459515e+01 -1.4560087011e+01\n  211    0 1.0000000000 -1.4910611227e+01 -1.4611850503e+01\n  212    0 1.0000000000 -1.5060148685e+01 -1.4667683358e+01\n  213    0 1.0000000000 -1.5210037954e+01 -1.4727567032e+01\n  214    0 1.0000000000 -1.5360244222e+01 -1.4791480901e+01\n  215    0 1.0000000000 -1.5510731756e+01 -1.4859402114e+01\n  216    0 1.0000000000 -1.5661463872e+01 -1.4931305455e+01\n  217    0 1.0000000000 -1.5812402911e+01 -1.5007163194e+01\n  218    0 1.0000000000 -1.5963510230e+01 -1.5086944929e+01\n  219    0 1.0000000000 -1.6114746194e+01 -1.5170617441e+01\n  220    0 1.0000000000 -1.6266070169e+01 -1.5258144528e+01\n  221    0 1.0000000000 -1.6417440528e+01 -1.5349486856e+01\n  222    0 1.0000000000 -1.6568814650e+01 -1.5444601797e+01\n  223    0 1.0000000000 -1.6720148927e+01 -1.5543443276e+01\n  224    0 1.0000000000 -1.6871398770e+01 -1.5645961614e+01\n  225    0 1.0000000000 -1.7022518620e+01 -1.5752103383e+01\n  226    0 1.0000000000 -1.7173461963e+01 -1.5861811252e+01\n  227    0 1.0000000000 -1.7324181337e+01 -1.5975023852e+01\n  228    0 1.0000000000 -1.7474628352e+01 -1.6091675637e+01\n  229    0 1.0000000000 -1.7624753708e+01 -1.6211696752e+01\n  230    0 1.0000000000 -1.7774507213e+01 -1.6335012918e+01\n  231    0 1.0000000000 -1.7923837805e+01 -1.6461545315e+01\n  232    0 1.0000000000 -1.8072693573e+01 -1.6591210478e+01\n  233    0 1.0000000000 -1.8221021784e+01 -1.6723920209e+01\n  234    0 1.0000000000 -1.8368768913e+01 -1.6859581490e+01\n  235    0 1.0000000000 -1.8515880663e+01 -1.6998096414e+01\n  236    0 1.0000000000 -1.8662302004e+01 -1.7139362131e+01\n  237    0 1.0000000000 -1.8807977200e+01 -1.7283270803e+01\n  238    0 1.0000000000 -1.8952849847e+01 -1.7429709570e+01\n  239    0 1.0000000000 -1.9096862905e+01 -1.7578560540e+01\n  240    0 1.0000000000 -1.9239958738e+01 -1.7729700785e+01\n  241    0 1.0000000000 -1.9382079154e+01 -1.7883002360e+01\n  242    0 1.0000000000 -1.9523165444e+01 -1.8038332328e+01\n  243    0 1.0000000000 -1.9663158425e+01 -1.8195552815e+01\n  244    0 1.0000000000 -1.9801998488e+01 -1.8354521069e+01\n  245    0 1.0000000000 -1.9939625639e+01 -1.8515089544e+01\n  246    0 1.0000000000 -2.0075979550e+01 -1.8677105995e+01\n  247    0 1.0000000000 -2.0210999608e+01 -1.8840413597e+01\n  248    0 1.0000000000 -2.0344624964e+01 -1.9004851074e+01\n  249    0 1.0000000000 -2.0476794589e+01 -1.9170252852e+01\n  250    0 1.0000000000 -2.0607447320e+01 -1.9336449224e+01\n  251    0 1.0000000000 -2.0736521925e+01 -1.9503266533e+01\n  252    0 1.0000000000 -2.0863957149e+01 -1.9670527373e+01\n  253    0 1.0000000000 -2.0989691779e+01 -1.9838050805e+01\n  254    0 1.0000000000 -2.1113664697e+01 -2.0005652592e+01\n  255    0 1.0000000000 -2.1235814943e+01 -2.0173145445e+01\n  256    0 1.0000000000 -2.1356081772e+01 -2.0340339285e+01\n  257    0 1.0000000000 -2.1474404719e+01 -2.0507041523e+01\n  258    0 1.0000000000 -2.1590723655e+01 -2.0673057351e+01\n  259    0 1.0000000000 -2.1704978855e+01 -2.0838190048e+01\n  260    0 1.0000000000 -2.1817111057e+01 -2.1002241292e+01\n  261    0 1.0000000000 -2.1927061528e+01 -2.1165011495e+01\n  262    0 1.0000000000 -2.2034772126e+01 -2.1326300139e+01\n  263    0 1.0000000000 -2.2140185365e+01 -2.1485906126e+01\n  264    0 1.0000000000 -2.2243244477e+01 -2.1643628136e+01\n  265    0 1.0000000000 -2.2343893478e+01 -2.1799264996e+01\n  266    0 1.0000000000 -2.2442077231e+01 -2.1952616047e+01\n  267    0 1.0000000000 -2.2537741509e+01 -2.2103481530e+01\n  268    0 1.0000000000 -2.2630833060e+01 -2.2251662965e+01\n  269    0 1.0000000000 -2.2721299668e+01 -2.2396963540e+01\n  270    0 1.0000000000 -2.2809090215e+01 -2.2539188502e+01\n  271    0 1.0000000000 -2.2894154743e+01 -2.2678145546e+01\n  272    0 1.0000000000 -2.2976444518e+01 -2.2813645206e+01\n  273    0 1.0000000000 -2.3055912081e+01 -2.2945501250e+01\n  274    0 1.0000000000 -2.3132511316e+01 -2.3073531061e+01\n  275    0 1.0000000000 -2.3206197501e+01 -2.3197556027e+01\n  276    0 1.0000000000 -2.3276927367e+01 -2.3317401919e+01\n  277    0 1.0000000000 -2.3344659153e+01 -2.3432899266e+01\n  278    0 1.0000000000 -2.3409352656e+01 -2.3543883720e+01\n  279    0 1.0000000000 -2.3470969286e+01 -2.3650196418e+01\n  280    0 1.0000000000 -2.3529472112e+01 -2.3751684328e+01\n  281    0 1.0000000000 -2.3584825915e+01 -2.3848200592e+01\n  282    0 1.0000000000 -2.3636997228e+01 -2.3939604852e+01\n  283    0 1.0000000000 -2.3685954384e+01 -2.4025763565e+01\n  284    0 1.0000000000 -2.3731667557e+01 -2.4106550303e+01\n  285    0 1.0000000000 -2.3774108797e+01 -2.4181846046e+01\n  286    0 1.0000000000 -2.3813252076e+01 -2.4251539446e+01\n  287    0 1.0000000000 -2.3849073314e+01 -2.4315527086e+01\n  288    0 1.0000000000 -2.3881550415e+01 -2.4373713720e+01\n  289    0 1.0000000000 -2.3910663297e+01 -2.4426012487e+01\n  290    0 1.0000000000 -2.3936393917e+01 -2.4472345118e+01\n  291    0 1.0000000000 -2.3958726298e+01 -2.4512642117e+01\n  292    0 1.0000000000 -2.3977646550e+01 -2.4546842919e+01\n  293    0 1.0000000000 -2.3993142885e+01 -2.4574896036e+01\n  294    0 1.0000000000 -2.4005205638e+01 -2.4596759176e+01\n  295    0 1.0000000000 -2.4013827279e+01 -2.4612399341e+01\n  296    0 1.0000000000 -2.4019002420e+01 -2.4621792906e+01\n  297    0 1.0000000000 -2.4020727826e+01 -2.4624925673e+01\n