SINGLE-ORBITAL NN+NNN EFFECTIVE MODEL FIT

m=6
eon=0.0
t0=1.0
l_decay=0.75
dl=0.1
pairing=./m=6/pairing.txt
microscopic_orbitals=74

E_eff(k) = eps0 + 2*t1[cos(k.u1)+cos(k.u2)] + 4*t2*cos(k.u1)*cos(k.u2)

eps0     = -2.01726338430206e+01
t1       = -1.00856018428183e+00
t2       = -7.61306147504881e-02

RMSE=5.93204106368297e-01
MAE=4.90005402572471e-01
max_abs_error=1.27158139961465e+00
optimizer_success=True
optimizer_message=Linear least-squares solution
minimum_tracking_continuity=1.0000000000
mean_tracking_continuity=1.0000000000

# k_index idx continuity target fit\n    0    0 1.0000000000 -2.4028691974e+01 -2.4511397039e+01\n    1    0 1.0000000000 -2.4028080445e+01 -2.4510228190e+01\n    2    0 1.0000000000 -2.4026245996e+01 -2.4506722821e+01\n    3    0 1.0000000000 -2.4023189039e+01 -2.4500884461e+01\n    4    0 1.0000000000 -2.4018910261e+01 -2.4492718988e+01\n    5    0 1.0000000000 -2.4013410623e+01 -2.4482234625e+01\n    6    0 1.0000000000 -2.4006691360e+01 -2.4469441929e+01\n    7    0 1.0000000000 -2.3998753979e+01 -2.4454353780e+01\n    8    0 1.0000000000 -2.3989600262e+01 -2.4436985372e+01\n    9    0 1.0000000000 -2.3979232261e+01 -2.4417354192e+01\n   10    0 1.0000000000 -2.3967652297e+01 -2.4395480008e+01\n   11    0 1.0000000000 -2.3954862964e+01 -2.4371384845e+01\n   12    0 1.0000000000 -2.3940867121e+01 -2.4345092965e+01\n   13    0 1.0000000000 -2.3925667895e+01 -2.4316630841e+01\n   14    0 1.0000000000 -2.3909268677e+01 -2.4286027133e+01\n   15    0 1.0000000000 -2.3891673124e+01 -2.4253312656e+01\n   16    0 1.0000000000 -2.3872885153e+01 -2.4218520350e+01\n   17    0 1.0000000000 -2.3852908940e+01 -2.4181685249e+01\n   18    0 1.0000000000 -2.3831748920e+01 -2.4142844442e+01\n   19    0 1.0000000000 -2.3809409783e+01 -2.4102037039e+01\n   20    0 1.0000000000 -2.3785896474e+01 -2.4059304129e+01\n   21    0 1.0000000000 -2.3761214186e+01 -2.4014688741e+01\n   22    0 1.0000000000 -2.3735368362e+01 -2.3968235799e+01\n   23    0 1.0000000000 -2.3708364691e+01 -2.3919992076e+01\n   24    0 1.0000000000 -2.3680209105e+01 -2.3870006150e+01\n   25    0 1.0000000000 -2.3650907775e+01 -2.3818328353e+01\n   26    0 1.0000000000 -2.3620467109e+01 -2.3765010720e+01\n   27    0 1.0000000000 -2.3588893752e+01 -2.3710106938e+01\n   28    0 1.0000000000 -2.3556194576e+01 -2.3653672289e+01\n   29    0 1.0000000000 -2.3522376684e+01 -2.3595763598e+01\n   30    0 1.0000000000 -2.3487447400e+01 -2.3536439175e+01\n   31    0 1.0000000000 -2.3451414272e+01 -2.3475758755e+01\n   32    0 1.0000000000 -2.3414285063e+01 -2.3413783437e+01\n   33    0 1.0000000000 -2.3376067750e+01 -2.3350575625e+01\n   34    0 1.0000000000 -2.3336770521e+01 -2.3286198965e+01\n   35    0 1.0000000000 -2.3296401769e+01 -2.3220718278e+01\n   36    0 1.0000000000 -2.3254970090e+01 -2.3154199497e+01\n   37    0 1.0000000000 -2.3212484275e+01 -2.3086709602e+01\n   38    0 1.0000000000 -2.3168953313e+01 -2.3018316548e+01\n   39    0 1.0000000000 -2.3124386382e+01 -2.2949089203e+01\n   40    0 1.0000000000 -2.3078792843e+01 -2.2879097271e+01\n   41    0 1.0000000000 -2.3032182243e+01 -2.2808411230e+01\n   42    0 1.0000000000 -2.2984564301e+01 -2.2737102253e+01\n   43    0 1.0000000000 -2.2935948913e+01 -2.2665242144e+01\n   44    0 1.0000000000 -2.2886346140e+01 -2.2592903258e+01\n   45    0 1.0000000000 -2.2835766210e+01 -2.2520158435e+01\n   46    0 1.0000000000 -2.2784219508e+01 -2.2447080923e+01\n   47    0 1.0000000000 -2.2731716573e+01 -2.2373744306e+01\n   48    0 1.0000000000 -2.2678268097e+01 -2.2300222425e+01\n   49    0 1.0000000000 -2.2623884913e+01 -2.2226589313e+01\n   50    0 1.0000000000 -2.2568577999e+01 -2.2152919110e+01\n   51    0 1.0000000000 -2.2512358466e+01 -2.2079285998e+01\n   52    0 1.0000000000 -2.2455237557e+01 -2.2005764118e+01\n   53    0 1.0000000000 -2.2397226640e+01 -2.1932427500e+01\n   54    0 1.0000000000 -2.2338337206e+01 -2.1859349988e+01\n   55    0 1.0000000000 -2.2278580863e+01 -2.1786605165e+01\n   56    0 1.0000000000 -2.2217969328e+01 -2.1714266280e+01\n   57    0 1.0000000000 -2.2156514427e+01 -2.1642406170e+01\n   58    0 1.0000000000 -2.2094228088e+01 -2.1571097193e+01\n   59    0 1.0000000000 -2.2031122335e+01 -2.1500411152e+01\n   60    0 1.0000000000 -2.1967209283e+01 -2.1430419220e+01\n   61    0 1.0000000000 -2.1902501138e+01 -2.1361191875e+01\n   62    0 1.0000000000 -2.1837010185e+01 -2.1292798822e+01\n   63    0 1.0000000000 -2.1770748788e+01 -2.1225308926e+01\n   64    0 1.0000000000 -2.1703729382e+01 -2.1158790145e+01\n   65    0 1.0000000000 -2.1635964472e+01 -2.1093309458e+01\n   66    0 1.0000000000 -2.1567466623e+01 -2.1028932798e+01\n   67    0 1.0000000000 -2.1498248462e+01 -2.0965724986e+01\n   68    0 1.0000000000 -2.1428322664e+01 -2.0903749668e+01\n   69    0 1.0000000000 -2.1357701958e+01 -2.0843069248e+01\n   70    0 1.0000000000 -2.1286399113e+01 -2.0783744825e+01\n   71    0 1.0000000000 -2.1214426939e+01 -2.0725836135e+01\n   72    0 1.0000000000 -2.1141798279e+01 -2.0669401486e+01\n   73    0 1.0000000000 -2.1068526006e+01 -2.0614497703e+01\n   74    0 1.0000000000 -2.0994623019e+01 -2.0561180070e+01\n   75    0 1.0000000000 -2.0920102238e+01 -2.0509502273e+01\n   76    0 1.0000000000 -2.0844976598e+01 -2.0459516347e+01\n   77    0 1.0000000000 -2.0769259047e+01 -2.0411272625e+01\n   78    0 1.0000000000 -2.0692962540e+01 -2.0364819682e+01\n   79    0 1.0000000000 -2.0616100036e+01 -2.0320204294e+01\n   80    0 1.0000000000 -2.0538684495e+01 -2.0277471384e+01\n   81    0 1.0000000000 -2.0460728869e+01 -2.0236663981e+01\n   82    0 1.0000000000 -2.0382246105e+01 -2.0197823174e+01\n   83    0 1.0000000000 -2.0303249140e+01 -2.0160988073e+01\n   84    0 1.0000000000 -2.0223750892e+01 -2.0126195767e+01\n   85    0 1.0000000000 -2.0143764268e+01 -2.0093481290e+01\n   86    0 1.0000000000 -2.0063302155e+01 -2.0062877582e+01\n   87    0 1.0000000000 -1.9982377420e+01 -2.0034415459e+01\n   88    0 1.0000000000 -1.9901002918e+01 -2.0008123578e+01\n   89    0 1.0000000000 -1.9819191490e+01 -1.9984028415e+01\n   90    0 1.0000000000 -1.9736955982e+01 -1.9962154231e+01\n   91    0 1.0000000000 -1.9654309265e+01 -1.9942523052e+01\n   92    0 1.0000000000 -1.9571264285e+01 -1.9925154643e+01\n   93    0 1.0000000000 -1.9487834159e+01 -1.9910066494e+01\n   94    0 1.0000000000 -1.9404032404e+01 -1.9897273798e+01\n   95    0 1.0000000000 -1.9319873498e+01 -1.9886789435e+01\n   96    0 1.0000000000 -1.9235374580e+01 -1.9878623962e+01\n   97    0 1.0000000000 -1.9150562262e+01 -1.9872785602e+01\n   98    0 1.0000000000 -1.9065520237e+01 -1.9869280233e+01\n   99    0 1.0000000000 -1.8986965193e+01 -1.9868111384e+01\n  100    0 1.0000000000 -1.8986518146e+01 -1.9867249164e+01\n  101    0 1.0000000000 -1.8985207437e+01 -1.9864663370e+01\n  102    0 1.0000000000 -1.8983033323e+01 -1.9860356608e+01\n  103    0 1.0000000000 -1.8979996230e+01 -1.9854333213e+01\n  104    0 1.0000000000 -1.8976096752e+01 -1.9846599251e+01\n  105    0 1.0000000000 -1.8971335658e+01 -1.9837162509e+01\n  106    0 1.0000000000 -1.8965713881e+01 -1.9826032488e+01\n  107    0 1.0000000000 -1.8959232527e+01 -1.9813220397e+01\n  108    0 1.0000000000 -1.8951892871e+01 -1.9798739135e+01\n  109    0 1.0000000000 -1.8943696352e+01 -1.9782603285e+01\n  110    0 1.0000000000 -1.8934644580e+01 -1.9764829092e+01\n  111    0 1.0000000000 -1.8924739332e+01 -1.9745434456e+01\n  112    0 1.0000000000 -1.8913982549e+01 -1.9724438904e+01\n  113    0 1.0000000000 -1.8902376338e+01 -1.9701863576e+01\n  114    0 1.0000000000 -1.8889922970e+01 -1.9677731206e+01\n  115    0 1.0000000000 -1.8876624880e+01 -1.9652066091e+01\n  116    0 1.0000000000 -1.8862484665e+01 -1.9624894074e+01\n  117    0 1.0000000000 -1.8847505082e+01 -1.9596242516e+01\n  118    0 1.0000000000 -1.8831689049e+01 -1.9566140266e+01\n  119    0 1.0000000000 -1.8815039642e+01 -1.9534617634e+01\n  120    0 1.0000000000 -1.8797560094e+01 -1.9501706361e+01\n  121    0 1.0000000000 -1.8779253795e+01 -1.9467439586e+01\n  122    0 1.0000000000 -1.8760124289e+01 -1.9431851813e+01\n  123    0 1.0000000000 -1.8740175271e+01 -1.9394978875e+01\n  124    0 1.0000000000 -1.8719410590e+01 -1.9356857901e+01\n  125    0 1.0000000000 -1.8697834243e+01 -1.9317527274e+01\n  126    0 1.0000000000 -1.8675450375e+01 -1.9277026598e+01\n  127    0 1.0000000000 -1.8652263277e+01 -1.9235396654e+01\n  128    0 1.0000000000 -1.8628277387e+01 -1.9192679359e+01\n  129    0 1.0000000000 -1.8603497281e+01 -1.9148917725e+01\n  130    0 1.0000000000 -1.8577927678e+01 -1.9104155818e+01\n  131    0 1.0000000000 -1.8551573437e+01 -1.9058438708e+01\n  132    0 1.0000000000 -1.8524439550e+01 -1.9011812429e+01\n  133    0 1.0000000000 -1.8496531145e+01 -1.8964323930e+01\n  134    0 1.0000000000 -1.8467853483e+01 -1.8916021027e+01\n  135    0 1.0000000000 -1.8438411955e+01 -1.8866952357e+01\n  136    0 1.0000000000 -1.8408212078e+01 -1.8817167329e+01\n  137    0 1.0000000000 -1.8377259496e+01 -1.8766716072e+01\n  138    0 1.0000000000 -1.8345559977e+01 -1.8715649385e+01\n  139    0 1.0000000000 -1.8313119408e+01 -1.8664018689e+01\n  140    0 1.0000000000 -1.8279943796e+01 -1.8611875971e+01\n  141    0 1.0000000000 -1.8246039262e+01 -1.8559273735e+01\n  142    0 1.0000000000 -1.8211412044e+01 -1.8506264946e+01\n  143    0 1.0000000000 -1.8176068487e+01 -1.8452902981e+01\n  144    0 1.0000000000 -1.8140015047e+01 -1.8399241569e+01\n  145    0 1.0000000000 -1.8103258285e+01 -1.8345334744e+01\n  146    0 1.0000000000 -1.8065804867e+01 -1.8291236785e+01\n  147    0 1.0000000000 -1.8027661556e+01 -1.8237002164e+01\n  148    0 1.0000000000 -1.7988835218e+01 -1.8182685491e+01\n  149    0 1.0000000000 -1.7949332810e+01 -1.8128341458e+01\n  150    0 1.0000000000 -1.7909161383e+01 -1.8074024785e+01\n  151    0 1.0000000000 -1.7868328080e+01 -1.8019790164e+01\n  152    0 1.0000000000 -1.7826840127e+01 -1.7965692205e+01\n  153    0 1.0000000000 -1.7784704839e+01 -1.7911785380e+01\n  154    0 1.0000000000 -1.7741929610e+01 -1.7858123968e+01\n  155    0 1.0000000000 -1.7698521912e+01 -1.7804762003e+01\n  156    0 1.0000000000 -1.7654489296e+01 -1.7751753214e+01\n  157    0 1.0000000000 -1.7609839384e+01 -1.7699150978e+01\n  158    0 1.0000000000 -1.7564579868e+01 -1.7647008260e+01\n  159    0 1.0000000000 -1.7518718511e+01 -1.7595377564e+01\n  160    0 1.0000000000 -1.7472263137e+01 -1.7544310877e+01\n  161    0 1.0000000000 -1.7425221635e+01 -1.7493859620e+01\n  162    0 1.0000000000 -1.7377601950e+01 -1.7444074592e+01\n  163    0 1.0000000000 -1.7329412086e+01 -1.7395005922e+01\n  164    0 1.0000000000 -1.7280660100e+01 -1.7346703019e+01\n  165    0 1.0000000000 -1.7231354100e+01 -1.7299214520e+01\n  166    0 1.0000000000 -1.7181502241e+01 -1.7252588241e+01\n  167    0 1.0000000000 -1.7131112723e+01 -1.7206871131e+01\n  168    0 1.0000000000 -1.7080193791e+01 -1.7162109224e+01\n  169    0 1.0000000000 -1.7028753728e+01 -1.7118347590e+01\n  170    0 1.0000000000 -1.6976800855e+01 -1.7075630295e+01\n  171    0 1.0000000000 -1.6924343526e+01 -1.7034000350e+01\n  172    0 1.0000000000 -1.6871390129e+01 -1.6993499675e+01\n  173    0 1.0000000000 -1.6817949080e+01 -1.6954169048e+01\n  174    0 1.0000000000 -1.6764028824e+01 -1.6916048074e+01\n  175    0 1.0000000000 -1.6709637829e+01 -1.6879175136e+01\n  176    0 1.0000000000 -1.6654784588e+01 -1.6843587363e+01\n  177    0 1.0000000000 -1.6599477610e+01 -1.6809320588e+01\n  178    0 1.0000000000 -1.6543725429e+01 -1.6776409315e+01\n  179    0 1.0000000000 -1.6487536593e+01 -1.6744886683e+01\n  180    0 1.0000000000 -1.6430919667e+01 -1.6714784433e+01\n  181    0 1.0000000000 -1.6373883231e+01 -1.6686132875e+01\n  182    0 1.0000000000 -1.6316435885e+01 -1.6658960858e+01\n  183    0 1.0000000000 -1.6258586244e+01 -1.6633295743e+01\n  184    0 1.0000000000 -1.6200342945e+01 -1.6609163372e+01\n  185    0 1.0000000000 -1.6141714656e+01 -1.6586588045e+01\n  186    0 1.0000000000 -1.6082710081e+01 -1.6565592493e+01\n  187    0 1.0000000000 -1.6023337981e+01 -1.6546197856e+01\n  188    0 1.0000000000 -1.5963607206e+01 -1.6528423664e+01\n  189    0 1.0000000000 -1.5903526744e+01 -1.6512287814e+01\n  190    0 1.0000000000 -1.5843105818e+01 -1.6497806552e+01\n  191    0 1.0000000000 -1.5782354058e+01 -1.6484994461e+01\n  192    0 1.0000000000 -1.5721281859e+01 -1.6473864440e+01\n  193    0 1.0000000000 -1.5659901166e+01 -1.6464427698e+01\n  194    0 1.0000000000 -1.5598227444e+01 -1.6456693736e+01\n  195    0 1.0000000000 -1.5536285632e+01 -1.6450670341e+01\n  196    0 1.0000000000 -1.5474134084e+01 -1.6446363579e+01\n  197    0 1.0000000000 -1.5412033538e+01 -1.6443777785e+01\n  198    0 1.0000000000 -1.5361239384e+01 -1.6442915565e+01\n  199    0 1.0000000000 -1.5469951750e+01 -1.6444640083e+01\n  200    0 1.0000000000 -1.5595842067e+01 -1.6449812827e+01\n  201    0 1.0000000000 -1.5722139597e+01 -1.6458431361e+01\n  202    0 1.0000000000 -1.5848633090e+01 -1.6470491617e+01\n  203    0 1.0000000000 -1.5975264202e+01 -1.6485987879e+01\n  204    0 1.0000000000 -1.6101998223e+01 -1.6504912764e+01\n  205    0 1.0000000000 -1.6228806660e+01 -1.6527257195e+01\n  206    0 1.0000000000 -1.6355662999e+01 -1.6553010370e+01\n  207    0 1.0000000000 -1.6482541316e+01 -1.6582159729e+01\n  208    0 1.0000000000 -1.6609415725e+01 -1.6614690906e+01\n  209    0 1.0000000000 -1.6736260141e+01 -1.6650587690e+01\n  210    0 1.0000000000 -1.6863048151e+01 -1.6689831973e+01\n  211    0 1.0000000000 -1.6989752958e+01 -1.6732403691e+01\n  212    0 1.0000000000 -1.7116347347e+01 -1.6778280773e+01\n  213    0 1.0000000000 -1.7242803664e+01 -1.6827439075e+01\n  214    0 1.0000000000 -1.7369093813e+01 -1.6879852315e+01\n  215    0 1.0000000000 -1.7495189250e+01 -1.6935492010e+01\n  216    0 1.0000000000 -1.7621060984e+01 -1.6994327401e+01\n  217    0 1.0000000000 -1.7746679581e+01 -1.7056325388e+01\n  218    0 1.0000000000 -1.7872015170e+01 -1.7121450457e+01\n  219    0 1.0000000000 -1.7997037448e+01 -1.7189664602e+01\n  220    0 1.0000000000 -1.8121715690e+01 -1.7260927259e+01\n  221    0 1.0000000000 -1.8246018756e+01 -1.7335195230e+01\n  222    0 1.0000000000 -1.8369915100e+01 -1.7412422614e+01\n  223    0 1.0000000000 -1.8493372786e+01 -1.7492560733e+01\n  224    0 1.0000000000 -1.8616359493e+01 -1.7575558068e+01\n  225    0 1.0000000000 -1.8738842530e+01 -1.7661360190e+01\n  226    0 1.0000000000 -1.8860788851e+01 -1.7749909701e+01\n  227    0 1.0000000000 -1.8982165066e+01 -1.7841146171e+01\n  228    0 1.0000000000 -1.9102937455e+01 -1.7935006088e+01\n  229    0 1.0000000000 -1.9223071986e+01 -1.8031422802e+01\n  230    0 1.0000000000 -1.9342534328e+01 -1.8130326485e+01\n  231    0 1.0000000000 -1.9461289869e+01 -1.8231644089e+01\n  232    0 1.0000000000 -1.9579303734e+01 -1.8335299314e+01\n  233    0 1.0000000000 -1.9696540798e+01 -1.8441212578e+01\n  234    0 1.0000000000 -1.9812965712e+01 -1.8549301004e+01\n  235    0 1.0000000000 -1.9928542914e+01 -1.8659478399e+01\n  236    0 1.0000000000 -2.0043236657e+01 -1.8771655257e+01\n  237    0 1.0000000000 -2.0157011021e+01 -1.8885738760e+01\n  238    0 1.0000000000 -2.0269829939e+01 -1.9001632790e+01\n  239    0 1.0000000000 -2.0381657219e+01 -1.9119237949e+01\n  240    0 1.0000000000 -2.0492456560e+01 -1.9238451593e+01\n  241    0 1.0000000000 -2.0602191582e+01 -1.9359167869e+01\n  242    0 1.0000000000 -2.0710825845e+01 -1.9481277766e+01\n  243    0 1.0000000000 -2.0818322872e+01 -1.9604669175e+01\n  244    0 1.0000000000 -2.0924646175e+01 -1.9729226953e+01\n  245    0 1.0000000000 -2.1029759280e+01 -1.9854833009e+01\n  246    0 1.0000000000 -2.1133625748e+01 -1.9981366390e+01\n  247    0 1.0000000000 -2.1236209203e+01 -2.0108703382e+01\n  248    0 1.0000000000 -2.1337473361e+01 -2.0236717618e+01\n  249    0 1.0000000000 -2.1437382049e+01 -2.0365280197e+01\n  250    0 1.0000000000 -2.1535899237e+01 -2.0494259818e+01\n  251    0 1.0000000000 -2.1632989062e+01 -2.0623522915e+01\n  252    0 1.0000000000 -2.1728615856e+01 -2.0752933811e+01\n  253    0 1.0000000000 -2.1822744173e+01 -2.0882354871e+01\n  254    0 1.0000000000 -2.1915338815e+01 -2.1011646676e+01\n  255    0 1.0000000000 -2.2006364862e+01 -2.1140668196e+01\n  256    0 1.0000000000 -2.2095787699e+01 -2.1269276978e+01\n  257    0 1.0000000000 -2.2183573043e+01 -2.1397329337e+01\n  258    0 1.0000000000 -2.2269686970e+01 -2.1524680563e+01\n  259    0 1.0000000000 -2.2354095946e+01 -2.1651185125e+01\n  260    0 1.0000000000 -2.2436766852e+01 -2.1776696888e+01\n  261    0 1.0000000000 -2.2517667012e+01 -2.1901069340e+01\n  262    0 1.0000000000 -2.2596764224e+01 -2.2024155816e+01\n  263    0 1.0000000000 -2.2674026783e+01 -2.2145809731e+01\n  264    0 1.0000000000 -2.2749423511e+01 -2.2265884826e+01\n  265    0 1.0000000000 -2.2822923786e+01 -2.2384235403e+01\n  266    0 1.0000000000 -2.2894497566e+01 -2.2500716575e+01\n  267    0 1.0000000000 -2.2964115414e+01 -2.2615184517e+01\n  268    0 1.0000000000 -2.3031748532e+01 -2.2727496713e+01\n  269    0 1.0000000000 -2.3097368780e+01 -2.2837512214e+01\n  270    0 1.0000000000 -2.3160948704e+01 -2.2945091890e+01\n  271    0 1.0000000000 -2.3222461560e+01 -2.3050098685e+01\n  272    0 1.0000000000 -2.3281881343e+01 -2.3152397869e+01\n  273    0 1.0000000000 -2.3339182807e+01 -2.3251857293e+01\n  274    0 1.0000000000 -2.3394341489e+01 -2.3348347636e+01\n  275    0 1.0000000000 -2.3447333735e+01 -2.3441742656e+01\n  276    0 1.0000000000 -2.3498136718e+01 -2.3531919434e+01\n  277    0 1.0000000000 -2.3546728466e+01 -2.3618758611e+01\n  278    0 1.0000000000 -2.3593087875e+01 -2.3702144626e+01\n  279    0 1.0000000000 -2.3637194739e+01 -2.3781965946e+01\n  280    0 1.0000000000 -2.3679029761e+01 -2.3858115284e+01\n  281    0 1.0000000000 -2.3718574576e+01 -2.3930489826e+01\n  282    0 1.0000000000 -2.3755811770e+01 -2.3998991426e+01\n  283    0 1.0000000000 -2.3790724894e+01 -2.4063526820e+01\n  284    0 1.0000000000 -2.3823298482e+01 -2.4124007808e+01\n  285    0 1.0000000000 -2.3853518067e+01 -2.4180351441e+01\n  286    0 1.0000000000 -2.3881370193e+01 -2.4232480192e+01\n  287    0 1.0000000000 -2.3906842432e+01 -2.4280322118e+01\n  288    0 1.0000000000 -2.3929923392e+01 -2.4323811011e+01\n  289    0 1.0000000000 -2.3950602733e+01 -2.4362886536e+01\n  290    0 1.0000000000 -2.3968871175e+01 -2.4397494360e+01\n  291    0 1.0000000000 -2.3984720505e+01 -2.4427586267e+01\n  292    0 1.0000000000 -2.3998143591e+01 -2.4453120259e+01\n  293    0 1.0000000000 -2.4009134386e+01 -2.4474060647e+01\n  294    0 1.0000000000 -2.4017687931e+01 -2.4490378126e+01\n  295    0 1.0000000000 -2.4023800368e+01 -2.4502049837e+01\n  296    0 1.0000000000 -2.4027468934e+01 -2.4509059419e+01\n  297    0 1.0000000000 -2.4028691974e+01 -2.4511397039e+01\n