SINGLE-ORBITAL NN+NNN EFFECTIVE MODEL FIT

m=7
eon=0.0
t0=1.0
l_decay=0.75
dl=0.1
pairing=./m=7/pairing.txt
microscopic_orbitals=100

E_eff(k) = eps0 + 2*t1[cos(k.u1)+cos(k.u2)] + 4*t2*cos(k.u1)*cos(k.u2)

eps0     = -2.10478736909964e+01
t1       = -7.98317535003343e-01
t2       = -4.70186549330326e-02

RMSE=4.88707676419766e-01
MAE=4.00776183848770e-01
max_abs_error=1.05487654182667e+00
optimizer_success=True
optimizer_message=Linear least-squares solution
minimum_tracking_continuity=1.0000000000
mean_tracking_continuity=1.0000000000

# k_index idx continuity target fit\n    0    0 1.0000000000 -2.4041208784e+01 -2.4429218451e+01\n    1    0 1.0000000000 -2.4040754994e+01 -2.4428319925e+01\n    2    0 1.0000000000 -2.4039393701e+01 -2.4425625253e+01\n    3    0 1.0000000000 -2.4037125135e+01 -2.4421137147e+01\n    4    0 1.0000000000 -2.4033949678e+01 -2.4414860127e+01\n    5    0 1.0000000000 -2.4029867866e+01 -2.4406800514e+01\n    6    0 1.0000000000 -2.4024880387e+01 -2.4396966422e+01\n    7    0 1.0000000000 -2.4018988083e+01 -2.4385367753e+01\n    8    0 1.0000000000 -2.4012191946e+01 -2.4372016188e+01\n    9    0 1.0000000000 -2.4004493120e+01 -2.4356925168e+01\n   10    0 1.0000000000 -2.3995892903e+01 -2.4340109891e+01\n   11    0 1.0000000000 -2.3986392739e+01 -2.4321587287e+01\n   12    0 1.0000000000 -2.3975994228e+01 -2.4301376007e+01\n   13    0 1.0000000000 -2.3964699115e+01 -2.4279496402e+01\n   14    0 1.0000000000 -2.3952509295e+01 -2.4255970503e+01\n   15    0 1.0000000000 -2.3939426813e+01 -2.4230821999e+01\n   16    0 1.0000000000 -2.3925453861e+01 -2.4204076212e+01\n   17    0 1.0000000000 -2.3910592776e+01 -2.4175760072e+01\n   18    0 1.0000000000 -2.3894846043e+01 -2.4145902093e+01\n   19    0 1.0000000000 -2.3878216289e+01 -2.4114532337e+01\n   20    0 1.0000000000 -2.3860706288e+01 -2.4081682392e+01\n   21    0 1.0000000000 -2.3842318955e+01 -2.4047385336e+01\n   22    0 1.0000000000 -2.3823057346e+01 -2.4011675701e+01\n   23    0 1.0000000000 -2.3802924661e+01 -2.3974589446e+01\n   24    0 1.0000000000 -2.3781924236e+01 -2.3936163912e+01\n   25    0 1.0000000000 -2.3760059545e+01 -2.3896437790e+01\n   26    0 1.0000000000 -2.3737334202e+01 -2.3855451082e+01\n   27    0 1.0000000000 -2.3713751953e+01 -2.3813245058e+01\n   28    0 1.0000000000 -2.3689316680e+01 -2.3769862216e+01\n   29    0 1.0000000000 -2.3664032398e+01 -2.3725346238e+01\n   30    0 1.0000000000 -2.3637903251e+01 -2.3679741948e+01\n   31    0 1.0000000000 -2.3610933516e+01 -2.3633095266e+01\n   32    0 1.0000000000 -2.3583127596e+01 -2.3585453162e+01\n   33    0 1.0000000000 -2.3554490019e+01 -2.3536863606e+01\n   34    0 1.0000000000 -2.3525025442e+01 -2.3487375524e+01\n   35    0 1.0000000000 -2.3494738640e+01 -2.3437038747e+01\n   36    0 1.0000000000 -2.3463634514e+01 -2.3385903960e+01\n   37    0 1.0000000000 -2.3431718083e+01 -2.3334022650e+01\n   38    0 1.0000000000 -2.3398994482e+01 -2.3281447059e+01\n   39    0 1.0000000000 -2.3365468964e+01 -2.3228230124e+01\n   40    0 1.0000000000 -2.3331146897e+01 -2.3174425432e+01\n   41    0 1.0000000000 -2.3296033758e+01 -2.3120087158e+01\n   42    0 1.0000000000 -2.3260135137e+01 -2.3065270018e+01\n   43    0 1.0000000000 -2.3223456732e+01 -2.3010029206e+01\n   44    0 1.0000000000 -2.3186004345e+01 -2.2954420346e+01\n   45    0 1.0000000000 -2.3147783884e+01 -2.2898499432e+01\n   46    0 1.0000000000 -2.3108801360e+01 -2.2842322770e+01\n   47    0 1.0000000000 -2.3069062882e+01 -2.2785946927e+01\n   48    0 1.0000000000 -2.3028574659e+01 -2.2729428667e+01\n   49    0 1.0000000000 -2.2987342993e+01 -2.2672824900e+01\n   50    0 1.0000000000 -2.2945374283e+01 -2.2616192622e+01\n   51    0 1.0000000000 -2.2902675017e+01 -2.2559588855e+01\n   52    0 1.0000000000 -2.2859251773e+01 -2.2503070595e+01\n   53    0 1.0000000000 -2.2815111216e+01 -2.2446694752e+01\n   54    0 1.0000000000 -2.2770260096e+01 -2.2390518090e+01\n   55    0 1.0000000000 -2.2724705245e+01 -2.2334597176e+01\n   56    0 1.0000000000 -2.2678453576e+01 -2.2278988316e+01\n   57    0 1.0000000000 -2.2631512078e+01 -2.2223747504e+01\n   58    0 1.0000000000 -2.2583887819e+01 -2.2168930364e+01\n   59    0 1.0000000000 -2.2535587936e+01 -2.2114592090e+01\n   60    0 1.0000000000 -2.2486619641e+01 -2.2060787398e+01\n   61    0 1.0000000000 -2.2436990213e+01 -2.2007570463e+01\n   62    0 1.0000000000 -2.2386706996e+01 -2.1954994872e+01\n   63    0 1.0000000000 -2.2335777399e+01 -2.1903113562e+01\n   64    0 1.0000000000 -2.2284208894e+01 -2.1851978775e+01\n   65    0 1.0000000000 -2.2232009011e+01 -2.1801641998e+01\n   66    0 1.0000000000 -2.2179185336e+01 -2.1752153916e+01\n   67    0 1.0000000000 -2.2125745510e+01 -2.1703564360e+01\n   68    0 1.0000000000 -2.2071697227e+01 -2.1655922256e+01\n   69    0 1.0000000000 -2.2017048230e+01 -2.1609275574e+01\n   70    0 1.0000000000 -2.1961806309e+01 -2.1563671284e+01\n   71    0 1.0000000000 -2.1905979301e+01 -2.1519155306e+01\n   72    0 1.0000000000 -2.1849575083e+01 -2.1475772464e+01\n   73    0 1.0000000000 -2.1792601574e+01 -2.1433566440e+01\n   74    0 1.0000000000 -2.1735066731e+01 -2.1392579732e+01\n   75    0 1.0000000000 -2.1676978546e+01 -2.1352853610e+01\n   76    0 1.0000000000 -2.1618345043e+01 -2.1314428076e+01\n   77    0 1.0000000000 -2.1559174281e+01 -2.1277341821e+01\n   78    0 1.0000000000 -2.1499474344e+01 -2.1241632186e+01\n   79    0 1.0000000000 -2.1439253343e+01 -2.1207335130e+01\n   80    0 1.0000000000 -2.1378519415e+01 -2.1174485185e+01\n   81    0 1.0000000000 -2.1317280716e+01 -2.1143115429e+01\n   82    0 1.0000000000 -2.1255545425e+01 -2.1113257450e+01\n   83    0 1.0000000000 -2.1193321735e+01 -2.1084941310e+01\n   84    0 1.0000000000 -2.1130617856e+01 -2.1058195523e+01\n   85    0 1.0000000000 -2.1067442011e+01 -2.1033047019e+01\n   86    0 1.0000000000 -2.1003802433e+01 -2.1009521120e+01\n   87    0 1.0000000000 -2.0939707364e+01 -2.0987641515e+01\n   88    0 1.0000000000 -2.0875165053e+01 -2.0967430235e+01\n   89    0 1.0000000000 -2.0810183753e+01 -2.0948907631e+01\n   90    0 1.0000000000 -2.0744771719e+01 -2.0932092354e+01\n   91    0 1.0000000000 -2.0678937207e+01 -2.0917001334e+01\n   92    0 1.0000000000 -2.0612688473e+01 -2.0903649769e+01\n   93    0 1.0000000000 -2.0546033770e+01 -2.0892051100e+01\n   94    0 1.0000000000 -2.0478981347e+01 -2.0882217008e+01\n   95    0 1.0000000000 -2.0411539455e+01 -2.0874157395e+01\n   96    0 1.0000000000 -2.0343716355e+01 -2.0867880375e+01\n   97    0 1.0000000000 -2.0275520365e+01 -2.0863392269e+01\n   98    0 1.0000000000 -2.0206960219e+01 -2.0860697597e+01\n   99    0 1.0000000000 -2.0138583904e+01 -2.0859799071e+01\n  100    0 1.0000000000 -2.0138235099e+01 -2.0859089921e+01\n  101    0 1.0000000000 -2.0137188739e+01 -2.0856963183e+01\n  102    0 1.0000000000 -2.0135444983e+01 -2.0853421000e+01\n  103    0 1.0000000000 -2.0133004097e+01 -2.0848466939e+01\n  104    0 1.0000000000 -2.0129866452e+01 -2.0842105987e+01\n  105    0 1.0000000000 -2.0126032527e+01 -2.0834344549e+01\n  106    0 1.0000000000 -2.0121502907e+01 -2.0825190441e+01\n  107    0 1.0000000000 -2.0116278281e+01 -2.0814652880e+01\n  108    0 1.0000000000 -2.0110359443e+01 -2.0802742476e+01\n  109    0 1.0000000000 -2.0103747296e+01 -2.0789471222e+01\n  110    0 1.0000000000 -2.0096442843e+01 -2.0774852482e+01\n  111    0 1.0000000000 -2.0088447196e+01 -2.0758900975e+01\n  112    0 1.0000000000 -2.0079761568e+01 -2.0741632762e+01\n  113    0 1.0000000000 -2.0070387277e+01 -2.0723065232e+01\n  114    0 1.0000000000 -2.0060325744e+01 -2.0703217081e+01\n  115    0 1.0000000000 -2.0049578493e+01 -2.0682108293e+01\n  116    0 1.0000000000 -2.0038147150e+01 -2.0659760124e+01\n  117    0 1.0000000000 -2.0026033444e+01 -2.0636195076e+01\n  118    0 1.0000000000 -2.0013239203e+01 -2.0611436877e+01\n  119    0 1.0000000000 -1.9999766357e+01 -2.0585510458e+01\n  120    0 1.0000000000 -1.9985616935e+01 -2.0558441922e+01\n  121    0 1.0000000000 -1.9970793066e+01 -2.0530258527e+01\n  122    0 1.0000000000 -1.9955296977e+01 -2.0500988650e+01\n  123    0 1.0000000000 -1.9939130993e+01 -2.0470661764e+01\n  124    0 1.0000000000 -1.9922297534e+01 -2.0439308405e+01\n  125    0 1.0000000000 -1.9904799119e+01 -2.0406960143e+01\n  126    0 1.0000000000 -1.9886638360e+01 -2.0373649551e+01\n  127    0 1.0000000000 -1.9867817964e+01 -2.0339410170e+01\n  128    0 1.0000000000 -1.9848340732e+01 -2.0304276475e+01\n  129    0 1.0000000000 -1.9828209557e+01 -2.0268283843e+01\n  130    0 1.0000000000 -1.9807427424e+01 -2.0231468516e+01\n  131    0 1.0000000000 -1.9785997407e+01 -2.0193867563e+01\n  132    0 1.0000000000 -1.9763922670e+01 -2.0155518846e+01\n  133    0 1.0000000000 -1.9741206467e+01 -2.0116460979e+01\n  134    0 1.0000000000 -1.9717852137e+01 -2.0076733289e+01\n  135    0 1.0000000000 -1.9693863108e+01 -2.0036375779e+01\n  136    0 1.0000000000 -1.9669242891e+01 -1.9995429085e+01\n  137    0 1.0000000000 -1.9643995081e+01 -1.9953934438e+01\n  138    0 1.0000000000 -1.9618123357e+01 -1.9911933619e+01\n  139    0 1.0000000000 -1.9591631478e+01 -1.9869468919e+01\n  140    0 1.0000000000 -1.9564523285e+01 -1.9826583096e+01\n  141    0 1.0000000000 -1.9536802697e+01 -1.9783319333e+01\n  142    0 1.0000000000 -1.9508473712e+01 -1.9739721194e+01\n  143    0 1.0000000000 -1.9479540403e+01 -1.9695832576e+01\n  144    0 1.0000000000 -1.9450006919e+01 -1.9651697674e+01\n  145    0 1.0000000000 -1.9419877483e+01 -1.9607360926e+01\n  146    0 1.0000000000 -1.9389156391e+01 -1.9562866976e+01\n  147    0 1.0000000000 -1.9357848010e+01 -1.9518260626e+01\n  148    0 1.0000000000 -1.9325956776e+01 -1.9473586790e+01\n  149    0 1.0000000000 -1.9293487194e+01 -1.9428890452e+01\n  150    0 1.0000000000 -1.9260443837e+01 -1.9384216616e+01\n  151    0 1.0000000000 -1.9226831342e+01 -1.9339610266e+01\n  152    0 1.0000000000 -1.9192654412e+01 -1.9295116316e+01\n  153    0 1.0000000000 -1.9157917811e+01 -1.9250779568e+01\n  154    0 1.0000000000 -1.9122626366e+01 -1.9206644666e+01\n  155    0 1.0000000000 -1.9086784962e+01 -1.9162756048e+01\n  156    0 1.0000000000 -1.9050398543e+01 -1.9119157909e+01\n  157    0 1.0000000000 -1.9013472112e+01 -1.9075894146e+01\n  158    0 1.0000000000 -1.8976010723e+01 -1.9033008323e+01\n  159    0 1.0000000000 -1.8938019489e+01 -1.8990543623e+01\n  160    0 1.0000000000 -1.8899503572e+01 -1.8948542804e+01\n  161    0 1.0000000000 -1.8860468185e+01 -1.8907048157e+01\n  162    0 1.0000000000 -1.8820918591e+01 -1.8866101463e+01\n  163    0 1.0000000000 -1.8780860102e+01 -1.8825743953e+01\n  164    0 1.0000000000 -1.8740298075e+01 -1.8786016263e+01\n  165    0 1.0000000000 -1.8699237912e+01 -1.8746958396e+01\n  166    0 1.0000000000 -1.8657685058e+01 -1.8708609679e+01\n  167    0 1.0000000000 -1.8615645000e+01 -1.8671008726e+01\n  168    0 1.0000000000 -1.8573123267e+01 -1.8634193399e+01\n  169    0 1.0000000000 -1.8530125425e+01 -1.8598200767e+01\n  170    0 1.0000000000 -1.8486657077e+01 -1.8563067072e+01\n  171    0 1.0000000000 -1.8442723864e+01 -1.8528827691e+01\n  172    0 1.0000000000 -1.8398331461e+01 -1.8495517099e+01\n  173    0 1.0000000000 -1.8353485574e+01 -1.8463168837e+01\n  174    0 1.0000000000 -1.8308191944e+01 -1.8431815478e+01\n  175    0 1.0000000000 -1.8262456341e+01 -1.8401488592e+01\n  176    0 1.0000000000 -1.8216284565e+01 -1.8372218715e+01\n  177    0 1.0000000000 -1.8169682445e+01 -1.8344035320e+01\n  178    0 1.0000000000 -1.8122655836e+01 -1.8316966784e+01\n  179    0 1.0000000000 -1.8075210622e+01 -1.8291040365e+01\n  180    0 1.0000000000 -1.8027352713e+01 -1.8266282166e+01\n  181    0 1.0000000000 -1.7979088046e+01 -1.8242717118e+01\n  182    0 1.0000000000 -1.7930422583e+01 -1.8220368949e+01\n  183    0 1.0000000000 -1.7881362319e+01 -1.8199260161e+01\n  184    0 1.0000000000 -1.7831913277e+01 -1.8179412010e+01\n  185    0 1.0000000000 -1.7782081519e+01 -1.8160844480e+01\n  186    0 1.0000000000 -1.7731873152e+01 -1.8143576267e+01\n  187    0 1.0000000000 -1.7681294338e+01 -1.8127624760e+01\n  188    0 1.0000000000 -1.7630351324e+01 -1.8113006020e+01\n  189    0 1.0000000000 -1.7579050470e+01 -1.8099734766e+01\n  190    0 1.0000000000 -1.7527398326e+01 -1.8087824362e+01\n  191    0 1.0000000000 -1.7475401750e+01 -1.8077286801e+01\n  192    0 1.0000000000 -1.7423068168e+01 -1.8068132693e+01\n  193    0 1.0000000000 -1.7370406132e+01 -1.8060371255e+01\n  194    0 1.0000000000 -1.7317426719e+01 -1.8054010303e+01\n  195    0 1.0000000000 -1.7264147729e+01 -1.8049056241e+01\n  196    0 1.0000000000 -1.7210610406e+01 -1.8045514059e+01\n  197    0 1.0000000000 -1.7156994820e+01 -1.8043387321e+01\n  198    0 1.0000000000 -1.7110805290e+01 -1.8042678171e+01\n  199    0 1.0000000000 -1.7210823313e+01 -1.8044096519e+01\n  200    0 1.0000000000 -1.7319327658e+01 -1.8048350709e+01\n  201    0 1.0000000000 -1.7427809879e+01 -1.8055438168e+01\n  202    0 1.0000000000 -1.7536169028e+01 -1.8065354609e+01\n  203    0 1.0000000000 -1.7644370069e+01 -1.8078094015e+01\n  204    0 1.0000000000 -1.7752388776e+01 -1.8093648635e+01\n  205    0 1.0000000000 -1.7860203833e+01 -1.8112008971e+01\n  206    0 1.0000000000 -1.7967794870e+01 -1.8133163760e+01\n  207    0 1.0000000000 -1.8075141807e+01 -1.8157099958e+01\n  208    0 1.0000000000 -1.8182224594e+01 -1.8183802718e+01\n  209    0 1.0000000000 -1.8289023097e+01 -1.8213255373e+01\n  210    0 1.0000000000 -1.8395517043e+01 -1.8245439403e+01\n  211    0 1.0000000000 -1.8501685993e+01 -1.8280334419e+01\n  212    0 1.0000000000 -1.8607509328e+01 -1.8317918124e+01\n  213    0 1.0000000000 -1.8712966244e+01 -1.8358166295e+01\n  214    0 1.0000000000 -1.8818035754e+01 -1.8401052743e+01\n  215    0 1.0000000000 -1.8922696686e+01 -1.8446549288e+01\n  216    0 1.0000000000 -1.9026927688e+01 -1.8494625725e+01\n  217    0 1.0000000000 -1.9130707233e+01 -1.8545249789e+01\n  218    0 1.0000000000 -1.9234013625e+01 -1.8598387126e+01\n  219    0 1.0000000000 -1.9336825004e+01 -1.8654001261e+01\n  220    0 1.0000000000 -1.9439119355e+01 -1.8712053562e+01\n  221    0 1.0000000000 -1.9540874513e+01 -1.8772503213e+01\n  222    0 1.0000000000 -1.9642068173e+01 -1.8835307183e+01\n  223    0 1.0000000000 -1.9742677897e+01 -1.8900420195e+01\n  224    0 1.0000000000 -1.9842681122e+01 -1.8967794704e+01\n  225    0 1.0000000000 -1.9942055169e+01 -1.9037380869e+01\n  226    0 1.0000000000 -2.0040777253e+01 -1.9109126529e+01\n  227    0 1.0000000000 -2.0138824492e+01 -1.9182977190e+01\n  228    0 1.0000000000 -2.0236173917e+01 -1.9258876001e+01\n  229    0 1.0000000000 -2.0332802480e+01 -1.9336763745e+01\n  230    0 1.0000000000 -2.0428687065e+01 -1.9416578828e+01\n  231    0 1.0000000000 -2.0523804501e+01 -1.9498257276e+01\n  232    0 1.0000000000 -2.0618131568e+01 -1.9581732727e+01\n  233    0 1.0000000000 -2.0711645013e+01 -1.9666936441e+01\n  234    0 1.0000000000 -2.0804321556e+01 -1.9753797302e+01\n  235    0 1.0000000000 -2.0896137904e+01 -1.9842241836e+01\n  236    0 1.0000000000 -2.0987070764e+01 -1.9932194222e+01\n  237    0 1.0000000000 -2.1077096851e+01 -2.0023576321e+01\n  238    0 1.0000000000 -2.1166192902e+01 -2.0116307702e+01\n  239    0 1.0000000000 -2.1254335688e+01 -2.0210305676e+01\n  240    0 1.0000000000 -2.1341502026e+01 -2.0305485337e+01\n  241    0 1.0000000000 -2.1427668792e+01 -2.0401759608e+01\n  242    0 1.0000000000 -2.1512812932e+01 -2.0499039294e+01\n  243    0 1.0000000000 -2.1596911475e+01 -2.0597233139e+01\n  244    0 1.0000000000 -2.1679941548e+01 -2.0696247894e+01\n  245    0 1.0000000000 -2.1761880385e+01 -2.0795988383e+01\n  246    0 1.0000000000 -2.1842705345e+01 -2.0896357588e+01\n  247    0 1.0000000000 -2.1922393920e+01 -2.0997256726e+01\n  248    0 1.0000000000 -2.2000923751e+01 -2.1098585343e+01\n  249    0 1.0000000000 -2.2078272641e+01 -2.1200241410e+01\n  250    0 1.0000000000 -2.2154418569e+01 -2.1302121425e+01\n  251    0 1.0000000000 -2.2229339701e+01 -2.1404120522e+01\n  252    0 1.0000000000 -2.2303014406e+01 -2.1506132586e+01\n  253    0 1.0000000000 -2.2375421267e+01 -2.1608050375e+01\n  254    0 1.0000000000 -2.2446539096e+01 -2.1709765644e+01\n  255    0 1.0000000000 -2.2516346948e+01 -2.1811169275e+01\n  256    0 1.0000000000 -2.2584824131e+01 -2.1912151421e+01\n  257    0 1.0000000000 -2.2651950225e+01 -2.2012601639e+01\n  258    0 1.0000000000 -2.2717705090e+01 -2.2112409043e+01\n  259    0 1.0000000000 -2.2782068880e+01 -2.2211462452e+01\n  260    0 1.0000000000 -2.2845022060e+01 -2.2309650543e+01\n  261    0 1.0000000000 -2.2906545414e+01 -2.2406862016e+01\n  262    0 1.0000000000 -2.2966620062e+01 -2.2502985749e+01\n  263    0 1.0000000000 -2.3025227470e+01 -2.2597910969e+01\n  264    0 1.0000000000 -2.3082349465e+01 -2.2691527416e+01\n  265    0 1.0000000000 -2.3137968243e+01 -2.2783725514e+01\n  266    0 1.0000000000 -2.3192066388e+01 -2.2874396544e+01\n  267    0 1.0000000000 -2.3244626880e+01 -2.2963432818e+01\n  268    0 1.0000000000 -2.3295633105e+01 -2.3050727851e+01\n  269    0 1.0000000000 -2.3345068874e+01 -2.3136176536e+01\n  270    0 1.0000000000 -2.3392918425e+01 -2.3219675324e+01\n  271    0 1.0000000000 -2.3439166442e+01 -2.3301122392e+01\n  272    0 1.0000000000 -2.3483798064e+01 -2.3380417821e+01\n  273    0 1.0000000000 -2.3526798891e+01 -2.3457463769e+01\n  274    0 1.0000000000 -2.3568155002e+01 -2.3532164641e+01\n  275    0 1.0000000000 -2.3607852960e+01 -2.3604427254e+01\n  276    0 1.0000000000 -2.3645879824e+01 -2.3674161013e+01\n  277    0 1.0000000000 -2.3682223157e+01 -2.3741278062e+01\n  278    0 1.0000000000 -2.3716871037e+01 -2.3805693454e+01\n  279    0 1.0000000000 -2.3749812064e+01 -2.3867325298e+01\n  280    0 1.0000000000 -2.3781035372e+01 -2.3926094916e+01\n  281    0 1.0000000000 -2.3810530631e+01 -2.3981926988e+01\n  282    0 1.0000000000 -2.3838288060e+01 -2.4034749690e+01\n  283    0 1.0000000000 -2.3864298435e+01 -2.4084494831e+01\n  284    0 1.0000000000 -2.3888553090e+01 -2.4131097983e+01\n  285    0 1.0000000000 -2.3911043930e+01 -2.4174498602e+01\n  286    0 1.0000000000 -2.3931763434e+01 -2.4214640146e+01\n  287    0 1.0000000000 -2.3950704660e+01 -2.4251470181e+01\n  288    0 1.0000000000 -2.3967861253e+01 -2.4284940482e+01\n  289    0 1.0000000000 -2.3983227447e+01 -2.4315007131e+01\n  290    0 1.0000000000 -2.3996798073e+01 -2.4341630596e+01\n  291    0 1.0000000000 -2.4008568560e+01 -2.4364775812e+01\n  292    0 1.0000000000 -2.4018534937e+01 -2.4384412251e+01\n  293    0 1.0000000000 -2.4026693842e+01 -2.4400513977e+01\n  294    0 1.0000000000 -2.4033042518e+01 -2.4413059700e+01\n  295    0 1.0000000000 -2.4037578821e+01 -2.4422032817e+01\n  296    0 1.0000000000 -2.4040301217e+01 -2.4427421447e+01\n  297    0 1.0000000000 -2.4041208784e+01 -2.4429218451e+01\n