SINGLE-ORBITAL NN+NNN EFFECTIVE MODEL FIT

m=2
eon=0.0
t0=1.0
l_decay=2.5
dl=0.1
pairing=./m=2/pairing.txt
microscopic_orbitals=10

E_eff(k) = eps0 + 2*t1[cos(k.u1)+cos(k.u2)] + 4*t2*cos(k.u1)*cos(k.u2)

eps0     = -1.19134186867245e+01
t1       = -5.85850353685658e+00
t2       = -3.12104372800776e+00

RMSE=1.27879205528016e+00
MAE=1.07668030948516e+00
max_abs_error=2.58481427917631e+00
optimizer_success=True
optimizer_message=Linear least-squares solution
minimum_tracking_continuity=1.0000000000
mean_tracking_continuity=1.0000000000

# k_index idx continuity target fit\n    0    0 1.0000000000 -4.9305151589e+01 -4.7831607746e+01\n    1    0 1.0000000000 -4.9291215731e+01 -4.7819423477e+01\n    2    0 1.0000000000 -4.9249422506e+01 -4.7782882937e+01\n    3    0 1.0000000000 -4.9179814961e+01 -4.7722022920e+01\n    4    0 1.0000000000 -4.9082464792e+01 -4.7636904707e+01\n    5    0 1.0000000000 -4.8957472283e+01 -4.7527614005e+01\n    6    0 1.0000000000 -4.8804966214e+01 -4.7394260860e+01\n    7    0 1.0000000000 -4.8625103745e+01 -4.7236979547e+01\n    8    0 1.0000000000 -4.8418070271e+01 -4.7055928436e+01\n    9    0 1.0000000000 -4.8184079256e+01 -4.6851289829e+01\n   10    0 1.0000000000 -4.7923372041e+01 -4.6623269780e+01\n   11    0 1.0000000000 -4.7636217624e+01 -4.6372097887e+01\n   12    0 1.0000000000 -4.7322912420e+01 -4.6098027057e+01\n   13    0 1.0000000000 -4.6983779998e+01 -4.5801333257e+01\n   14    0 1.0000000000 -4.6619170788e+01 -4.5482315233e+01\n   15    0 1.0000000000 -4.6229461775e+01 -4.5141294209e+01\n   16    0 1.0000000000 -4.5815056164e+01 -4.4778613563e+01\n   17    0 1.0000000000 -4.5376383029e+01 -4.4394638485e+01\n   18    0 1.0000000000 -4.4913896937e+01 -4.3989755605e+01\n   19    0 1.0000000000 -4.4428077558e+01 -4.3564372605e+01\n   20    0 1.0000000000 -4.3919429254e+01 -4.3118917811e+01\n   21    0 1.0000000000 -4.3388480651e+01 -4.2653839757e+01\n   22    0 1.0000000000 -4.2835784197e+01 -4.2169606738e+01\n   23    0 1.0000000000 -4.2261915704e+01 -4.1666706335e+01\n   24    0 1.0000000000 -4.1667473878e+01 -4.1145644926e+01\n   25    0 1.0000000000 -4.1053079839e+01 -4.0606947176e+01\n   26    0 1.0000000000 -4.0419376632e+01 -4.0051155509e+01\n   27    0 1.0000000000 -3.9767028728e+01 -3.9478829558e+01\n   28    0 1.0000000000 -3.9096721523e+01 -3.8890545608e+01\n   29    0 1.0000000000 -3.8409160836e+01 -3.8286896011e+01\n   30    0 1.0000000000 -3.7705072407e+01 -3.7668488591e+01\n   31    0 1.0000000000 -3.6985201395e+01 -3.7035946032e+01\n   32    0 1.0000000000 -3.6250311890e+01 -3.6389905250e+01\n   33    0 1.0000000000 -3.5501186436e+01 -3.5731016753e+01\n   34    0 1.0000000000 -3.4738625566e+01 -3.5059943988e+01\n   35    0 1.0000000000 -3.3963447362e+01 -3.4377362666e+01\n   36    0 1.0000000000 -3.3176487044e+01 -3.3683960090e+01\n   37    0 1.0000000000 -3.2378596592e+01 -3.2980434457e+01\n   38    0 1.0000000000 -3.1570644408e+01 -3.2267494157e+01\n   39    0 1.0000000000 -3.0753515037e+01 -3.1545857062e+01\n   40    0 1.0000000000 -2.9928108937e+01 -3.0816249799e+01\n   41    0 1.0000000000 -2.9095342333e+01 -3.0079407020e+01\n   42    0 1.0000000000 -2.8256147154e+01 -2.9336070663e+01\n   43    0 1.0000000000 -2.7411471064e+01 -2.8586989206e+01\n   44    0 1.0000000000 -2.6562277624e+01 -2.7832916910e+01\n   45    0 1.0000000000 -2.5709546584e+01 -2.7074613061e+01\n   46    0 1.0000000000 -2.4854274334e+01 -2.6312841207e+01\n   47    0 1.0000000000 -2.3997474553e+01 -2.5548368389e+01\n   48    0 1.0000000000 -2.3140179059e+01 -2.4781964365e+01\n   49    0 1.0000000000 -2.2283438919e+01 -2.4014400839e+01\n   50    0 1.0000000000 -2.1428325831e+01 -2.3246450682e+01\n   51    0 1.0000000000 -2.0575933833e+01 -2.2478887156e+01\n   52    0 1.0000000000 -1.9727381370e+01 -2.1712483132e+01\n   53    0 1.0000000000 -1.8883813752e+01 -2.0948010314e+01\n   54    0 1.0000000000 -1.8046406051e+01 -2.0186238460e+01\n   55    0 1.0000000000 -1.7216366442e+01 -1.9427934611e+01\n   56    0 1.0000000000 -1.6394940015e+01 -1.8673862315e+01\n   57    0 1.0000000000 -1.5583412999e+01 -1.7924780857e+01\n   58    0 1.0000000000 -1.4783117357e+01 -1.7181444501e+01\n   59    0 1.0000000000 -1.3995435553e+01 -1.6444601722e+01\n   60    0 1.0000000000 -1.3221805244e+01 -1.5714994458e+01\n   61    0 1.0000000000 -1.2463723437e+01 -1.4993357363e+01\n   62    0 1.0000000000 -1.1722749434e+01 -1.4280417064e+01\n   63    0 1.0000000000 -1.1000505599e+01 -1.3576891431e+01\n   64    0 1.0000000000 -1.0298674576e+01 -1.2883488855e+01\n   65    0 1.0000000000 -9.6189911907e+00 -1.2200907533e+01\n   66    0 1.0000000000 -8.9632268624e+00 -1.1529834768e+01\n   67    0 1.0000000000 -8.3331640626e+00 -1.0870946271e+01\n   68    0 1.0000000000 -7.7305584645e+00 -1.0224905489e+01\n   69    0 1.0000000000 -7.1570870935e+00 -9.5923629298e+00\n   70    0 1.0000000000 -6.6142823728e+00 -8.9739555097e+00\n   71    0 1.0000000000 -6.1034545696e+00 -8.3703059127e+00\n   72    0 1.0000000000 -5.6256086005e+00 -7.7820219629e+00\n   73    0 1.0000000000 -5.1813647361e+00 -7.2096960123e+00\n   74    0 1.0000000000 -4.7708952068e+00 -6.6539043446e+00\n   75    0 1.0000000000 -4.3938886692e+00 -6.1152065950e+00\n   76    0 1.0000000000 -4.0495511181e+00 -5.5941451863e+00\n   77    0 1.0000000000 -3.7366455604e+00 -5.0912447833e+00\n   78    0 1.0000000000 -3.4535654020e+00 -4.6070117641e+00\n   79    0 1.0000000000 -3.1984304678e+00 -4.1419337102e+00\n   80    0 1.0000000000 -2.9691917238e+00 -3.6964789159e+00\n   81    0 1.0000000000 -2.7637315604e+00 -3.2710959162e+00\n   82    0 1.0000000000 -2.5799499546e+00 -2.8662130360e+00\n   83    0 1.0000000000 -2.4158313524e+00 -2.4822379578e+00\n   84    0 1.0000000000 -2.2694912356e+00 -2.1195573122e+00\n   85    0 1.0000000000 -2.1392042504e+00 -1.7785362876e+00\n   86    0 1.0000000000 -2.0234173223e+00 -1.4595182634e+00\n   87    0 1.0000000000 -1.9207516070e+00 -1.1628244638e+00\n   88    0 1.0000000000 -1.8299968550e+00 -8.8875363414e-01\n   89    0 1.0000000000 -1.7501011357e+00 -6.3758174059e-01\n   90    0 1.0000000000 -1.6801581607e+00 -4.0956169195e-01\n   91    0 1.0000000000 -1.6193937902e+00 -2.0492308508e-01\n   92    0 1.0000000000 -1.5671527776e+00 -2.3871973708e-02\n   93    0 1.0000000000 -1.5228864060e+00  1.3340933904e-01\n   94    0 1.0000000000 -1.4861413924e+00  2.6676248422e-01\n   95    0 1.0000000000 -1.4565502483e+00  3.7605318652e-01\n   96    0 1.0000000000 -1.4338231702e+00  4.6117139945e-01\n   97    0 1.0000000000 -1.4177414677e+00  5.2203141621e-01\n   98    0 1.0000000000 -1.4081525054e+00  5.5857195590e-01\n   99    0 1.0000000000 -1.4049661236e+00  5.7075622531e-01\n  100    0 1.0000000000 -1.4046182257e+00  5.7036998881e-01\n  101    0 1.0000000000 -1.4035748424e+00  5.6921166825e-01\n  102    0 1.0000000000 -1.4018369053e+00  5.6728242994e-01\n  103    0 1.0000000000 -1.3994059657e+00  5.6458421646e-01\n  104    0 1.0000000000 -1.3962841934e+00  5.6111974469e-01\n  105    0 1.0000000000 -1.3924743746e+00  5.5689250305e-01\n  106    0 1.0000000000 -1.3879799085e+00  5.5190674802e-01\n  107    0 1.0000000000 -1.3828048049e+00  5.4616749984e-01\n  108    0 1.0000000000 -1.3769536795e+00  5.3968053744e-01\n  109    0 1.0000000000 -1.3704317495e+00  5.3245239263e-01\n  110    0 1.0000000000 -1.3632448288e+00  5.2449034356e-01\n  111    0 1.0000000000 -1.3553993221e+00  5.1580240732e-01\n  112    0 1.0000000000 -1.3469022186e+00  5.0639733194e-01\n  113    0 1.0000000000 -1.3377610855e+00  4.9628458753e-01\n  114    0 1.0000000000 -1.3279840610e+00  4.8547435675e-01\n  115    0 1.0000000000 -1.3175798460e+00  4.7397752461e-01\n  116    0 1.0000000000 -1.3065576966e+00  4.6180566743e-01\n  117    0 1.0000000000 -1.2949274156e+00  4.4897104125e-01\n  118    0 1.0000000000 -1.2826993432e+00  4.3548656944e-01\n  119    0 1.0000000000 -1.2698843482e+00  4.2136582972e-01\n  120    0 1.0000000000 -1.2564938185e+00  4.0662304049e-01\n  121    0 1.0000000000 -1.2425396514e+00  3.9127304647e-01\n  122    0 1.0000000000 -1.2280342439e+00  3.7533130382e-01\n  123    0 1.0000000000 -1.2129904827e+00  3.5881386452e-01\n  124    0 1.0000000000 -1.1974217342e+00  3.4173736022e-01\n  125    0 1.0000000000 -1.1813418352e+00  3.2411898553e-01\n  126    0 1.0000000000 -1.1647650829e+00  3.0597648065e-01\n  127    0 1.0000000000 -1.1477062257e+00  2.8732811354e-01\n  128    0 1.0000000000 -1.1301804549e+00  2.6819266153e-01\n  129    0 1.0000000000 -1.1122033959e+00  2.4858939241e-01\n  130    0 1.0000000000 -1.0937911017e+00  2.2853804499e-01\n  131    0 1.0000000000 -1.0749600462e+00  2.0805880928e-01\n  132    0 1.0000000000 -1.0557271199e+00  1.8717230615e-01\n  133    0 1.0000000000 -1.0361096266e+00  1.6589956652e-01\n  134    0 1.0000000000 -1.0161252823e+00  1.4426201025e-01\n  135    0 1.0000000000 -9.9579221733e-01  1.2228142452e-01\n  136    0 1.0000000000 -9.7512898078e-01  9.9979941911e-02\n  137    0 1.0000000000 -9.5415454931e-01  7.7380018133e-02\n  138    0 1.0000000000 -9.3288834056e-01  5.4504409390e-02\n  139    0 1.0000000000 -9.1135023232e-01  3.1376149482e-02\n  140    0 1.0000000000 -8.8956058878e-01  8.0185266056e-03\n  141    0 1.0000000000 -8.6754029548e-01 -1.5544940092e-02\n  142    0 1.0000000000 -8.4531080496e-01 -3.9290524199e-02\n  143    0 1.0000000000 -8.2289419564e-01 -6.3194315923e-02\n  144    0 1.0000000000 -8.0031324724e-01 -8.7232246173e-02\n  145    0 1.0000000000 -7.7759153672e-01 -1.1138011079e-01\n  146    0 1.0000000000 -7.5475356017e-01 -1.3561359492e-01\n  147    0 1.0000000000 -7.3182488756e-01 -1.5990829751e-01\n  148    0 1.0000000000 -7.0883235917e-01 -1.8423975583e-01\n  149    0 1.0000000000 -6.8580433587e-01 -2.0858347019e-01\n  150    0 1.0000000000 -6.6277101889e-01 -2.3291492852e-01\n  151    0 1.0000000000 -6.3976486062e-01 -2.5720963110e-01\n  152    0 1.0000000000 -6.1682109530e-01 -2.8144311523e-01\n  153    0 1.0000000000 -5.9397842962e-01 -3.0559097985e-01\n  154    0 1.0000000000 -5.7127994863e-01 -3.2962891010e-01\n  155    0 1.0000000000 -5.4877431500e-01 -3.5353270182e-01\n  156    0 1.0000000000 -5.2651737261e-01 -3.7727828593e-01\n  157    0 1.0000000000 -5.0457431470e-01 -4.0084175263e-01\n  158    0 1.0000000000 -4.8302265024e-01 -4.2419937550e-01\n  159    0 1.0000000000 -4.6195631420e-01 -4.4732763541e-01\n  160    0 1.0000000000 -4.4149143866e-01 -4.7020324416e-01\n  161    0 1.0000000000 -4.2177456505e-01 -4.9280316793e-01\n  162    0 1.0000000000 -4.0299448220e-01 -5.1510465054e-01\n  163    0 1.0000000000 -3.8539948523e-01 -5.3708523627e-01\n  164    0 1.0000000000 -3.6932272794e-01 -5.5872279254e-01\n  165    0 1.0000000000 -3.5521945974e-01 -5.7999553217e-01\n  166    0 1.0000000000 -3.4372087631e-01 -6.0088203530e-01\n  167    0 1.0000000000 -3.3570838196e-01 -6.2136127101e-01\n  168    0 1.0000000000 -3.3240419070e-01 -6.4141261843e-01\n  169    0 1.0000000000 -3.3544770915e-01 -6.6101588756e-01\n  170    0 1.0000000000 -3.4686689482e-01 -6.8015133956e-01\n  171    0 1.0000000000 -3.6877999510e-01 -6.9879970667e-01\n  172    0 1.0000000000 -4.0272190597e-01 -7.1694221155e-01\n  173    0 1.0000000000 -4.4886981607e-01 -7.3456058625e-01\n  174    0 1.0000000000 -5.0581134911e-01 -7.5163709054e-01\n  175    0 1.0000000000 -5.7109831979e-01 -7.6815452984e-01\n  176    0 1.0000000000 -6.4206550288e-01 -7.8409627249e-01\n  177    0 1.0000000000 -7.1636445751e-01 -7.9944626651e-01\n  178    0 1.0000000000 -7.9213164148e-01 -8.1418905574e-01\n  179    0 1.0000000000 -8.6795420954e-01 -8.2830979546e-01\n  180    0 1.0000000000 -9.4277431419e-01 -8.4179426727e-01\n  181    0 1.0000000000 -1.0157958398e+00 -8.5462889346e-01\n  182    0 1.0000000000 -1.0864113656e+00 -8.6680075063e-01\n  183    0 1.0000000000 -1.1541494007e+00 -8.7829758278e-01\n  184    0 1.0000000000 -1.2186373921e+00 -8.8910781355e-01\n  185    0 1.0000000000 -1.2795759807e+00 -8.9922055796e-01\n  186    0 1.0000000000 -1.3367210180e+00 -9.0862563335e-01\n  187    0 1.0000000000 -1.3898708906e+00 -9.1731356958e-01\n  188    0 1.0000000000 -1.4388574859e+00 -9.2527561866e-01\n  189    0 1.0000000000 -1.4835396764e+00 -9.3250376346e-01\n  190    0 1.0000000000 -1.5237985669e+00 -9.3899072586e-01\n  191    0 1.0000000000 -1.5595339924e+00 -9.4472997405e-01\n  192    0 1.0000000000 -1.5906619156e+00 -9.4971572907e-01\n  193    0 1.0000000000 -1.6171124835e+00 -9.5394297071e-01\n  194    0 1.0000000000 -1.6388285707e+00 -9.5740744248e-01\n  195    0 1.0000000000 -1.6557646950e+00 -9.6010565596e-01\n  196    0 1.0000000000 -1.6678862181e+00 -9.6203489427e-01\n  197    0 1.0000000000 -1.6751687756e+00 -9.6319321484e-01\n  198    0 1.0000000000 -1.6775978949e+00 -9.6357945133e-01\n  199    0 1.0000000000 -1.6721088123e+00 -9.6281014270e-01\n  200    0 1.0000000000 -1.6556931678e+00 -9.6054094146e-01\n  201    0 1.0000000000 -1.6285056474e+00 -9.5688782968e-01\n  202    0 1.0000000000 -1.5908036830e+00 -9.5204347231e-01\n  203    0 1.0000000000 -1.5429470255e+00 -9.4627626215e-01\n  204    0 1.0000000000 -1.4853974677e+00 -9.3992898857e-01\n  205    0 1.0000000000 -1.4187191690e+00 -9.3341713539e-01\n  206    0 1.0000000000 -1.3435804055e+00 -9.2722681529e-01\n  207    0 1.0000000000 -1.2607583210e+00 -9.2191234932e-01\n  208    0 1.0000000000 -1.1711498082e+00 -9.1809350177e-01\n  209    0 1.0000000000 -1.0757951367e+00 -9.1645238215e-01\n  210    0 1.0000000000 -9.7592933777e-01 -9.1773002717e-01\n  211    0 1.0000000000 -8.7309835082e-01 -9.2272267737e-01\n  212    0 1.0000000000 -7.6944013611e-01 -9.3227776401e-01\n  213    0 1.0000000000 -6.6842741993e-01 -9.4728962324e-01\n  214    0 1.0000000000 -5.7695633711e-01 -9.6869495563e-01\n  215    0 1.0000000000 -5.1019113853e-01 -9.9746805041e-01\n  216    0 1.0000000000 -4.9032999428e-01 -1.0346157945e+00\n  217    0 1.0000000000 -5.1822690740e-01 -1.0811724876e+00\n  218    0 1.0000000000 -5.7437406051e-01 -1.1381944855e+00\n  219    0 1.0000000000 -6.4627776271e-01 -1.2067546939e+00\n  220    0 1.0000000000 -7.2913963056e-01 -1.2879369367e+00\n  221    0 1.0000000000 -8.2136096653e-01 -1.3828302227e+00\n  222    0 1.0000000000 -9.2262471408e-01 -1.4925229347e+00\n  223    0 1.0000000000 -1.0332074054e+00 -1.6180969663e+00\n  224    0 1.0000000000 -1.1537158234e+00 -1.7606218316e+00\n  225    0 1.0000000000 -1.2849764646e+00 -1.9211487721e+00\n  226    0 1.0000000000 -1.4279846190e+00 -2.1007048879e+00\n  227    0 1.0000000000 -1.5838778621e+00 -2.3002873167e+00\n  228    0 1.0000000000 -1.7539191039e+00 -2.5208574864e+00\n  229    0 1.0000000000 -1.9394822037e+00 -2.7633354668e+00\n  230    0 1.0000000000 -2.1420365657e+00 -3.0285944437e+00\n  231    0 1.0000000000 -2.3631288426e+00 -3.3174553410e+00\n  232    0 1.0000000000 -2.6043609389e+00 -3.6306816128e+00\n  233    0 1.0000000000 -2.8673643022e+00 -3.9689742292e+00\n  234    0 1.0000000000 -3.1537711496e+00 -4.3329668782e+00\n  235    0 1.0000000000 -3.4651837933e+00 -4.7232214042e+00\n  236    0 1.0000000000 -3.8031435640e+00 -5.1402235042e+00\n  237    0 1.0000000000 -4.1691009477e+00 -5.5843787007e+00\n  238    0 1.0000000000 -4.5643884274e+00 -6.0560086099e+00\n  239    0 1.0000000000 -4.9901972056e+00 -6.5553475216e+00\n  240    0 1.0000000000 -5.4475585385e+00 -7.0825393081e+00\n  241    0 1.0000000000 -5.9373299318e+00 -7.6376346753e+00\n  242    0 1.0000000000 -6.4601860178e+00 -8.2205887699e+00\n  243    0 1.0000000000 -7.0166136086e+00 -8.8312591545e+00\n  244    0 1.0000000000 -7.6069102294e+00 -9.4694041612e+00\n  245    0 1.0000000000 -8.2311853674e+00 -1.0134681632e+01\n  246    0 1.0000000000 -8.8893637061e+00 -1.0826648053e+01\n  247    0 1.0000000000 -9.5811897103e+00 -1.1544758092e+01\n  248    0 1.0000000000 -1.0306233056e+01 -1.2288364534e+01\n  249    0 1.0000000000 -1.1063894533e+01 -1.3056718631e+01\n  250    0 1.0000000000 -1.1853412161e+01 -1.3848970852e+01\n  251    0 1.0000000000 -1.2673867380e+01 -1.4664172050e+01\n  252    0 1.0000000000 -1.3524191214e+01 -1.5501275021e+01\n  253    0 1.0000000000 -1.4403170415e+01 -1.6359136474e+01\n  254    0 1.0000000000 -1.5309453565e+01 -1.7236519389e+01\n  255    0 1.0000000000 -1.6241557196e+01 -1.8132095768e+01\n  256    0 1.0000000000 -1.7197871952e+01 -1.9044449761e+01\n  257    0 1.0000000000 -1.8176668838e+01 -1.9972081162e+01\n  258    0 1.0000000000 -1.9176105607e+01 -2.0913409260e+01\n  259    0 1.0000000000 -2.0194233301e+01 -2.1866777036e+01\n  260    0 1.0000000000 -2.1229002990e+01 -2.2830455687e+01\n  261    0 1.0000000000 -2.2278272727e+01 -2.3802649462e+01\n  262    0 1.0000000000 -2.3339814715e+01 -2.4781500794e+01\n  263    0 1.0000000000 -2.4411322722e+01 -2.5765095708e+01\n  264    0 1.0000000000 -2.5490419712e+01 -2.6751469488e+01\n  265    0 1.0000000000 -2.6574665703e+01 -2.7738612577e+01\n  266    0 1.0000000000 -2.7661565847e+01 -2.8724476693e+01\n  267    0 1.0000000000 -2.8748578697e+01 -2.9706981137e+01\n  268    0 1.0000000000 -2.9833124655e+01 -3.0684019269e+01\n  269    0 1.0000000000 -3.0912594583e+01 -3.1653465130e+01\n  270    0 1.0000000000 -3.1984358534e+01 -3.2613180180e+01\n  271    0 1.0000000000 -3.3045774603e+01 -3.3561020131e+01\n  272    0 1.0000000000 -3.4094197836e+01 -3.4494841851e+01\n  273    0 1.0000000000 -3.5126989205e+01 -3.5412510311e+01\n  274    0 1.0000000000 -3.6141524581e+01 -3.6311905537e+01\n  275    0 1.0000000000 -3.7135203701e+01 -3.7190929572e+01\n  276    0 1.0000000000 -3.8105459082e+01 -3.8047513380e+01\n  277    0 1.0000000000 -3.9049764853e+01 -3.8879623700e+01\n  278    0 1.0000000000 -3.9965645471e+01 -3.9685269812e+01\n  279    0 1.0000000000 -4.0850684295e+01 -4.0462510174e+01\n  280    0 1.0000000000 -4.1702531974e+01 -4.1209458938e+01\n  281    0 1.0000000000 -4.2518914627e+01 -4.1924292286e+01\n  282    0 1.0000000000 -4.3297641779e+01 -4.2605254580e+01\n  283    0 1.0000000000 -4.4036614024e+01 -4.3250664309e+01\n  284    0 1.0000000000 -4.4733830386e+01 -4.3858919781e+01\n  285    0 1.0000000000 -4.5387395345e+01 -4.4428504580e+01\n  286    0 1.0000000000 -4.5995525513e+01 -4.4957992722e+01\n  287    0 1.0000000000 -4.6556555916e+01 -4.5446053530e+01\n  288    0 1.0000000000 -4.7068945876e+01 -4.5891456185e+01\n  289    0 1.0000000000 -4.7531284454e+01 -4.6293073940e+01\n  290    0 1.0000000000 -4.7942295446e+01 -4.6649887987e+01\n  291    0 1.0000000000 -4.8300841908e+01 -4.6960990955e+01\n  292    0 1.0000000000 -4.8605930183e+01 -4.7225590036e+01\n  293    0 1.0000000000 -4.8856713433e+01 -4.7443009707e+01\n  294    0 1.0000000000 -4.9052494648e+01 -4.7612694064e+01\n  295    0 1.0000000000 -4.9192729119e+01 -4.7734208732e+01\n  296    0 1.0000000000 -4.9277026379e+01 -4.7807242372e+01\n  297    0 1.0000000000 -4.9305151589e+01 -4.7831607746e+01\n