SINGLE-ORBITAL NN+NNN EFFECTIVE MODEL FIT

m=3
eon=0.0
t0=1.0
l_decay=2.5
dl=0.1
pairing=./m=3/pairing.txt
microscopic_orbitals=20

E_eff(k) = eps0 + 2*t1[cos(k.u1)+cos(k.u2)] + 4*t2*cos(k.u1)*cos(k.u2)

eps0     = -2.00516000536958e+01
t1       = -8.31999291068959e+00
t2       = -3.89620201821724e+00

RMSE=7.53576805819927e-01
MAE=6.16541831089027e-01
max_abs_error=1.60292996138811e+00
optimizer_success=True
optimizer_message=Linear least-squares solution
minimum_tracking_continuity=1.0000000000
mean_tracking_continuity=1.0000000000

# k_index idx continuity target fit\n    0    0 1.0000000000 -6.9872499019e+01 -6.8916379769e+01\n    1    0 1.0000000000 -6.9855049563e+01 -6.8900155951e+01\n    2    0 1.0000000000 -6.9802719215e+01 -6.8851500834e+01\n    3    0 1.0000000000 -6.9715562011e+01 -6.8770463408e+01\n    4    0 1.0000000000 -6.9593667960e+01 -6.8657125271e+01\n    5    0 1.0000000000 -6.9437162956e+01 -6.8511600546e+01\n    6    0 1.0000000000 -6.9246208662e+01 -6.8334035763e+01\n    7    0 1.0000000000 -6.9021002363e+01 -6.8124609716e+01\n    8    0 1.0000000000 -6.8761776783e+01 -6.7883533278e+01\n    9    0 1.0000000000 -6.8468799866e+01 -6.7611049193e+01\n   10    0 1.0000000000 -6.8142374537e+01 -6.7307431829e+01\n   11    0 1.0000000000 -6.7782838416e+01 -6.6972986904e+01\n   12    0 1.0000000000 -6.7390563513e+01 -6.6608051175e+01\n   13    0 1.0000000000 -6.6965955886e+01 -6.6212992101e+01\n   14    0 1.0000000000 -6.6509455269e+01 -6.5788207473e+01\n   15    0 1.0000000000 -6.6021534671e+01 -6.5334125014e+01\n   16    0 1.0000000000 -6.5502699949e+01 -6.4851201946e+01\n   17    0 1.0000000000 -6.4953489349e+01 -6.4339924531e+01\n   18    0 1.0000000000 -6.4374473017e+01 -6.3800807583e+01\n   19    0 1.0000000000 -6.3766252494e+01 -6.3234393947e+01\n   20    0 1.0000000000 -6.3129460171e+01 -6.2641253953e+01\n   21    0 1.0000000000 -6.2464758729e+01 -6.2021984843e+01\n   22    0 1.0000000000 -6.1772840556e+01 -6.1377210168e+01\n   23    0 1.0000000000 -6.1054427131e+01 -6.0707579163e+01\n   24    0 1.0000000000 -6.0310268400e+01 -6.0013766087e+01\n   25    0 1.0000000000 -5.9541142120e+01 -5.9296469553e+01\n   26    0 1.0000000000 -5.8747853195e+01 -5.8556411818e+01\n   27    0 1.0000000000 -5.7931232981e+01 -5.7794338056e+01\n   28    0 1.0000000000 -5.7092138593e+01 -5.7011015611e+01\n   29    0 1.0000000000 -5.6231452179e+01 -5.6207233223e+01\n   30    0 1.0000000000 -5.5350080194e+01 -5.5383800233e+01\n   31    0 1.0000000000 -5.4448952659e+01 -5.4541545767e+01\n   32    0 1.0000000000 -5.3529022412e+01 -5.3681317905e+01\n   33    0 1.0000000000 -5.2591264346e+01 -5.2803982822e+01\n   34    0 1.0000000000 -5.1636674656e+01 -5.1910423922e+01\n   35    0 1.0000000000 -5.0666270066e+01 -5.1001540942e+01\n   36    0 1.0000000000 -4.9681087068e+01 -5.0078249050e+01\n   37    0 1.0000000000 -4.8682181158e+01 -4.9141477923e+01\n   38    0 1.0000000000 -4.7670626077e+01 -4.8192170810e+01\n   39    0 1.0000000000 -4.6647513059e+01 -4.7231283582e+01\n   40    0 1.0000000000 -4.5613950084e+01 -4.6259783773e+01\n   41    0 1.0000000000 -4.4571061151e+01 -4.5278649599e+01\n   42    0 1.0000000000 -4.3519985557e+01 -4.4288868981e+01\n   43    0 1.0000000000 -4.2461877195e+01 -4.3291438542e+01\n   44    0 1.0000000000 -4.1397903872e+01 -4.2287362611e+01\n   45    0 1.0000000000 -4.0329246644e+01 -4.1277652207e+01\n   46    0 1.0000000000 -3.9257099170e+01 -4.0263324022e+01\n   47    0 1.0000000000 -3.8182667095e+01 -3.9245399401e+01\n   48    0 1.0000000000 -3.7107167447e+01 -3.8224903306e+01\n   49    0 1.0000000000 -3.6031828050e+01 -3.7202863290e+01\n   50    0 1.0000000000 -3.4957886964e+01 -3.6180308461e+01\n   51    0 1.0000000000 -3.3886591920e+01 -3.5158268445e+01\n   52    0 1.0000000000 -3.2819199763e+01 -3.4137772349e+01\n   53    0 1.0000000000 -3.1756975886e+01 -3.3119847728e+01\n   54    0 1.0000000000 -3.0701193623e+01 -3.2105519544e+01\n   55    0 1.0000000000 -2.9653133598e+01 -3.1095809140e+01\n   56    0 1.0000000000 -2.8614082991e+01 -3.0091733209e+01\n   57    0 1.0000000000 -2.7585334678e+01 -2.9094302770e+01\n   58    0 1.0000000000 -2.6568186197e+01 -2.8104522151e+01\n   59    0 1.0000000000 -2.5563938486e+01 -2.7123387977e+01\n   60    0 1.0000000000 -2.4573894310e+01 -2.6151888168e+01\n   61    0 1.0000000000 -2.3599356277e+01 -2.5191000941e+01\n   62    0 1.0000000000 -2.2641624355e+01 -2.4241693828e+01\n   63    0 1.0000000000 -2.1701992739e+01 -2.3304922701e+01\n   64    0 1.0000000000 -2.0781745948e+01 -2.2381630809e+01\n   65    0 1.0000000000 -1.9882153976e+01 -2.1472747828e+01\n   66    0 1.0000000000 -1.9004466351e+01 -2.0579188928e+01\n   67    0 1.0000000000 -1.8149904937e+01 -1.9701853846e+01\n   68    0 1.0000000000 -1.7319655353e+01 -1.8841625983e+01\n   69    0 1.0000000000 -1.6514856895e+01 -1.7999371517e+01\n   70    0 1.0000000000 -1.5736590974e+01 -1.7175938527e+01\n   71    0 1.0000000000 -1.4985868104e+01 -1.6372156139e+01\n   72    0 1.0000000000 -1.4263613700e+01 -1.5588833694e+01\n   73    0 1.0000000000 -1.3570653036e+01 -1.4826759932e+01\n   74    0 1.0000000000 -1.2907695949e+01 -1.4086702197e+01\n   75    0 1.0000000000 -1.2275322040e+01 -1.3369405663e+01\n   76    0 1.0000000000 -1.1673967299e+01 -1.2675592588e+01\n   77    0 1.0000000000 -1.1103913171e+01 -1.2005961582e+01\n   78    0 1.0000000000 -1.0565279130e+01 -1.1361186907e+01\n   79    0 1.0000000000 -1.0058019678e+01 -1.0741917797e+01\n   80    0 1.0000000000 -9.5819265008e+00 -1.0148777803e+01\n   81    0 1.0000000000 -9.1366361547e+00 -9.5823641668e+00\n   82    0 1.0000000000 -8.7216432339e+00 -9.0432472189e+00\n   83    0 1.0000000000 -8.3363185250e+00 -8.5319698044e+00\n   84    0 1.0000000000 -7.9799312498e+00 -8.0490467363e+00\n   85    0 1.0000000000 -7.6516741770e+00 -7.5949642771e+00\n   86    0 1.0000000000 -7.3506902082e+00 -7.1701796495e+00\n   87    0 1.0000000000 -7.0760990063e+00 -6.7751205756e+00\n   88    0 1.0000000000 -6.8270223387e+00 -6.4101848463e+00\n   89    0 1.0000000000 -6.6026070146e+00 -6.0757399210e+00\n   90    0 1.0000000000 -6.4020445704e+00 -5.7721225574e+00\n   91    0 1.0000000000 -6.2245871587e+00 -5.4996384724e+00\n   92    0 1.0000000000 -6.0695594024e+00 -5.2585620344e+00\n   93    0 1.0000000000 -5.9363662587e+00 -5.0491359869e+00\n   94    0 1.0000000000 -5.8244972020e+00 -4.8715712043e+00\n   95    0 1.0000000000 -5.7335272605e+00 -4.7260464792e+00\n   96    0 1.0000000000 -5.6631156331e+00 -4.6127083426e+00\n   97    0 1.0000000000 -5.6130027478e+00 -4.5316709166e+00\n   98    0 1.0000000000 -5.5830066864e+00 -4.4830157988e+00\n   99    0 1.0000000000 -5.5730198609e+00 -4.4667919808e+00\n  100    0 1.0000000000 -5.5721609719e+00 -4.4662607436e+00\n  101    0 1.0000000000 -5.5695850392e+00 -4.4646675666e+00\n  102    0 1.0000000000 -5.5652942656e+00 -4.4620140543e+00\n  103    0 1.0000000000 -5.5592923192e+00 -4.4583028783e+00\n  104    0 1.0000000000 -5.5515843296e+00 -4.4535377757e+00\n  105    0 1.0000000000 -5.5421768816e+00 -4.4477235443e+00\n  106    0 1.0000000000 -5.5310780079e+00 -4.4408660387e+00\n  107    0 1.0000000000 -5.5182971794e+00 -4.4329721637e+00\n  108    0 1.0000000000 -5.5038452947e+00 -4.4240498679e+00\n  109    0 1.0000000000 -5.4877346668e+00 -4.4141081353e+00\n  110    0 1.0000000000 -5.4699790095e+00 -4.4031569762e+00\n  111    0 1.0000000000 -5.4505934208e+00 -4.3912074177e+00\n  112    0 1.0000000000 -5.4295943660e+00 -4.3782714918e+00\n  113    0 1.0000000000 -5.4069996580e+00 -4.3643622241e+00\n  114    0 1.0000000000 -5.3828284373e+00 -4.3494936198e+00\n  115    0 1.0000000000 -5.3571011490e+00 -4.3336806506e+00\n  116    0 1.0000000000 -5.3298395196e+00 -4.3169392386e+00\n  117    0 1.0000000000 -5.3010665318e+00 -4.2992862410e+00\n  118    0 1.0000000000 -5.2708063974e+00 -4.2807394330e+00\n  119    0 1.0000000000 -5.2390845297e+00 -4.2613174896e+00\n  120    0 1.0000000000 -5.2059275139e+00 -4.2410399670e+00\n  121    0 1.0000000000 -5.1713630761e+00 -4.2199272831e+00\n  122    0 1.0000000000 -5.1354200516e+00 -4.1980006964e+00\n  123    0 1.0000000000 -5.0981283513e+00 -4.1752822852e+00\n  124    0 1.0000000000 -5.0595189273e+00 -4.1517949250e+00\n  125    0 1.0000000000 -5.0196237374e+00 -4.1275622655e+00\n  126    0 1.0000000000 -4.9784757079e+00 -4.1026087071e+00\n  127    0 1.0000000000 -4.9361086967e+00 -4.0769593759e+00\n  128    0 1.0000000000 -4.8925574539e+00 -4.0506400985e+00\n  129    0 1.0000000000 -4.8478575824e+00 -4.0236773762e+00\n  130    0 1.0000000000 -4.8020454983e+00 -3.9960983582e+00\n  131    0 1.0000000000 -4.7551583888e+00 -3.9679308142e+00\n  132    0 1.0000000000 -4.7072341716e+00 -3.9392031066e+00\n  133    0 1.0000000000 -4.6583114523e+00 -3.9099441617e+00\n  134    0 1.0000000000 -4.6084294825e+00 -3.8801834408e+00\n  135    0 1.0000000000 -4.5576281168e+00 -3.8499509104e+00\n  136    0 1.0000000000 -4.5059477701e+00 -3.8192770122e+00\n  137    0 1.0000000000 -4.4534293758e+00 -3.7881926321e+00\n  138    0 1.0000000000 -4.4001143428e+00 -3.7567290695e+00\n  139    0 1.0000000000 -4.3460445145e+00 -3.7249180054e+00\n  140    0 1.0000000000 -4.2912621278e+00 -3.6927914711e+00\n  141    0 1.0000000000 -4.2358097735e+00 -3.6603818151e+00\n  142    0 1.0000000000 -4.1797303582e+00 -3.6277216712e+00\n  143    0 1.0000000000 -4.1230670681e+00 -3.5948439255e+00\n  144    0 1.0000000000 -4.0658633356e+00 -3.5617816829e+00\n  145    0 1.0000000000 -4.0081628083e+00 -3.5285682345e+00\n  146    0 1.0000000000 -3.9500093223e+00 -3.4952370234e+00\n  147    0 1.0000000000 -3.8914468803e+00 -3.4618216111e+00\n  148    0 1.0000000000 -3.8325196354e+00 -3.4283556443e+00\n  149    0 1.0000000000 -3.7732718822e+00 -3.3948728203e+00\n  150    0 1.0000000000 -3.7137480567e+00 -3.3614068535e+00\n  151    0 1.0000000000 -3.6539927479e+00 -3.3279914413e+00\n  152    0 1.0000000000 -3.5940507232e+00 -3.2946602301e+00\n  153    0 1.0000000000 -3.5339669713e+00 -3.2614467817e+00\n  154    0 1.0000000000 -3.4737867680e+00 -3.2283845392e+00\n  155    0 1.0000000000 -3.4135557705e+00 -3.1955067934e+00\n  156    0 1.0000000000 -3.3533201480e+00 -3.1628466496e+00\n  157    0 1.0000000000 -3.2931267613e+00 -3.1304369936e+00\n  158    0 1.0000000000 -3.2330234044e+00 -3.0983104592e+00\n  159    0 1.0000000000 -3.1730591301e+00 -3.0664993952e+00\n  160    0 1.0000000000 -3.1132846878e+00 -3.0350358325e+00\n  161    0 1.0000000000 -3.0537531134e+00 -3.0039514524e+00\n  162    0 1.0000000000 -2.9945205297e+00 -2.9732775542e+00\n  163    0 1.0000000000 -2.9356472401e+00 -2.9430450238e+00\n  164    0 1.0000000000 -2.8771992387e+00 -2.9132843030e+00\n  165    0 1.0000000000 -2.8192503221e+00 -2.8840253581e+00\n  166    0 1.0000000000 -2.7618850815e+00 -2.8552976504e+00\n  167    0 1.0000000000 -2.7052032116e+00 -2.8271301065e+00\n  168    0 1.0000000000 -2.6493258204e+00 -2.7995510885e+00\n  169    0 1.0000000000 -2.5944048391e+00 -2.7725883662e+00\n  170    0 1.0000000000 -2.5406373089e+00 -2.7462690887e+00\n  171    0 1.0000000000 -2.4882874419e+00 -2.7206197575e+00\n  172    0 1.0000000000 -2.4377211085e+00 -2.6956661991e+00\n  173    0 1.0000000000 -2.3894598409e+00 -2.6714335397e+00\n  174    0 1.0000000000 -2.3442635236e+00 -2.6479461795e+00\n  175    0 1.0000000000 -2.3032472953e+00 -2.6252277683e+00\n  176    0 1.0000000000 -2.2680106115e+00 -2.6033011816e+00\n  177    0 1.0000000000 -2.2406653799e+00 -2.5821884976e+00\n  178    0 1.0000000000 -2.2234911056e+00 -2.5619109750e+00\n  179    0 1.0000000000 -2.2179958236e+00 -2.5424890316e+00\n  180    0 1.0000000000 -2.2239043283e+00 -2.5239422236e+00\n  181    0 1.0000000000 -2.2391880971e+00 -2.5062892261e+00\n  182    0 1.0000000000 -2.2611188984e+00 -2.4895478141e+00\n  183    0 1.0000000000 -2.2872153629e+00 -2.4737348448e+00\n  184    0 1.0000000000 -2.3155744847e+00 -2.4588662406e+00\n  185    0 1.0000000000 -2.3448272877e+00 -2.4449569728e+00\n  186    0 1.0000000000 -2.3739979867e+00 -2.4320210470e+00\n  187    0 1.0000000000 -2.4023798013e+00 -2.4200714884e+00\n  188    0 1.0000000000 -2.4294478636e+00 -2.4091203294e+00\n  189    0 1.0000000000 -2.4548024164e+00 -2.3991785967e+00\n  190    0 1.0000000000 -2.4781323987e+00 -2.3902563009e+00\n  191    0 1.0000000000 -2.4991919505e+00 -2.3823624260e+00\n  192    0 1.0000000000 -2.5177850069e+00 -2.3755049203e+00\n  193    0 1.0000000000 -2.5337549964e+00 -2.3696906890e+00\n  194    0 1.0000000000 -2.5469778323e+00 -2.3649255863e+00\n  195    0 1.0000000000 -2.5573570815e+00 -2.3612144104e+00\n  196    0 1.0000000000 -2.5648206277e+00 -2.3585608980e+00\n  197    0 1.0000000000 -2.5693184002e+00 -2.3569677211e+00\n  198    0 1.0000000000 -2.5708209053e+00 -2.3564364838e+00\n  199    0 1.0000000000 -2.5664515999e+00 -2.3575029086e+00\n  200    0 1.0000000000 -2.5534364043e+00 -2.3607484848e+00\n  201    0 1.0000000000 -2.5320635507e+00 -2.3663118798e+00\n  202    0 1.0000000000 -2.5028516256e+00 -2.3744234160e+00\n  203    0 1.0000000000 -2.4666262252e+00 -2.3854038888e+00\n  204    0 1.0000000000 -2.4246801114e+00 -2.3996629185e+00\n  205    0 1.0000000000 -2.3791148602e+00 -2.4176968446e+00\n  206    0 1.0000000000 -2.3335870781e+00 -2.4400861691e+00\n  207    0 1.0000000000 -2.2948575653e+00 -2.4674925617e+00\n  208    0 1.0000000000 -2.2749549396e+00 -2.5006554383e+00\n  209    0 1.0000000000 -2.2891678199e+00 -2.5403881281e+00\n  210    0 1.0000000000 -2.3434722509e+00 -2.5875736451e+00\n  211    0 1.0000000000 -2.4297168710e+00 -2.6431600825e+00\n  212    0 1.0000000000 -2.5376658652e+00 -2.7081556486e+00\n  213    0 1.0000000000 -2.6611920517e+00 -2.7836233673e+00\n  214    0 1.0000000000 -2.7973790628e+00 -2.8706754631e+00\n  215    0 1.0000000000 -2.9450116817e+00 -2.9704674571e+00\n  216    0 1.0000000000 -3.1037445848e+00 -3.0841919972e+00\n  217    0 1.0000000000 -3.2737066592e+00 -3.2130724510e+00\n  218    0 1.0000000000 -3.4553116042e+00 -3.3583562859e+00\n  219    0 1.0000000000 -3.6491633681e+00 -3.5213082681e+00\n  220    0 1.0000000000 -3.8560065162e+00 -3.7032035066e+00\n  221    0 1.0000000000 -4.0766987259e+00 -3.9053203749e+00\n  222    0 1.0000000000 -4.3121944619e+00 -4.1289333380e+00\n  223    0 1.0000000000 -4.5635342619e+00 -4.3753057185e+00\n  224    0 1.0000000000 -4.8318366249e+00 -4.6456824305e+00\n  225    0 1.0000000000 -5.1182907693e+00 -4.9412827143e+00\n  226    0 1.0000000000 -5.4241492154e+00 -5.2632929034e+00\n  227    0 1.0000000000 -5.7507195375e+00 -5.6128592542e+00\n  228    0 1.0000000000 -6.0993548810e+00 -5.9910808709e+00\n  229    0 1.0000000000 -6.4714430240e+00 -6.3990027554e+00\n  230    0 1.0000000000 -6.8683939064e+00 -6.8376090142e+00\n  231    0 1.0000000000 -7.2916256777e+00 -7.3078162505e+00\n  232    0 1.0000000000 -7.7425494260e+00 -7.8104671725e+00\n  233    0 1.0000000000 -8.2225528493e+00 -8.3463244446e+00\n  234    0 1.0000000000 -8.7329832034e+00 -8.9160648110e+00\n  235    0 1.0000000000 -9.2751299181e+00 -9.5202735163e+00\n  236    0 1.0000000000 -9.8502072950e+00 -1.0159439050e+01\n  237    0 1.0000000000 -1.0459337702e+01 -1.0833948237e+01\n  238    0 1.0000000000 -1.1103535644e+01 -1.1544081701e+01\n  239    0 1.0000000000 -1.1783693047e+01 -1.2290009715e+01\n  240    0 1.0000000000 -1.2500566013e+01 -1.3071788464e+01\n  241    0 1.0000000000 -1.3254763238e+01 -1.3889356743e+01\n  242    0 1.0000000000 -1.4046736199e+01 -1.4742533090e+01\n  243    0 1.0000000000 -1.4876771143e+01 -1.5631013388e+01\n  244    0 1.0000000000 -1.5744982867e+01 -1.6554368932e+01\n  245    0 1.0000000000 -1.6651310189e+01 -1.7512044991e+01\n  246    0 1.0000000000 -1.7595513021e+01 -1.8503359853e+01\n  247    0 1.0000000000 -1.8577170901e+01 -1.9527504372e+01\n  248    0 1.0000000000 -1.9595682844e+01 -2.0583542025e+01\n  249    0 1.0000000000 -2.0650268370e+01 -2.1670409472e+01\n  250    0 1.0000000000 -2.1739969575e+01 -2.2786917625e+01\n  251    0 1.0000000000 -2.2863654128e+01 -2.3931753231e+01\n  252    0 1.0000000000 -2.4020019072e+01 -2.5103480952e+01\n  253    0 1.0000000000 -2.5207595357e+01 -2.6300545947e+01\n  254    0 1.0000000000 -2.6424753002e+01 -2.7521276954e+01\n  255    0 1.0000000000 -2.7669706850e+01 -2.8763889841e+01\n  256    0 1.0000000000 -2.8940522833e+01 -3.0026491641e+01\n  257    0 1.0000000000 -3.0235124727e+01 -3.1307085043e+01\n  258    0 1.0000000000 -3.1551301350e+01 -3.2603573326e+01\n  259    0 1.0000000000 -3.2886714169e+01 -3.3913765719e+01\n  260    0 1.0000000000 -3.4238905294e+01 -3.5235383171e+01\n  261    0 1.0000000000 -3.5605305841e+01 -3.6566064516e+01\n  262    0 1.0000000000 -3.6983244621e+01 -3.7903372995e+01\n  263    0 1.0000000000 -3.8369957156e+01 -3.9244803125e+01\n  264    0 1.0000000000 -3.9762594977e+01 -4.0587787893e+01\n  265    0 1.0000000000 -4.1158235199e+01 -4.1929706237e+01\n  266    0 1.0000000000 -4.2553890332e+01 -4.3267890791e+01\n  267    0 1.0000000000 -4.3946518312e+01 -4.4599635874e+01\n  268    0 1.0000000000 -4.5333032718e+01 -4.5922205683e+01\n  269    0 1.0000000000 -4.6710313152e+01 -4.7232842663e+01\n  270    0 1.0000000000 -4.8075215744e+01 -4.8528776026e+01\n  271    0 1.0000000000 -4.9424583754e+01 -4.9807230382e+01\n  272    0 1.0000000000 -5.0755258234e+01 -5.1065434460e+01\n  273    0 1.0000000000 -5.2064088728e+01 -5.2300629868e+01\n  274    0 1.0000000000 -5.3347943953e+01 -5.3510079878e+01\n  275    0 1.0000000000 -5.4603722446e+01 -5.4691078195e+01\n  276    0 1.0000000000 -5.5828363132e+01 -5.5840957674e+01\n  277    0 1.0000000000 -5.7018855772e+01 -5.6957098957e+01\n  278    0 1.0000000000 -5.8172251265e+01 -5.8036938997e+01\n  279    0 1.0000000000 -5.9285671755e+01 -5.9077979431e+01\n  280    0 1.0000000000 -6.0356320525e+01 -6.0077794782e+01\n  281    0 1.0000000000 -6.1381491615e+01 -6.1034040441e+01\n  282    0 1.0000000000 -6.2358579159e+01 -6.1944460420e+01\n  283    0 1.0000000000 -6.3285086385e+01 -6.2806894828e+01\n  284    0 1.0000000000 -6.4158634254e+01 -6.3619287053e+01\n  285    0 1.0000000000 -6.4976969708e+01 -6.4379690615e+01\n  286    0 1.0000000000 -6.5737973485e+01 -6.5086275673e+01\n  287    0 1.0000000000 -6.6439667486e+01 -6.5737335152e+01\n  288    0 1.0000000000 -6.7080221661e+01 -6.6331290468e+01\n  289    0 1.0000000000 -6.7657960381e+01 -6.6866696837e+01\n  290    0 1.0000000000 -6.8171368283e+01 -6.7342248139e+01\n  291    0 1.0000000000 -6.8619095558e+01 -6.7756781319e+01\n  292    0 1.0000000000 -6.8999962670e+01 -6.8109280317e+01\n  293    0 1.0000000000 -6.9312964476e+01 -6.8398879500e+01\n  294    0 1.0000000000 -6.9557273744e+01 -6.8624866589e+01\n  295    0 1.0000000000 -6.9732244046e+01 -6.8786685070e+01\n  296    0 1.0000000000 -6.9837412027e+01 -6.8883936084e+01\n  297    0 1.0000000000 -6.9872499019e+01 -6.8916379769e+01\n