SINGLE-ORBITAL NN+NNN EFFECTIVE MODEL FIT

m=4
eon=0.0
t0=1.0
l_decay=2.5
dl=0.1
pairing=./m=4/pairing.txt
microscopic_orbitals=34

E_eff(k) = eps0 + 2*t1[cos(k.u1)+cos(k.u2)] + 4*t2*cos(k.u1)*cos(k.u2)

eps0     = -2.86597326241921e+01
t1       = -1.00338784378775e+01
t2       = -4.15633958531121e+00

RMSE=4.67168932315707e-01
MAE=3.04324284176542e-01
max_abs_error=1.37493714996514e+00
optimizer_success=True
optimizer_message=Linear least-squares solution
minimum_tracking_continuity=1.0000000000
mean_tracking_continuity=1.0000000000

# k_index idx continuity target fit\n    0    0 1.0000000000 -8.5376465818e+01 -8.5420604717e+01\n    1    0 1.0000000000 -8.5357916464e+01 -8.5402131289e+01\n    2    0 1.0000000000 -8.5302287270e+01 -8.5346729605e+01\n    3    0 1.0000000000 -8.5209634819e+01 -8.5254455450e+01\n    4    0 1.0000000000 -8.5080053357e+01 -8.5125401737e+01\n    5    0 1.0000000000 -8.4913674695e+01 -8.4959698412e+01\n    6    0 1.0000000000 -8.4710668081e+01 -8.4757512323e+01\n    7    0 1.0000000000 -8.4471240030e+01 -8.4519047056e+01\n    8    0 1.0000000000 -8.4195634123e+01 -8.4244542724e+01\n    9    0 1.0000000000 -8.3884130759e+01 -8.3934275731e+01\n   10    0 1.0000000000 -8.3537046884e+01 -8.3588558488e+01\n   11    0 1.0000000000 -8.3154735670e+01 -8.3207739103e+01\n   12    0 1.0000000000 -8.2737586170e+01 -8.2792201030e+01\n   13    0 1.0000000000 -8.2286022926e+01 -8.2342362680e+01\n   14    0 1.0000000000 -8.1800505555e+01 -8.1858677002e+01\n   15    0 1.0000000000 -8.1281528286e+01 -8.1341631026e+01\n   16    0 1.0000000000 -8.0729619474e+01 -8.0791745375e+01\n   17    0 1.0000000000 -8.0145341072e+01 -8.0209573736e+01\n   18    0 1.0000000000 -7.9529288077e+01 -7.9595702307e+01\n   19    0 1.0000000000 -7.8882087937e+01 -7.8950749204e+01\n   20    0 1.0000000000 -7.8204399925e+01 -7.8275363840e+01\n   21    0 1.0000000000 -7.7496914490e+01 -7.7570226272e+01\n   22    0 1.0000000000 -7.6760352566e+01 -7.6836046513e+01\n   23    0 1.0000000000 -7.5995464857e+01 -7.6073563819e+01\n   24    0 1.0000000000 -7.5203031088e+01 -7.5283545947e+01\n   25    0 1.0000000000 -7.4383859234e+01 -7.4466788376e+01\n   26    0 1.0000000000 -7.3538784710e+01 -7.3624113514e+01\n   27    0 1.0000000000 -7.2668669539e+01 -7.2756369862e+01\n   28    0 1.0000000000 -7.1774401493e+01 -7.1864431164e+01\n   29    0 1.0000000000 -7.0856893206e+01 -7.0949195527e+01\n   30    0 1.0000000000 -6.9917081261e+01 -7.0011584515e+01\n   31    0 1.0000000000 -6.8955925249e+01 -6.9052542224e+01\n   32    0 1.0000000000 -6.7974406808e+01 -6.8073034328e+01\n   33    0 1.0000000000 -6.6973528636e+01 -6.7074047108e+01\n   34    0 1.0000000000 -6.5954313477e+01 -6.6056586460e+01\n   35    0 1.0000000000 -6.4917803086e+01 -6.5021676880e+01\n   36    0 1.0000000000 -6.3865057176e+01 -6.3970360435e+01\n   37    0 1.0000000000 -6.2797152331e+01 -6.2903695711e+01\n   38    0 1.0000000000 -6.1715180912e+01 -6.1822756748e+01\n   39    0 1.0000000000 -6.0620249924e+01 -6.0728631962e+01\n   40    0 1.0000000000 -5.9513479879e+01 -5.9622423042e+01\n   41    0 1.0000000000 -5.8396003619e+01 -5.8505243848e+01\n   42    0 1.0000000000 -5.7268965133e+01 -5.7378219284e+01\n   43    0 1.0000000000 -5.6133518342e+01 -5.6242484168e+01\n   44    0 1.0000000000 -5.4990825860e+01 -5.5099182090e+01\n   45    0 1.0000000000 -5.3842057740e+01 -5.3949464258e+01\n   46    0 1.0000000000 -5.2688390182e+01 -5.2794488339e+01\n   47    0 1.0000000000 -5.1531004232e+01 -5.1635417298e+01\n   48    0 1.0000000000 -5.0371084435e+01 -5.0473418220e+01\n   49    0 1.0000000000 -4.9209817469e+01 -4.9309661139e+01\n   50    0 1.0000000000 -4.8048390750e+01 -4.8145317861e+01\n   51    0 1.0000000000 -4.6887990991e+01 -4.6981560780e+01\n   52    0 1.0000000000 -4.5729802738e+01 -4.5819561702e+01\n   53    0 1.0000000000 -4.4575006852e+01 -4.4660490661e+01\n   54    0 1.0000000000 -4.3424778961e+01 -4.3505514742e+01\n   55    0 1.0000000000 -4.2280287851e+01 -4.2355796910e+01\n   56    0 1.0000000000 -4.1142693818e+01 -4.1212494831e+01\n   57    0 1.0000000000 -4.0013146955e+01 -4.0076759716e+01\n   58    0 1.0000000000 -3.8892785386e+01 -3.8949735152e+01\n   59    0 1.0000000000 -3.7782733433e+01 -3.7832555958e+01\n   60    0 1.0000000000 -3.6684099719e+01 -3.6726347038e+01\n   61    0 1.0000000000 -3.5597975200e+01 -3.5632222252e+01\n   62    0 1.0000000000 -3.4525431135e+01 -3.4551283289e+01\n   63    0 1.0000000000 -3.3467516973e+01 -3.3484618565e+01\n   64    0 1.0000000000 -3.2425258195e+01 -3.2433302120e+01\n   65    0 1.0000000000 -3.1399654079e+01 -3.1398392540e+01\n   66    0 1.0000000000 -3.0391675437e+01 -3.0380931891e+01\n   67    0 1.0000000000 -2.9402262312e+01 -2.9381944672e+01\n   68    0 1.0000000000 -2.8432321680e+01 -2.8402436776e+01\n   69    0 1.0000000000 -2.7482725180e+01 -2.7443394485e+01\n   70    0 1.0000000000 -2.6554306923e+01 -2.6505783473e+01\n   71    0 1.0000000000 -2.5647861436e+01 -2.5590547836e+01\n   72    0 1.0000000000 -2.4764141809e+01 -2.4698609138e+01\n   73    0 1.0000000000 -2.3903858147e+01 -2.3830865486e+01\n   74    0 1.0000000000 -2.3067676424e+01 -2.2988190624e+01\n   75    0 1.0000000000 -2.2256217880e+01 -2.2171433053e+01\n   76    0 1.0000000000 -2.1470059115e+01 -2.1381415181e+01\n   77    0 1.0000000000 -2.0709733064e+01 -2.0618932487e+01\n   78    0 1.0000000000 -1.9975731061e+01 -1.9884752728e+01\n   79    0 1.0000000000 -1.9268506246e+01 -1.9179615160e+01\n   80    0 1.0000000000 -1.8588478576e+01 -1.8504229796e+01\n   81    0 1.0000000000 -1.7936041751e+01 -1.7859276693e+01\n   82    0 1.0000000000 -1.7311572387e+01 -1.7245405264e+01\n   83    0 1.0000000000 -1.6715441787e+01 -1.6663233625e+01\n   84    0 1.0000000000 -1.6148030663e+01 -1.6113347973e+01\n   85    0 1.0000000000 -1.5609747147e+01 -1.5596301998e+01\n   86    0 1.0000000000 -1.5101048329e+01 -1.5112616320e+01\n   87    0 1.0000000000 -1.4622465384e+01 -1.4662777970e+01\n   88    0 1.0000000000 -1.4174632002e+01 -1.4247239897e+01\n   89    0 1.0000000000 -1.3758315228e+01 -1.3866420512e+01\n   90    0 1.0000000000 -1.3374446801e+01 -1.3520703269e+01\n   91    0 1.0000000000 -1.3024151588e+01 -1.3210436275e+01\n   92    0 1.0000000000 -1.2708767617e+01 -1.2935931944e+01\n   93    0 1.0000000000 -1.2429849644e+01 -1.2697466676e+01\n   94    0 1.0000000000 -1.2189145899e+01 -1.2495280588e+01\n   95    0 1.0000000000 -1.1988536831e+01 -1.2329577263e+01\n   96    0 1.0000000000 -1.1829927544e+01 -1.2200523550e+01\n   97    0 1.0000000000 -1.1715094455e+01 -1.2108249395e+01\n   98    0 1.0000000000 -1.1645501692e+01 -1.2052847711e+01\n   99    0 1.0000000000 -1.1622120054e+01 -1.2034374283e+01\n  100    0 1.0000000000 -1.1620643118e+01 -1.2032641181e+01\n  101    0 1.0000000000 -1.1616206210e+01 -1.2027443621e+01\n  102    0 1.0000000000 -1.1608812945e+01 -1.2018786836e+01\n  103    0 1.0000000000 -1.1598469344e+01 -1.2006679542e+01\n  104    0 1.0000000000 -1.1585183825e+01 -1.1991133932e+01\n  105    0 1.0000000000 -1.1568967193e+01 -1.1972165657e+01\n  106    0 1.0000000000 -1.1549832629e+01 -1.1949793817e+01\n  107    0 1.0000000000 -1.1527795674e+01 -1.1924040940e+01\n  108    0 1.0000000000 -1.1502874210e+01 -1.1894932955e+01\n  109    0 1.0000000000 -1.1475088438e+01 -1.1862499172e+01\n  110    0 1.0000000000 -1.1444460854e+01 -1.1826772249e+01\n  111    0 1.0000000000 -1.1411016225e+01 -1.1787788161e+01\n  112    0 1.0000000000 -1.1374781556e+01 -1.1745586160e+01\n  113    0 1.0000000000 -1.1335786060e+01 -1.1700208741e+01\n  114    0 1.0000000000 -1.1294061123e+01 -1.1651701594e+01\n  115    0 1.0000000000 -1.1249640264e+01 -1.1600113563e+01\n  116    0 1.0000000000 -1.1202559100e+01 -1.1545496593e+01\n  117    0 1.0000000000 -1.1152855299e+01 -1.1487905677e+01\n  118    0 1.0000000000 -1.1100568539e+01 -1.1427398805e+01\n  119    0 1.0000000000 -1.1045740457e+01 -1.1364036903e+01\n  120    0 1.0000000000 -1.0988414600e+01 -1.1297883770e+01\n  121    0 1.0000000000 -1.0928636376e+01 -1.1229006017e+01\n  122    0 1.0000000000 -1.0866452996e+01 -1.1157472998e+01\n  123    0 1.0000000000 -1.0801913420e+01 -1.1083356741e+01\n  124    0 1.0000000000 -1.0735068297e+01 -1.1006731874e+01\n  125    0 1.0000000000 -1.0665969906e+01 -1.0927675552e+01\n  126    0 1.0000000000 -1.0594672092e+01 -1.0846267379e+01\n  127    0 1.0000000000 -1.0521230201e+01 -1.0762589326e+01\n  128    0 1.0000000000 -1.0445701018e+01 -1.0676725648e+01\n  129    0 1.0000000000 -1.0368142691e+01 -1.0588762804e+01\n  130    0 1.0000000000 -1.0288614672e+01 -1.0498789365e+01\n  131    0 1.0000000000 -1.0207177634e+01 -1.0406895925e+01\n  132    0 1.0000000000 -1.0123893411e+01 -1.0313175016e+01\n  133    0 1.0000000000 -1.0038824912e+01 -1.0217721004e+01\n  134    0 1.0000000000 -9.9520360558e+00 -1.0120630005e+01\n  135    0 1.0000000000 -9.8635916884e+00 -1.0021999780e+01\n  136    0 1.0000000000 -9.7735575087e+00 -9.9219296429e+00\n  137    0 1.0000000000 -9.6819999896e+00 -9.8205203546e+00\n  138    0 1.0000000000 -9.5889862994e+00 -9.7178740260e+00\n  139    0 1.0000000000 -9.4945842220e+00 -9.6140940133e+00\n  140    0 1.0000000000 -9.3988620775e+00 -9.5092848142e+00\n  141    0 1.0000000000 -9.3018886416e+00 -9.4035519625e+00\n  142    0 1.0000000000 -9.2037330653e+00 -9.2970019224e+00\n  143    0 1.0000000000 -9.1044647947e+00 -9.1897419808e+00\n  144    0 1.0000000000 -9.0041534907e+00 -9.0818801391e+00\n  145    0 1.0000000000 -8.9028689493e+00 -8.9735250053e+00\n  146    0 1.0000000000 -8.8006810225e+00 -8.8647856838e+00\n  147    0 1.0000000000 -8.6976595394e+00 -8.7557716657e+00\n  148    0 1.0000000000 -8.5938742298e+00 -8.6465927191e+00\n  149    0 1.0000000000 -8.4893946471e+00 -8.5373587778e+00\n  150    0 1.0000000000 -8.3842900950e+00 -8.4281798311e+00\n  151    0 1.0000000000 -8.2786295540e+00 -8.3191658131e+00\n  152    0 1.0000000000 -8.1724816119e+00 -8.2104264915e+00\n  153    0 1.0000000000 -8.0659143964e+00 -8.1020713577e+00\n  154    0 1.0000000000 -7.9589955101e+00 -7.9942095161e+00\n  155    0 1.0000000000 -7.8517919708e+00 -7.8869495744e+00\n  156    0 1.0000000000 -7.7443701551e+00 -7.7803995343e+00\n  157    0 1.0000000000 -7.6367957474e+00 -7.6746666827e+00\n  158    0 1.0000000000 -7.5291336954e+00 -7.5698574835e+00\n  159    0 1.0000000000 -7.4214481723e+00 -7.4660774708e+00\n  160    0 1.0000000000 -7.3138025485e+00 -7.3634311422e+00\n  161    0 1.0000000000 -7.2062593735e+00 -7.2620218539e+00\n  162    0 1.0000000000 -7.0988803702e+00 -7.1619517165e+00\n  163    0 1.0000000000 -6.9917264460e+00 -7.0633214920e+00\n  164    0 1.0000000000 -6.8848577227e+00 -6.9662304927e+00\n  165    0 1.0000000000 -6.7783335919e+00 -6.8707764812e+00\n  166    0 1.0000000000 -6.6722128011e+00 -6.7770555714e+00\n  167    0 1.0000000000 -6.5665535818e+00 -6.6851621323e+00\n  168    0 1.0000000000 -6.4614138298e+00 -6.5951886930e+00\n  169    0 1.0000000000 -6.3568513573e+00 -6.5072258489e+00\n  170    0 1.0000000000 -6.2529242407e+00 -6.4213621713e+00\n  171    0 1.0000000000 -6.1496912998e+00 -6.3376841176e+00\n  172    0 1.0000000000 -6.0472127597e+00 -6.2562759444e+00\n  173    0 1.0000000000 -5.9455511735e+00 -6.1772196230e+00\n  174    0 1.0000000000 -5.8447727192e+00 -6.1005947563e+00\n  175    0 1.0000000000 -5.7449490507e+00 -6.0264784991e+00\n  176    0 1.0000000000 -5.6461599782e+00 -5.9549454801e+00\n  177    0 1.0000000000 -5.5484974229e+00 -5.8860677270e+00\n  178    0 1.0000000000 -5.4520713653e+00 -5.8199145940e+00\n  179    0 1.0000000000 -5.3570189738e+00 -5.7565526916e+00\n  180    0 1.0000000000 -5.2635188885e+00 -5.6960458199e+00\n  181    0 1.0000000000 -5.1718139138e+00 -5.6384549041e+00\n  182    0 1.0000000000 -5.0822472354e+00 -5.5838379334e+00\n  183    0 1.0000000000 -4.9953190551e+00 -5.5322499026e+00\n  184    0 1.0000000000 -4.9117681861e+00 -5.4837427563e+00\n  185    0 1.0000000000 -4.8326620720e+00 -5.4383653371e+00\n  186    0 1.0000000000 -4.7594068455e+00 -5.3961633363e+00\n  187    0 1.0000000000 -4.6934727158e+00 -5.3571792478e+00\n  188    0 1.0000000000 -4.6357279761e+00 -5.3214523250e+00\n  189    0 1.0000000000 -4.5858917687e+00 -5.2890185422e+00\n  190    0 1.0000000000 -4.5428149647e+00 -5.2599105573e+00\n  191    0 1.0000000000 -4.5052571001e+00 -5.2341576795e+00\n  192    0 1.0000000000 -4.4723792544e+00 -5.2117858400e+00\n  193    0 1.0000000000 -4.4438274603e+00 -5.1928175651e+00\n  194    0 1.0000000000 -4.4196369322e+00 -5.1772719544e+00\n  195    0 1.0000000000 -4.4001028572e+00 -5.1651646610e+00\n  196    0 1.0000000000 -4.3856532309e+00 -5.1565078759e+00\n  197    0 1.0000000000 -4.3767236314e+00 -5.1513103157e+00\n  198    0 1.0000000000 -4.3736393016e+00 -5.1495772139e+00\n  199    0 1.0000000000 -4.3732087897e+00 -5.1530476315e+00\n  200    0 1.0000000000 -4.3737261838e+00 -5.1635059283e+00\n  201    0 1.0000000000 -4.3834143895e+00 -5.1810929859e+00\n  202    0 1.0000000000 -4.4239800659e+00 -5.2060427719e+00\n  203    0 1.0000000000 -4.5182368295e+00 -5.2386810906e+00\n  204    0 1.0000000000 -4.6545774715e+00 -5.2794238423e+00\n  205    0 1.0000000000 -4.8138677919e+00 -5.3287747971e+00\n  206    0 1.0000000000 -4.9877795007e+00 -5.3873228942e+00\n  207    0 1.0000000000 -5.1733902715e+00 -5.4557390774e+00\n  208    0 1.0000000000 -5.3697358634e+00 -5.5347726803e+00\n  209    0 1.0000000000 -5.5766334637e+00 -5.6252473772e+00\n  210    0 1.0000000000 -5.7942641358e+00 -5.7280567164e+00\n  211    0 1.0000000000 -6.0230062938e+00 -5.8441592562e+00\n  212    0 1.0000000000 -6.2633617871e+00 -5.9745733225e+00\n  213    0 1.0000000000 -6.5159201208e+00 -6.1203714125e+00\n  214    0 1.0000000000 -6.7813398708e+00 -6.2826742675e+00\n  215    0 1.0000000000 -7.0603384059e+00 -6.4626446405e+00\n  216    0 1.0000000000 -7.3536857968e+00 -6.6614807851e+00\n  217    0 1.0000000000 -7.6622008526e+00 -6.8804096945e+00\n  218    0 1.0000000000 -7.9867481746e+00 -7.1206801193e+00\n  219    0 1.0000000000 -8.3282355885e+00 -7.3835553938e+00\n  220    0 1.0000000000 -8.6876115577e+00 -7.6703061033e+00\n  221    0 1.0000000000 -9.0658623188e+00 -7.9822026220e+00\n  222    0 1.0000000000 -9.4640085566e+00 -8.3205075566e+00\n  223    0 1.0000000000 -9.8831014913e+00 -8.6864681258e+00\n  224    0 1.0000000000 -1.0324218283e+01 -9.0813085111e+00\n  225    0 1.0000000000 -1.0788456694e+01 -9.5062222104e+00\n  226    0 1.0000000000 -1.1276928972e+01 -9.9623644304e+00\n  227    0 1.0000000000 -1.1790754943e+01 -1.0450844548e+01\n  228    0 1.0000000000 -1.2331054332e+01 -1.0972718678e+01\n  229    0 1.0000000000 -1.2898938360e+01 -1.1528982375e+01\n  230    0 1.0000000000 -1.3495500658e+01 -1.2120563508e+01\n  231    0 1.0000000000 -1.4121807625e+01 -1.2748315334e+01\n  232    0 1.0000000000 -1.4778888300e+01 -1.3413009802e+01\n  233    0 1.0000000000 -1.5467723902e+01 -1.4115331126e+01\n  234    0 1.0000000000 -1.6189237169e+01 -1.4855869645e+01\n  235    0 1.0000000000 -1.6944281636e+01 -1.5635116002e+01\n  236    0 1.0000000000 -1.7733631016e+01 -1.6453455673e+01\n  237    0 1.0000000000 -1.8557968827e+01 -1.7311163868e+01\n  238    0 1.0000000000 -1.9417878410e+01 -1.8208400826e+01\n  239    0 1.0000000000 -2.0313833470e+01 -1.9145207533e+01\n  240    0 1.0000000000 -2.1246189260e+01 -2.0121501876e+01\n  241    0 1.0000000000 -2.2215174504e+01 -2.1137075260e+01\n  242    0 1.0000000000 -2.3220884152e+01 -2.2191589697e+01\n  243    0 1.0000000000 -2.4263273023e+01 -2.3284575390e+01\n  244    0 1.0000000000 -2.5342150381e+01 -2.4415428827e+01\n  245    0 1.0000000000 -2.6457175483e+01 -2.5583411379e+01\n  246    0 1.0000000000 -2.7607854100e+01 -2.6787648442e+01\n  247    0 1.0000000000 -2.8793536011e+01 -2.8027129096e+01\n  248    0 1.0000000000 -3.0013413467e+01 -2.9300706316e+01\n  249    0 1.0000000000 -3.1266520587e+01 -3.0607097716e+01\n  250    0 1.0000000000 -3.2551733675e+01 -3.1944886846e+01\n  251    0 1.0000000000 -3.3867772399e+01 -3.3312525019e+01\n  252    0 1.0000000000 -3.5213201823e+01 -3.4708333687e+01\n  253    0 1.0000000000 -3.6586435219e+01 -3.6130507342e+01\n  254    0 1.0000000000 -3.7985737650e+01 -3.7577116945e+01\n  255    0 1.0000000000 -3.9409230248e+01 -3.9046113873e+01\n  256    0 1.0000000000 -4.0854895180e+01 -4.0535334361e+01\n  257    0 1.0000000000 -4.2320581227e+01 -4.2042504440e+01\n  258    0 1.0000000000 -4.3804009965e+01 -4.3565245347e+01\n  259    0 1.0000000000 -4.5302782487e+01 -4.5101079382e+01\n  260    0 1.0000000000 -4.6814386638e+01 -4.6647436212e+01\n  261    0 1.0000000000 -4.8336204729e+01 -4.8201659579e+01\n  262    0 1.0000000000 -4.9865521676e+01 -4.9761014400e+01\n  263    0 1.0000000000 -5.1399533552e+01 -5.1322694234e+01\n  264    0 1.0000000000 -5.2935356492e+01 -5.2883829085e+01\n  265    0 1.0000000000 -5.4470035929e+01 -5.4441493519e+01\n  266    0 1.0000000000 -5.6000556124e+01 -5.5992715056e+01\n  267    0 1.0000000000 -5.7523849949e+01 -5.7534482820e+01\n  268    0 1.0000000000 -5.9036808887e+01 -5.9063756400e+01\n  269    0 1.0000000000 -6.0536293217e+01 -6.0577474912e+01\n  270    0 1.0000000000 -6.2019142345e+01 -6.2072566196e+01\n  271    0 1.0000000000 -6.3482185241e+01 -6.3545956147e+01\n  272    0 1.0000000000 -6.4922250952e+01 -6.4994578130e+01\n  273    0 1.0000000000 -6.6336179144e+01 -6.6415382434e+01\n  274    0 1.0000000000 -6.7720830641e+01 -6.7805345759e+01\n  275    0 1.0000000000 -6.9073097931e+01 -6.9161480665e+01\n  276    0 1.0000000000 -7.0389915582e+01 -7.0480844981e+01\n  277    0 1.0000000000 -7.1668270553e+01 -7.1760551109e+01\n  278    0 1.0000000000 -7.2905212344e+01 -7.2997775216e+01\n  279    0 1.0000000000 -7.4097862965e+01 -7.4189766256e+01\n  280    0 1.0000000000 -7.5243426674e+01 -7.5333854801e+01\n  281    0 1.0000000000 -7.6339199459e+01 -7.6427461648e+01\n  282    0 1.0000000000 -7.7382578224e+01 -7.7468106157e+01\n  283    0 1.0000000000 -7.8371069648e+01 -7.8453414310e+01\n  284    0 1.0000000000 -7.9302298686e+01 -7.9381126438e+01\n  285    0 1.0000000000 -8.0174016672e+01 -8.0249104600e+01\n  286    0 1.0000000000 -8.0984109010e+01 -8.1055339585e+01\n  287    0 1.0000000000 -8.1730602410e+01 -8.1797957502e+01\n  288    0 1.0000000000 -8.2411671650e+01 -8.2475225951e+01\n  289    0 1.0000000000 -8.3025645841e+01 -8.3085559725e+01\n  290    0 1.0000000000 -8.3571014158e+01 -8.3627526047e+01\n  291    0 1.0000000000 -8.4046431039e+01 -8.4099849306e+01\n  292    0 1.0000000000 -8.4450720809e+01 -8.4501415281e+01\n  293    0 1.0000000000 -8.4782881727e+01 -8.4831274834e+01\n  294    0 1.0000000000 -8.5042089437e+01 -8.5088647061e+01\n  295    0 1.0000000000 -8.5227699807e+01 -8.5272921883e+01\n  296    0 1.0000000000 -8.5339251151e+01 -8.5383662074e+01\n  297    0 1.0000000000 -8.5376465818e+01 -8.5420604717e+01\n