SINGLE-ORBITAL NN+NNN EFFECTIVE MODEL FIT

m=5
eon=0.0
t0=1.0
l_decay=2.5
dl=0.1
pairing=./m=5/pairing.txt
microscopic_orbitals=52

E_eff(k) = eps0 + 2*t1[cos(k.u1)+cos(k.u2)] + 4*t2*cos(k.u1)*cos(k.u2)

eps0     = -3.71616006084161e+01
t1       = -1.09794317600799e+01
t2       = -4.04040768707911e+00

RMSE=1.39958277872624e+00
MAE=1.18586671706564e+00
max_abs_error=2.99588142194242e+00
optimizer_success=True
optimizer_message=Linear least-squares solution
minimum_tracking_continuity=1.0000000000
mean_tracking_continuity=1.0000000000

# k_index idx continuity target fit\n    0    0 1.0000000000 -9.6094567295e+01 -9.7240958397e+01\n    1    0 1.0000000000 -9.6076624546e+01 -9.7221766344e+01\n    2    0 1.0000000000 -9.6022813908e+01 -9.7164209509e+01\n    3    0 1.0000000000 -9.5933188185e+01 -9.7068345847e+01\n    4    0 1.0000000000 -9.5807835322e+01 -9.6934271886e+01\n    5    0 1.0000000000 -9.5646878310e+01 -9.6762122625e+01\n    6    0 1.0000000000 -9.5450475051e+01 -9.6552071405e+01\n    7    0 1.0000000000 -9.5218818192e+01 -9.6304329729e+01\n    8    0 1.0000000000 -9.4952134918e+01 -9.6019147052e+01\n    9    0 1.0000000000 -9.4650686702e+01 -9.5696810530e+01\n   10    0 1.0000000000 -9.4314769028e+01 -9.5337644727e+01\n   11    0 1.0000000000 -9.3944711071e+01 -9.4942011293e+01\n   12    0 1.0000000000 -9.3540875341e+01 -9.4510308598e+01\n   13    0 1.0000000000 -9.3103657291e+01 -9.4042971329e+01\n   14    0 1.0000000000 -9.2633484890e+01 -9.3540470056e+01\n   15    0 1.0000000000 -9.2130818157e+01 -9.3003310755e+01\n   16    0 1.0000000000 -9.1596148663e+01 -9.2432034299e+01\n   17    0 1.0000000000 -9.1029998997e+01 -9.1827215915e+01\n   18    0 1.0000000000 -9.0432922193e+01 -9.1189464605e+01\n   19    0 1.0000000000 -8.9805501130e+01 -9.0519422530e+01\n   20    0 1.0000000000 -8.9148347893e+01 -8.9817764365e+01\n   21    0 1.0000000000 -8.8462103098e+01 -8.9085196621e+01\n   22    0 1.0000000000 -8.7747435192e+01 -8.8322456932e+01\n   23    0 1.0000000000 -8.7005039714e+01 -8.7530313311e+01\n   24    0 1.0000000000 -8.6235638522e+01 -8.6709563380e+01\n   25    0 1.0000000000 -8.5439978999e+01 -8.5861033565e+01\n   26    0 1.0000000000 -8.4618833212e+01 -8.4985578263e+01\n   27    0 1.0000000000 -8.3772997055e+01 -8.4084078984e+01\n   28    0 1.0000000000 -8.2903289352e+01 -8.3157443460e+01\n   29    0 1.0000000000 -8.2010550937e+01 -8.2206604736e+01\n   30    0 1.0000000000 -8.1095643698e+01 -8.1232520225e+01\n   31    0 1.0000000000 -8.0159449599e+01 -8.0236170748e+01\n   32    0 1.0000000000 -7.9202869669e+01 -7.9218559545e+01\n   33    0 1.0000000000 -7.8226822968e+01 -7.8180711263e+01\n   34    0 1.0000000000 -7.7232245520e+01 -7.7123670928e+01\n   35    0 1.0000000000 -7.6220089229e+01 -7.6048502889e+01\n   36    0 1.0000000000 -7.5191320754e+01 -7.4956289751e+01\n   37    0 1.0000000000 -7.4146920379e+01 -7.3848131278e+01\n   38    0 1.0000000000 -7.3087880837e+01 -7.2725143293e+01\n   39    0 1.0000000000 -7.2015206129e+01 -7.1588456550e+01\n   40    0 1.0000000000 -7.0929910305e+01 -7.0439215594e+01\n   41    0 1.0000000000 -6.9833016226e+01 -6.9278577616e+01\n   42    0 1.0000000000 -6.8725554314e+01 -6.8107711278e+01\n   43    0 1.0000000000 -6.7608561262e+01 -6.6927795545e+01\n   44    0 1.0000000000 -6.6483078737e+01 -6.5740018490e+01\n   45    0 1.0000000000 -6.5350152059e+01 -6.4545576105e+01\n   46    0 1.0000000000 -6.4210828861e+01 -6.3345671093e+01\n   47    0 1.0000000000 -6.3066157726e+01 -6.2141511655e+01\n   48    0 1.0000000000 -6.1917186812e+01 -6.0934310278e+01\n   49    0 1.0000000000 -6.0764962460e+01 -5.9725282512e+01\n   50    0 1.0000000000 -5.9610527787e+01 -5.8515645745e+01\n   51    0 1.0000000000 -5.8454921259e+01 -5.7306617979e+01\n   52    0 1.0000000000 -5.7299175265e+01 -5.6099416602e+01\n   53    0 1.0000000000 -5.6144314666e+01 -5.4895257165e+01\n   54    0 1.0000000000 -5.4991355351e+01 -5.3695352152e+01\n   55    0 1.0000000000 -5.3841302779e+01 -5.2500909767e+01\n   56    0 1.0000000000 -5.2695150521e+01 -5.1313132712e+01\n   57    0 1.0000000000 -5.1553878808e+01 -5.0133216979e+01\n   58    0 1.0000000000 -5.0418453083e+01 -4.8962350641e+01\n   59    0 1.0000000000 -4.9289822566e+01 -4.7801712663e+01\n   60    0 1.0000000000 -4.8168918838e+01 -4.6652471708e+01\n   61    0 1.0000000000 -4.7056654448e+01 -4.5515784964e+01\n   62    0 1.0000000000 -4.5953921564e+01 -4.4392796979e+01\n   63    0 1.0000000000 -4.4861590660e+01 -4.3284638506e+01\n   64    0 1.0000000000 -4.3780509262e+01 -4.2192425368e+01\n   65    0 1.0000000000 -4.2711500777e+01 -4.1117257330e+01\n   66    0 1.0000000000 -4.1655363395e+01 -4.0060216994e+01\n   67    0 1.0000000000 -4.0612869122e+01 -3.9022368712e+01\n   68    0 1.0000000000 -3.9584762933e+01 -3.8004757509e+01\n   69    0 1.0000000000 -3.8571762097e+01 -3.7008408032e+01\n   70    0 1.0000000000 -3.7574555712e+01 -3.6034323521e+01\n   71    0 1.0000000000 -3.6593804471e+01 -3.5083484797e+01\n   72    0 1.0000000000 -3.5630140742e+01 -3.4156849274e+01\n   73    0 1.0000000000 -3.4684169006e+01 -3.3255349994e+01\n   74    0 1.0000000000 -3.3756466742e+01 -3.2379894692e+01\n   75    0 1.0000000000 -3.2847585866e+01 -3.1531364877e+01\n   76    0 1.0000000000 -3.1958054847e+01 -3.0710614946e+01\n   77    0 1.0000000000 -3.1088381664e+01 -2.9918471325e+01\n   78    0 1.0000000000 -3.0239057827e+01 -2.9155731636e+01\n   79    0 1.0000000000 -2.9410563729e+01 -2.8423163892e+01\n   80    0 1.0000000000 -2.8603375713e+01 -2.7721505727e+01\n   81    0 1.0000000000 -2.7817975324e+01 -2.7051463652e+01\n   82    0 1.0000000000 -2.7054861435e+01 -2.6413712342e+01\n   83    0 1.0000000000 -2.6314566120e+01 -2.5808893958e+01\n   84    0 1.0000000000 -2.5597675527e+01 -2.5237617503e+01\n   85    0 1.0000000000 -2.4904857421e+01 -2.4700458201e+01\n   86    0 1.0000000000 -2.4236897744e+01 -2.4197956928e+01\n   87    0 1.0000000000 -2.3594749378e+01 -2.3730619659e+01\n   88    0 1.0000000000 -2.2979597445e+01 -2.3298916964e+01\n   89    0 1.0000000000 -2.2392946880e+01 -2.2903283530e+01\n   90    0 1.0000000000 -2.1836739447e+01 -2.2544117727e+01\n   91    0 1.0000000000 -2.1313508164e+01 -2.2221781205e+01\n   92    0 1.0000000000 -2.0826575419e+01 -2.1936598528e+01\n   93    0 1.0000000000 -2.0380292690e+01 -2.1688856853e+01\n   94    0 1.0000000000 -1.9980296492e+01 -2.1478805632e+01\n   95    0 1.0000000000 -1.9633704102e+01 -2.1306656371e+01\n   96    0 1.0000000000 -1.9349084255e+01 -2.1172582410e+01\n   97    0 1.0000000000 -1.9135937192e+01 -2.1076718748e+01\n   98    0 1.0000000000 -1.9003422459e+01 -2.1019161913e+01\n   99    0 1.0000000000 -1.8958387594e+01 -2.0999969860e+01\n  100    0 1.0000000000 -1.8956296168e+01 -2.0997051199e+01\n  101    0 1.0000000000 -1.8950031750e+01 -2.0988298155e+01\n  102    0 1.0000000000 -1.8939599126e+01 -2.0973719541e+01\n  103    0 1.0000000000 -1.8925006264e+01 -2.0953330037e+01\n  104    0 1.0000000000 -1.8906264311e+01 -2.0927150174e+01\n  105    0 1.0000000000 -1.8883387574e+01 -2.0895206312e+01\n  106    0 1.0000000000 -1.8856393506e+01 -2.0857530615e+01\n  107    0 1.0000000000 -1.8825302684e+01 -2.0814161021e+01\n  108    0 1.0000000000 -1.8790138786e+01 -2.0765141199e+01\n  109    0 1.0000000000 -1.8750928564e+01 -2.0710520508e+01\n  110    0 1.0000000000 -1.8707701808e+01 -2.0650353945e+01\n  111    0 1.0000000000 -1.8660491317e+01 -2.0584702094e+01\n  112    0 1.0000000000 -1.8609332854e+01 -2.0513631060e+01\n  113    0 1.0000000000 -1.8554265110e+01 -2.0437212407e+01\n  114    0 1.0000000000 -1.8495329652e+01 -2.0355523080e+01\n  115    0 1.0000000000 -1.8432570880e+01 -2.0268645335e+01\n  116    0 1.0000000000 -1.8366035970e+01 -2.0176666649e+01\n  117    0 1.0000000000 -1.8295774820e+01 -2.0079679638e+01\n  118    0 1.0000000000 -1.8221839992e+01 -1.9977781960e+01\n  119    0 1.0000000000 -1.8144286648e+01 -1.9871076215e+01\n  120    0 1.0000000000 -1.8063172488e+01 -1.9759669850e+01\n  121    0 1.0000000000 -1.7978557677e+01 -1.9643675039e+01\n  122    0 1.0000000000 -1.7890504780e+01 -1.9523208580e+01\n  123    0 1.0000000000 -1.7799078682e+01 -1.9398391772e+01\n  124    0 1.0000000000 -1.7704346516e+01 -1.9269350296e+01\n  125    0 1.0000000000 -1.7606377582e+01 -1.9136214085e+01\n  126    0 1.0000000000 -1.7505243267e+01 -1.8999117196e+01\n  127    0 1.0000000000 -1.7401016958e+01 -1.8858197674e+01\n  128    0 1.0000000000 -1.7293773958e+01 -1.8713597413e+01\n  129    0 1.0000000000 -1.7183591395e+01 -1.8565462014e+01\n  130    0 1.0000000000 -1.7070548134e+01 -1.8413940635e+01\n  131    0 1.0000000000 -1.6954724685e+01 -1.8259185847e+01\n  132    0 1.0000000000 -1.6836203104e+01 -1.8101353474e+01\n  133    0 1.0000000000 -1.6715066901e+01 -1.7940602440e+01\n  134    0 1.0000000000 -1.6591400941e+01 -1.7777094608e+01\n  135    0 1.0000000000 -1.6465291343e+01 -1.7610994616e+01\n  136    0 1.0000000000 -1.6336825384e+01 -1.7442469712e+01\n  137    0 1.0000000000 -1.6206091393e+01 -1.7271689588e+01\n  138    0 1.0000000000 -1.6073178651e+01 -1.7098826204e+01\n  139    0 1.0000000000 -1.5938177285e+01 -1.6924053619e+01\n  140    0 1.0000000000 -1.5801178169e+01 -1.6747547814e+01\n  141    0 1.0000000000 -1.5662272813e+01 -1.6569486515e+01\n  142    0 1.0000000000 -1.5521553263e+01 -1.6390049016e+01\n  143    0 1.0000000000 -1.5379111993e+01 -1.6209415995e+01\n  144    0 1.0000000000 -1.5235041802e+01 -1.6027769333e+01\n  145    0 1.0000000000 -1.5089435708e+01 -1.5845291933e+01\n  146    0 1.0000000000 -1.4942386843e+01 -1.5662167535e+01\n  147    0 1.0000000000 -1.4793988348e+01 -1.5478580530e+01\n  148    0 1.0000000000 -1.4644333275e+01 -1.5294715774e+01\n  149    0 1.0000000000 -1.4493514477e+01 -1.5110758403e+01\n  150    0 1.0000000000 -1.4341624514e+01 -1.4926893646e+01\n  151    0 1.0000000000 -1.4188755546e+01 -1.4743306641e+01\n  152    0 1.0000000000 -1.4034999242e+01 -1.4560182243e+01\n  153    0 1.0000000000 -1.3880446677e+01 -1.4377704844e+01\n  154    0 1.0000000000 -1.3725188243e+01 -1.4196058182e+01\n  155    0 1.0000000000 -1.3569313551e+01 -1.4015425160e+01\n  156    0 1.0000000000 -1.3412911347e+01 -1.3835987661e+01\n  157    0 1.0000000000 -1.3256069421e+01 -1.3657926363e+01\n  158    0 1.0000000000 -1.3098874523e+01 -1.3481420558e+01\n  159    0 1.0000000000 -1.2941412285e+01 -1.3306647973e+01\n  160    0 1.0000000000 -1.2783767141e+01 -1.3133784589e+01\n  161    0 1.0000000000 -1.2626022256e+01 -1.2963004464e+01\n  162    0 1.0000000000 -1.2468259456e+01 -1.2794479561e+01\n  163    0 1.0000000000 -1.2310559166e+01 -1.2628379569e+01\n  164    0 1.0000000000 -1.2153000349e+01 -1.2464871736e+01\n  165    0 1.0000000000 -1.1995660455e+01 -1.2304120702e+01\n  166    0 1.0000000000 -1.1838615375e+01 -1.2146288329e+01\n  167    0 1.0000000000 -1.1681939404e+01 -1.1991533541e+01\n  168    0 1.0000000000 -1.1525705207e+01 -1.1840012163e+01\n  169    0 1.0000000000 -1.1369983804e+01 -1.1691876763e+01\n  170    0 1.0000000000 -1.1214844559e+01 -1.1547276502e+01\n  171    0 1.0000000000 -1.1060355184e+01 -1.1406356980e+01\n  172    0 1.0000000000 -1.0906581760e+01 -1.1269260092e+01\n  173    0 1.0000000000 -1.0753588780e+01 -1.1136123881e+01\n  174    0 1.0000000000 -1.0601439207e+01 -1.1007082404e+01\n  175    0 1.0000000000 -1.0450194573e+01 -1.0882265597e+01\n  176    0 1.0000000000 -1.0299915108e+01 -1.0761799138e+01\n  177    0 1.0000000000 -1.0150659919e+01 -1.0645804327e+01\n  178    0 1.0000000000 -1.0002487237e+01 -1.0534397961e+01\n  179    0 1.0000000000 -9.8554547426e+00 -1.0427692217e+01\n  180    0 1.0000000000 -9.7096200173e+00 -1.0325794538e+01\n  181    0 1.0000000000 -9.5650411465e+00 -1.0228807527e+01\n  182    0 1.0000000000 -9.4217775568e+00 -1.0136828842e+01\n  183    0 1.0000000000 -9.2798911784e+00 -1.0049951097e+01\n  184    0 1.0000000000 -9.1394480910e+00 -9.9682617699e+00\n  185    0 1.0000000000 -9.0005208959e+00 -9.8918431163e+00\n  186    0 1.0000000000 -8.8631922110e+00 -9.8207720826e+00\n  187    0 1.0000000000 -8.7275599486e+00 -9.7551202316e+00\n  188    0 1.0000000000 -8.5937455140e+00 -9.6949536689e+00\n  189    0 1.0000000000 -8.4619069608e+00 -9.6403329773e+00\n  190    0 1.0000000000 -8.3322608966e+00 -9.5913131551e+00\n  191    0 1.0000000000 -8.2051205569e+00 -9.5479435611e+00\n  192    0 1.0000000000 -8.0809653613e+00 -9.5102678649e+00\n  193    0 1.0000000000 -7.9605756269e+00 -9.4783240026e+00\n  194    0 1.0000000000 -7.8453118156e+00 -9.4521441391e+00\n  195    0 1.0000000000 -7.7377380625e+00 -9.4317546353e+00\n  196    0 1.0000000000 -7.6430941077e+00 -9.4171760216e+00\n  197    0 1.0000000000 -7.5724729695e+00 -9.4084229774e+00\n  198    0 1.0000000000 -7.5450760010e+00 -9.4055043164e+00\n  199    0 1.0000000000 -7.5724958760e+00 -9.4113457349e+00\n  200    0 1.0000000000 -7.7388038011e+00 -9.4289132374e+00\n  201    0 1.0000000000 -7.9645704191e+00 -9.4583363239e+00\n  202    0 1.0000000000 -8.2079033394e+00 -9.4998300240e+00\n  203    0 1.0000000000 -8.4636210958e+00 -9.5536936955e+00\n  204    0 1.0000000000 -8.7306363817e+00 -9.6203093491e+00\n  205    0 1.0000000000 -9.0088301572e+00 -9.7001395075e+00\n  206    0 1.0000000000 -9.2984300707e+00 -9.7937246065e+00\n  207    0 1.0000000000 -9.5998241343e+00 -9.9016799519e+00\n  208    0 1.0000000000 -9.9134906442e+00 -1.0024692242e+01\n  209    0 1.0000000000 -1.0239967587e+01 -1.0163515674e+01\n  210    0 1.0000000000 -1.0579837720e+01 -1.0318967649e+01\n  211    0 1.0000000000 -1.0933720571e+01 -1.0491924094e+01\n  212    0 1.0000000000 -1.1302267727e+01 -1.0683314423e+01\n  213    0 1.0000000000 -1.1686159716e+01 -1.0894116158e+01\n  214    0 1.0000000000 -1.2086103675e+01 -1.1125349230e+01\n  215    0 1.0000000000 -1.2502831328e+01 -1.1378069997e+01\n  216    0 1.0000000000 -1.2937097038e+01 -1.1653364980e+01\n  217    0 1.0000000000 -1.3389675763e+01 -1.1952344376e+01\n  218    0 1.0000000000 -1.3861360808e+01 -1.2276135352e+01\n  219    0 1.0000000000 -1.4352961319e+01 -1.2625875159e+01\n  220    0 1.0000000000 -1.4865299451e+01 -1.3002704093e+01\n  221    0 1.0000000000 -1.5399207179e+01 -1.3407758339e+01\n  222    0 1.0000000000 -1.5955522741e+01 -1.3842162724e+01\n  223    0 1.0000000000 -1.6535086674e+01 -1.4307023414e+01\n  224    0 1.0000000000 -1.7138737463e+01 -1.4803420582e+01\n  225    0 1.0000000000 -1.7767306783e+01 -1.5332401087e+01\n  226    0 1.0000000000 -1.8421614365e+01 -1.5894971193e+01\n  227    0 1.0000000000 -1.9102462488e+01 -1.6492089359e+01\n  228    0 1.0000000000 -1.9810630144e+01 -1.7124659134e+01\n  229    0 1.0000000000 -2.0546866888e+01 -1.7793522184e+01\n  230    0 1.0000000000 -2.1311886443e+01 -1.8499451497e+01\n  231    0 1.0000000000 -2.2106360085e+01 -1.9243144775e+01\n  232    0 1.0000000000 -2.2930909885e+01 -2.0025218064e+01\n  233    0 1.0000000000 -2.3786101854e+01 -2.0846199632e+01\n  234    0 1.0000000000 -2.4672439063e+01 -2.1706524146e+01\n  235    0 1.0000000000 -2.5590354802e+01 -2.2606527152e+01\n  236    0 1.0000000000 -2.6540205853e+01 -2.3546439895e+01\n  237    0 1.0000000000 -2.7522265935e+01 -2.4526384513e+01\n  238    0 1.0000000000 -2.8536719394e+01 -2.5546369604e+01\n  239    0 1.0000000000 -2.9583655205e+01 -2.6606286213e+01\n  240    0 1.0000000000 -3.0663061336e+01 -2.7705904247e+01\n  241    0 1.0000000000 -3.1774819548e+01 -2.8844869331e+01\n  242    0 1.0000000000 -3.2918700652e+01 -3.0022700138e+01\n  243    0 1.0000000000 -3.4094360305e+01 -3.1238786189e+01\n  244    0 1.0000000000 -3.5301335350e+01 -3.2492386155e+01\n  245    0 1.0000000000 -3.6539040749e+01 -3.3782626657e+01\n  246    0 1.0000000000 -3.7806767133e+01 -3.5108501575e+01\n  247    0 1.0000000000 -3.9103678979e+01 -3.6468871888e+01\n  248    0 1.0000000000 -4.0428813442e+01 -3.7862466025e+01\n  249    0 1.0000000000 -4.1781079829e+01 -3.9287880757e+01\n  250    0 1.0000000000 -4.3159259736e+01 -4.0743582603e+01\n  251    0 1.0000000000 -4.4562007833e+01 -4.2227909773e+01\n  252    0 1.0000000000 -4.5987853294e+01 -4.3739074631e+01\n  253    0 1.0000000000 -4.7435201855e+01 -4.5275166673e+01\n  254    0 1.0000000000 -4.8902338494e+01 -4.6834156019e+01\n  255    0 1.0000000000 -5.0387430712e+01 -4.8413897401e+01\n  256    0 1.0000000000 -5.1888532381e+01 -5.0012134639e+01\n  257    0 1.0000000000 -5.3403588165e+01 -5.1626505596e+01\n  258    0 1.0000000000 -5.4930438456e+01 -5.3254547586e+01\n  259    0 1.0000000000 -5.6466824820e+01 -5.4893703224e+01\n  260    0 1.0000000000 -5.8010395924e+01 -5.6541326699e+01\n  261    0 1.0000000000 -5.9558713901e+01 -5.8194690445e+01\n  262    0 1.0000000000 -6.1109261139e+01 -5.9850992192e+01\n  263    0 1.0000000000 -6.2659447447e+01 -6.1507362365e+01\n  264    0 1.0000000000 -6.4206617584e+01 -6.3160871816e+01\n  265    0 1.0000000000 -6.5748059103e+01 -6.4808539848e+01\n  266    0 1.0000000000 -6.7281010479e+01 -6.6447342518e+01\n  267    0 1.0000000000 -6.8802669498e+01 -6.8074221179e+01\n  268    0 1.0000000000 -7.0310201861e+01 -6.9686091225e+01\n  269    0 1.0000000000 -7.1800749973e+01 -7.1279851028e+01\n  270    0 1.0000000000 -7.3271441879e+01 -7.2852391012e+01\n  271    0 1.0000000000 -7.4719400324e+01 -7.4400602844e+01\n  272    0 1.0000000000 -7.6141751883e+01 -7.5921388702e+01\n  273    0 1.0000000000 -7.7535636142e+01 -7.7411670595e+01\n  274    0 1.0000000000 -7.8898214885e+01 -7.8868399686e+01\n  275    0 1.0000000000 -8.0226681259e+01 -8.0288565600e+01\n  276    0 1.0000000000 -8.1518268882e+01 -8.1669205667e+01\n  277    0 1.0000000000 -8.2770260849e+01 -8.3007414080e+01\n  278    0 1.0000000000 -8.3979998618e+01 -8.4300350922e+01\n  279    0 1.0000000000 -8.5144890736e+01 -8.5545251033e+01\n  280    0 1.0000000000 -8.6262421366e+01 -8.6739432692e+01\n  281    0 1.0000000000 -8.7330158592e+01 -8.7880306063e+01\n  282    0 1.0000000000 -8.8345762474e+01 -8.8965381393e+01\n  283    0 1.0000000000 -8.9306992808e+01 -8.9992276915e+01\n  284    0 1.0000000000 -9.0211716579e+01 -9.0958726440e+01\n  285    0 1.0000000000 -9.1057915068e+01 -9.1862586600e+01\n  286    0 1.0000000000 -9.1843690593e+01 -9.2701843717e+01\n  287    0 1.0000000000 -9.2567272855e+01 -9.3474620278e+01\n  288    0 1.0000000000 -9.3227024866e+01 -9.4179180977e+01\n  289    0 1.0000000000 -9.3821448443e+01 -9.4813938320e+01\n  290    0 1.0000000000 -9.4349189240e+01 -9.5377457762e+01\n  291    0 1.0000000000 -9.4809041294e+01 -9.5868462348e+01\n  292    0 1.0000000000 -9.5199951094e+01 -9.6285836859e+01\n  293    0 1.0000000000 -9.5521021120e+01 -9.6628631436e+01\n  294    0 1.0000000000 -9.5771512874e+01 -9.6896064668e+01\n  295    0 1.0000000000 -9.5950849366e+01 -9.7087526132e+01\n  296    0 1.0000000000 -9.6058617066e+01 -9.7202578387e+01\n  297    0 1.0000000000 -9.6094567295e+01 -9.7240958397e+01\n