SINGLE-ORBITAL NN+NNN EFFECTIVE MODEL FIT

m=6
eon=0.0
t0=1.0
l_decay=2.5
dl=0.1
pairing=./m=6/pairing.txt
microscopic_orbitals=74

E_eff(k) = eps0 + 2*t1[cos(k.u1)+cos(k.u2)] + 4*t2*cos(k.u1)*cos(k.u2)

eps0     = -4.51953622682209e+01
t1       = -1.13202477299357e+01
t2       = -3.70111920060399e+00

RMSE=2.29959823092768e+00
MAE=1.97743112736427e+00
max_abs_error=4.63505511552106e+00
optimizer_success=True
optimizer_message=Linear least-squares solution
minimum_tracking_continuity=1.0000000000
mean_tracking_continuity=1.0000000000

# k_index idx continuity target fit\n    0    0 1.0000000000 -1.0317828189e+02 -1.0528082999e+02\n    1    0 1.0000000000 -1.0316185476e+02 -1.0526197803e+02\n    2    0 1.0000000000 -1.0311258862e+02 -1.0520544115e+02\n    3    0 1.0000000000 -1.0303052919e+02 -1.0511127626e+02\n    4    0 1.0000000000 -1.0291575260e+02 -1.0497957818e+02\n    5    0 1.0000000000 -1.0276836533e+02 -1.0481047953e+02\n    6    0 1.0000000000 -1.0258850405e+02 -1.0460415056e+02\n    7    0 1.0000000000 -1.0237633551e+02 -1.0436079904e+02\n    8    0 1.0000000000 -1.0213205630e+02 -1.0408067000e+02\n    9    0 1.0000000000 -1.0185589268e+02 -1.0376404551e+02\n   10    0 1.0000000000 -1.0154810026e+02 -1.0341124438e+02\n   11    0 1.0000000000 -1.0120896376e+02 -1.0302262185e+02\n   12    0 1.0000000000 -1.0083879664e+02 -1.0259856923e+02\n   13    0 1.0000000000 -1.0043794078e+02 -1.0213951351e+02\n   14    0 1.0000000000 -1.0000676607e+02 -1.0164591691e+02\n   15    0 1.0000000000 -9.9545669953e+01 -1.0111827645e+02\n   16    0 1.0000000000 -9.9055077026e+01 -1.0055712341e+02\n   17    0 1.0000000000 -9.8535438503e+01 -9.9963022838e+01\n   18    0 1.0000000000 -9.7987231707e+01 -9.9336572931e+01\n   19    0 1.0000000000 -9.7410959518e+01 -9.8678404473e+01\n   20    0 1.0000000000 -9.6807149786e+01 -9.7989180185e+01\n   21    0 1.0000000000 -9.6176354713e+01 -9.7269594057e+01\n   22    0 1.0000000000 -9.5519150213e+01 -9.6520370652e+01\n   23    0 1.0000000000 -9.4836135230e+01 -9.5742264374e+01\n   24    0 1.0000000000 -9.4127931042e+01 -9.4936058710e+01\n   25    0 1.0000000000 -9.3395180521e+01 -9.4102565441e+01\n   26    0 1.0000000000 -9.2638547378e+01 -9.3242623824e+01\n   27    0 1.0000000000 -9.1858715375e+01 -9.2357099746e+01\n   28    0 1.0000000000 -9.1056387507e+01 -9.1446884857e+01\n   29    0 1.0000000000 -9.0232285170e+01 -9.0512895665e+01\n   30    0 1.0000000000 -8.9387147288e+01 -8.9556072618e+01\n   31    0 1.0000000000 -8.8521729430e+01 -8.8577379155e+01\n   32    0 1.0000000000 -8.7636802894e+01 -8.7577800739e+01\n   33    0 1.0000000000 -8.6733153770e+01 -8.6558343859e+01\n   34    0 1.0000000000 -8.5811581987e+01 -8.5520035023e+01\n   35    0 1.0000000000 -8.4872900326e+01 -8.4463919720e+01\n   36    0 1.0000000000 -8.3917933431e+01 -8.3391061367e+01\n   37    0 1.0000000000 -8.2947516781e+01 -8.2302540243e+01\n   38    0 1.0000000000 -8.1962495657e+01 -8.1199452396e+01\n   39    0 1.0000000000 -8.0963724089e+01 -8.0082908542e+01\n   40    0 1.0000000000 -7.9952063782e+01 -7.8954032946e+01\n   41    0 1.0000000000 -7.8928383032e+01 -7.7813962290e+01\n   42    0 1.0000000000 -7.7893555628e+01 -7.6663844529e+01\n   43    0 1.0000000000 -7.6848459738e+01 -7.5504837733e+01\n   44    0 1.0000000000 -7.5793976786e+01 -7.4338108924e+01\n   45    0 1.0000000000 -7.4730990320e+01 -7.3164832900e+01\n   46    0 1.0000000000 -7.3660384868e+01 -7.1986191049e+01\n   47    0 1.0000000000 -7.2583044796e+01 -7.0803370164e+01\n   48    0 1.0000000000 -7.1499853147e+01 -6.9617561246e+01\n   49    0 1.0000000000 -7.0411690494e+01 -6.8429958304e+01\n   50    0 1.0000000000 -6.9319433776e+01 -6.7241757152e+01\n   51    0 1.0000000000 -6.8223955148e+01 -6.6054154210e+01\n   52    0 1.0000000000 -6.7126120827e+01 -6.4868345292e+01\n   53    0 1.0000000000 -6.6026789946e+01 -6.3685524407e+01\n   54    0 1.0000000000 -6.4926813419e+01 -6.2506882556e+01\n   55    0 1.0000000000 -6.3827032813e+01 -6.1333606532e+01\n   56    0 1.0000000000 -6.2728279243e+01 -6.0166877723e+01\n   57    0 1.0000000000 -6.1631372277e+01 -5.9007870927e+01\n   58    0 1.0000000000 -6.0537118870e+01 -5.7857753166e+01\n   59    0 1.0000000000 -5.9446312324e+01 -5.6717682510e+01\n   60    0 1.0000000000 -5.8359731276e+01 -5.5588806914e+01\n   61    0 1.0000000000 -5.7278138732e+01 -5.4472263060e+01\n   62    0 1.0000000000 -5.6202281134e+01 -5.3369175213e+01\n   63    0 1.0000000000 -5.5132887484e+01 -5.2280654089e+01\n   64    0 1.0000000000 -5.4070668530e+01 -5.1207795736e+01\n   65    0 1.0000000000 -5.3016316007e+01 -5.0151680433e+01\n   66    0 1.0000000000 -5.1970501970e+01 -4.9113371597e+01\n   67    0 1.0000000000 -5.0933878208e+01 -4.8093914717e+01\n   68    0 1.0000000000 -4.9907075764e+01 -4.7094336301e+01\n   69    0 1.0000000000 -4.8890704582e+01 -4.6115642839e+01\n   70    0 1.0000000000 -4.7885353287e+01 -4.5158819791e+01\n   71    0 1.0000000000 -4.6891589144e+01 -4.4224830599e+01\n   72    0 1.0000000000 -4.5909958213e+01 -4.3314615710e+01\n   73    0 1.0000000000 -4.4940985736e+01 -4.2429091633e+01\n   74    0 1.0000000000 -4.3985176833e+01 -4.1569150015e+01\n   75    0 1.0000000000 -4.3043017533e+01 -4.0735656746e+01\n   76    0 1.0000000000 -4.2114976268e+01 -3.9929451082e+01\n   77    0 1.0000000000 -4.1201505905e+01 -3.9151344804e+01\n   78    0 1.0000000000 -4.0303046499e+01 -3.8402121399e+01\n   79    0 1.0000000000 -3.9420028951e+01 -3.7682535271e+01\n   80    0 1.0000000000 -3.8552879880e+01 -3.6993310983e+01\n   81    0 1.0000000000 -3.7702028081e+01 -3.6335142526e+01\n   82    0 1.0000000000 -3.6867913162e+01 -3.5708692618e+01\n   83    0 1.0000000000 -3.6050997160e+01 -3.5114592042e+01\n   84    0 1.0000000000 -3.5251780333e+01 -3.4553439007e+01\n   85    0 1.0000000000 -3.4470822915e+01 -3.4025798547e+01\n   86    0 1.0000000000 -3.3708775500e+01 -3.3532201950e+01\n   87    0 1.0000000000 -3.2966422205e+01 -3.3073146227e+01\n   88    0 1.0000000000 -3.2244743085e+01 -3.2649093608e+01\n   89    0 1.0000000000 -3.1545006105e+01 -3.2260471077e+01\n   90    0 1.0000000000 -3.0868905366e+01 -3.1907669945e+01\n   91    0 1.0000000000 -3.0218772813e+01 -3.1591045453e+01\n   92    0 1.0000000000 -2.9597907852e+01 -3.1310916414e+01\n   93    0 1.0000000000 -2.9011095481e+01 -3.1067564896e+01\n   94    0 1.0000000000 -2.8465416027e+01 -3.0861235931e+01\n   95    0 1.0000000000 -2.7971459883e+01 -3.0692137276e+01\n   96    0 1.0000000000 -2.7544929402e+01 -3.0560439199e+01\n   97    0 1.0000000000 -2.7207994668e+01 -3.0466274309e+01\n   98    0 1.0000000000 -2.6988191537e+01 -3.0409737422e+01\n   99    0 1.0000000000 -2.6911190415e+01 -3.0390885466e+01\n  100    0 1.0000000000 -2.6908592113e+01 -3.0386940363e+01\n  101    0 1.0000000000 -2.6900815410e+01 -3.0375109025e+01\n  102    0 1.0000000000 -2.6887865823e+01 -3.0355403367e+01\n  103    0 1.0000000000 -2.6869752542e+01 -3.0327843229e+01\n  104    0 1.0000000000 -2.6846488419e+01 -3.0292456363e+01\n  105    0 1.0000000000 -2.6818089952e+01 -3.0249278400e+01\n  106    0 1.0000000000 -2.6784577268e+01 -3.0198352817e+01\n  107    0 1.0000000000 -2.6745974097e+01 -3.0139730892e+01\n  108    0 1.0000000000 -2.6702307748e+01 -3.0073471651e+01\n  109    0 1.0000000000 -2.6653609076e+01 -2.9999641813e+01\n  110    0 1.0000000000 -2.6599912445e+01 -2.9918315717e+01\n  111    0 1.0000000000 -2.6541255691e+01 -2.9829575252e+01\n  112    0 1.0000000000 -2.6477680076e+01 -2.9733509773e+01\n  113    0 1.0000000000 -2.6409230241e+01 -2.9630216009e+01\n  114    0 1.0000000000 -2.6335954156e+01 -2.9519797967e+01\n  115    0 1.0000000000 -2.6257903064e+01 -2.9402366831e+01\n  116    0 1.0000000000 -2.6175131422e+01 -2.9278040842e+01\n  117    0 1.0000000000 -2.6087696836e+01 -2.9146945187e+01\n  118    0 1.0000000000 -2.5995660000e+01 -2.9009211868e+01\n  119    0 1.0000000000 -2.5899084621e+01 -2.8864979571e+01\n  120    0 1.0000000000 -2.5798037349e+01 -2.8714393525e+01\n  121    0 1.0000000000 -2.5692587700e+01 -2.8557605357e+01\n  122    0 1.0000000000 -2.5582807976e+01 -2.8394772941e+01\n  123    0 1.0000000000 -2.5468773182e+01 -2.8226060234e+01\n  124    0 1.0000000000 -2.5350560939e+01 -2.8051637116e+01\n  125    0 1.0000000000 -2.5228251400e+01 -2.7871679217e+01\n  126    0 1.0000000000 -2.5101927154e+01 -2.7686367738e+01\n  127    0 1.0000000000 -2.4971673131e+01 -2.7495889272e+01\n  128    0 1.0000000000 -2.4837576512e+01 -2.7300435616e+01\n  129    0 1.0000000000 -2.4699726623e+01 -2.7100203574e+01\n  130    0 1.0000000000 -2.4558214837e+01 -2.6895394764e+01\n  131    0 1.0000000000 -2.4413134471e+01 -2.6686215409e+01\n  132    0 1.0000000000 -2.4264580679e+01 -2.6472876137e+01\n  133    0 1.0000000000 -2.4112650346e+01 -2.6255591762e+01\n  134    0 1.0000000000 -2.3957441979e+01 -2.6034581070e+01\n  135    0 1.0000000000 -2.3799055597e+01 -2.5810066601e+01\n  136    0 1.0000000000 -2.3637592618e+01 -2.5582274421e+01\n  137    0 1.0000000000 -2.3473155748e+01 -2.5351433899e+01\n  138    0 1.0000000000 -2.3305848865e+01 -2.5117777471e+01\n  139    0 1.0000000000 -2.3135776907e+01 -2.4881540409e+01\n  140    0 1.0000000000 -2.2963045754e+01 -2.4642960584e+01\n  141    0 1.0000000000 -2.2787762111e+01 -2.4402278226e+01\n  142    0 1.0000000000 -2.2610033396e+01 -2.4159735680e+01\n  143    0 1.0000000000 -2.2429967620e+01 -2.3915577168e+01\n  144    0 1.0000000000 -2.2247673272e+01 -2.3670048536e+01\n  145    0 1.0000000000 -2.2063259203e+01 -2.3423397011e+01\n  146    0 1.0000000000 -2.1876834506e+01 -2.3175870949e+01\n  147    0 1.0000000000 -2.1688508408e+01 -2.2927719589e+01\n  148    0 1.0000000000 -2.1498390151e+01 -2.2679192797e+01\n  149    0 1.0000000000 -2.1306588875e+01 -2.2430540820e+01\n  150    0 1.0000000000 -2.1113213515e+01 -2.2182014028e+01\n  151    0 1.0000000000 -2.0918372682e+01 -2.1933862668e+01\n  152    0 1.0000000000 -2.0722174554e+01 -2.1686336606e+01\n  153    0 1.0000000000 -2.0524726774e+01 -2.1439685080e+01\n  154    0 1.0000000000 -2.0326136337e+01 -2.1194156448e+01\n  155    0 1.0000000000 -2.0126509493e+01 -2.0949997936e+01\n  156    0 1.0000000000 -1.9925951638e+01 -2.0707455391e+01\n  157    0 1.0000000000 -1.9724567225e+01 -2.0466773033e+01\n  158    0 1.0000000000 -1.9522459659e+01 -2.0228193207e+01\n  159    0 1.0000000000 -1.9319731209e+01 -1.9991956146e+01\n  160    0 1.0000000000 -1.9116482918e+01 -1.9758299717e+01\n  161    0 1.0000000000 -1.8912814515e+01 -1.9527459195e+01\n  162    0 1.0000000000 -1.8708824336e+01 -1.9299667016e+01\n  163    0 1.0000000000 -1.8504609243e+01 -1.9075152547e+01\n  164    0 1.0000000000 -1.8300264551e+01 -1.8854141855e+01\n  165    0 1.0000000000 -1.8095883960e+01 -1.8636857480e+01\n  166    0 1.0000000000 -1.7891559491e+01 -1.8423518207e+01\n  167    0 1.0000000000 -1.7687381426e+01 -1.8214338853e+01\n  168    0 1.0000000000 -1.7483438261e+01 -1.8009530043e+01\n  169    0 1.0000000000 -1.7279816656e+01 -1.7809298001e+01\n  170    0 1.0000000000 -1.7076601402e+01 -1.7613844345e+01\n  171    0 1.0000000000 -1.6873875391e+01 -1.7423365879e+01\n  172    0 1.0000000000 -1.6671719599e+01 -1.7238054400e+01\n  173    0 1.0000000000 -1.6470213082e+01 -1.7058096501e+01\n  174    0 1.0000000000 -1.6269432983e+01 -1.6883673383e+01\n  175    0 1.0000000000 -1.6069454559e+01 -1.6714960676e+01\n  176    0 1.0000000000 -1.5870351232e+01 -1.6552128260e+01\n  177    0 1.0000000000 -1.5672194663e+01 -1.6395340092e+01\n  178    0 1.0000000000 -1.5475054866e+01 -1.6244754046e+01\n  179    0 1.0000000000 -1.5279000365e+01 -1.6100521749e+01\n  180    0 1.0000000000 -1.5084098423e+01 -1.5962788429e+01\n  181    0 1.0000000000 -1.4890415349e+01 -1.5831692774e+01\n  182    0 1.0000000000 -1.4698016938e+01 -1.5707366786e+01\n  183    0 1.0000000000 -1.4506969085e+01 -1.5589935649e+01\n  184    0 1.0000000000 -1.4317338670e+01 -1.5479517608e+01\n  185    0 1.0000000000 -1.4129194845e+01 -1.5376223844e+01\n  186    0 1.0000000000 -1.3942610953e+01 -1.5280158364e+01\n  187    0 1.0000000000 -1.3757667479e+01 -1.5191417900e+01\n  188    0 1.0000000000 -1.3574456710e+01 -1.5110091804e+01\n  189    0 1.0000000000 -1.3393090420e+01 -1.5036261965e+01\n  190    0 1.0000000000 -1.3213713086e+01 -1.4970002725e+01\n  191    0 1.0000000000 -1.3036525921e+01 -1.4911380799e+01\n  192    0 1.0000000000 -1.2861833522e+01 -1.4860455216e+01\n  193    0 1.0000000000 -1.2690142117e+01 -1.4817277254e+01\n  194    0 1.0000000000 -1.2522388828e+01 -1.4781890388e+01\n  195    0 1.0000000000 -1.2360551508e+01 -1.4754330250e+01\n  196    0 1.0000000000 -1.2209557980e+01 -1.4734624592e+01\n  197    0 1.0000000000 -1.2084240362e+01 -1.4722793254e+01\n  198    0 1.0000000000 -1.2028572107e+01 -1.4718848151e+01\n  199    0 1.0000000000 -1.2138870521e+01 -1.4726742110e+01\n  200    0 1.0000000000 -1.2405974410e+01 -1.4750461042e+01\n  201    0 1.0000000000 -1.2725513214e+01 -1.4790115893e+01\n  202    0 1.0000000000 -1.3067346589e+01 -1.4845890845e+01\n  203    0 1.0000000000 -1.3424985558e+01 -1.4918042229e+01\n  204    0 1.0000000000 -1.3796711838e+01 -1.5006897009e+01\n  205    0 1.0000000000 -1.4182126001e+01 -1.5112850842e+01\n  206    0 1.0000000000 -1.4581306641e+01 -1.5236365727e+01\n  207    0 1.0000000000 -1.4994543517e+01 -1.5377967250e+01\n  208    0 1.0000000000 -1.5422235272e+01 -1.5538241438e+01\n  209    0 1.0000000000 -1.5864844312e+01 -1.5717831234e+01\n  210    0 1.0000000000 -1.6322874516e+01 -1.5917432613e+01\n  211    0 1.0000000000 -1.6796859043e+01 -1.6137790349e+01\n  212    0 1.0000000000 -1.7287352959e+01 -1.6379693454e+01\n  213    0 1.0000000000 -1.7794928295e+01 -1.6643970321e+01\n  214    0 1.0000000000 -1.8320170337e+01 -1.6931483564e+01\n  215    0 1.0000000000 -1.8863674559e+01 -1.7243124611e+01\n  216    0 1.0000000000 -1.9426043845e+01 -1.7579808050e+01\n  217    0 1.0000000000 -2.0007885814e+01 -1.7942465759e+01\n  218    0 1.0000000000 -2.0609810124e+01 -1.8332040855e+01\n  219    0 1.0000000000 -2.1232425698e+01 -1.8749481470e+01\n  220    0 1.0000000000 -2.1876337804e+01 -1.9195734405e+01\n  221    0 1.0000000000 -2.2542144989e+01 -1.9671738670e+01\n  222    0 1.0000000000 -2.3230435829e+01 -2.0178418946e+01\n  223    0 1.0000000000 -2.3941785505e+01 -2.0716679002e+01\n  224    0 1.0000000000 -2.4676752194e+01 -2.1287395092e+01\n  225    0 1.0000000000 -2.5435873293e+01 -2.1891409361e+01\n  226    0 1.0000000000 -2.6219661470e+01 -2.2529523294e+01\n  227    0 1.0000000000 -2.7028600577e+01 -2.3202491229e+01\n  228    0 1.0000000000 -2.7863141428e+01 -2.3911013976e+01\n  229    0 1.0000000000 -2.8723697469e+01 -2.4655732562e+01\n  230    0 1.0000000000 -2.9610640374e+01 -2.5437222125e+01\n  231    0 1.0000000000 -3.0524295580e+01 -2.6255986009e+01\n  232    0 1.0000000000 -3.1464937805e+01 -2.7112450053e+01\n  233    0 1.0000000000 -3.2432786570e+01 -2.8006957134e+01\n  234    0 1.0000000000 -3.3428001774e+01 -2.8939761966e+01\n  235    0 1.0000000000 -3.4450679338e+01 -2.9911026190e+01\n  236    0 1.0000000000 -3.5500846971e+01 -3.0920813782e+01\n  237    0 1.0000000000 -3.6578460082e+01 -3.1969086789e+01\n  238    0 1.0000000000 -3.7683397876e+01 -3.3055701429e+01\n  239    0 1.0000000000 -3.8815459678e+01 -3.4180404562e+01\n  240    0 1.0000000000 -3.9974361498e+01 -3.5342830561e+01\n  241    0 1.0000000000 -4.1159732889e+01 -3.6542498589e+01\n  242    0 1.0000000000 -4.2371114115e+01 -3.7778810310e+01\n  243    0 1.0000000000 -4.3607953664e+01 -3.9051048035e+01\n  244    0 1.0000000000 -4.4869606116e+01 -4.0358373320e+01\n  245    0 1.0000000000 -4.6155330416e+01 -4.1699826032e+01\n  246    0 1.0000000000 -4.7464288533e+01 -4.3074323878e+01\n  247    0 1.0000000000 -4.8795544559e+01 -4.4480662417e+01\n  248    0 1.0000000000 -5.0148064233e+01 -4.5917515546e+01\n  249    0 1.0000000000 -5.1520714911e+01 -4.7383436475e+01\n  250    0 1.0000000000 -5.2912265992e+01 -4.8876859186e+01\n  251    0 1.0000000000 -5.4321389793e+01 -5.0396100367e+01\n  252    0 1.0000000000 -5.5746662889e+01 -5.1939361834e+01\n  253    0 1.0000000000 -5.7186567893e+01 -5.3504733423e+01\n  254    0 1.0000000000 -5.8639495704e+01 -5.5090196343e+01\n  255    0 1.0000000000 -6.0103748179e+01 -5.6693626997e+01\n  256    0 1.0000000000 -6.1577541249e+01 -5.8312801238e+01\n  257    0 1.0000000000 -6.3059008452e+01 -5.9945399067e+01\n  258    0 1.0000000000 -6.4546204873e+01 -6.1589009743e+01\n  259    0 1.0000000000 -6.6037111469e+01 -6.3241137300e+01\n  260    0 1.0000000000 -6.7529639781e+01 -6.4899206447e+01\n  261    0 1.0000000000 -6.9021636983e+01 -6.6560568829e+01\n  262    0 1.0000000000 -7.0510891275e+01 -6.8222509640e+01\n  263    0 1.0000000000 -7.1995137582e+01 -6.9882254550e+01\n  264    0 1.0000000000 -7.3472063543e+01 -7.1536976929e+01\n  265    0 1.0000000000 -7.4939315757e+01 -7.3183805348e+01\n  266    0 1.0000000000 -7.6394506278e+01 -7.4819831326e+01\n  267    0 1.0000000000 -7.7835219308e+01 -7.6442117287e+01\n  268    0 1.0000000000 -7.9259018085e+01 -7.8047704717e+01\n  269    0 1.0000000000 -8.0663451920e+01 -7.9633622479e+01\n  270    0 1.0000000000 -8.2046063372e+01 -8.1196895256e+01\n  271    0 1.0000000000 -8.3404395518e+01 -8.2734552099e+01\n  272    0 1.0000000000 -8.4735999294e+01 -8.4243635043e+01\n  273    0 1.0000000000 -8.6038440887e+01 -8.5721207762e+01\n  274    0 1.0000000000 -8.7309309136e+01 -8.7164364228e+01\n  275    0 1.0000000000 -8.8546222918e+01 -8.8570237351e+01\n  276    0 1.0000000000 -8.9746838503e+01 -8.9936007561e+01\n  277    0 1.0000000000 -9.0908856825e+01 -9.1258911293e+01\n  278    0 1.0000000000 -9.2030030662e+01 -9.2536249368e+01\n  279    0 1.0000000000 -9.3108171692e+01 -9.3765395212e+01\n  280    0 1.0000000000 -9.4141157393e+01 -9.4943802899e+01\n  281    0 1.0000000000 -9.5126937766e+01 -9.6069014980e+01\n  282    0 1.0000000000 -9.6063541850e+01 -9.7138670080e+01\n  283    0 1.0000000000 -9.6949084018e+01 -9.8150510217e+01\n  284    0 1.0000000000 -9.7781770010e+01 -9.9102387834e+01\n  285    0 1.0000000000 -9.8559902694e+01 -9.9992272504e+01\n  286    0 1.0000000000 -9.9281887533e+01 -1.0081825729e+02\n  287    0 1.0000000000 -9.9946237730e+01 -1.0157856475e+02\n  288    0 1.0000000000 -1.0055157904e+02 -1.0227155250e+02\n  289    0 1.0000000000 -1.0109665422e+02 -1.0289571844e+02\n  290    0 1.0000000000 -1.0158032710e+02 -1.0344970549e+02\n  291    0 1.0000000000 -1.0200158633e+02 -1.0393230586e+02\n  292    0 1.0000000000 -1.0235954858e+02 -1.0434246493e+02\n  293    0 1.0000000000 -1.0265346153e+02 -1.0467928459e+02\n  294    0 1.0000000000 -1.0288270622e+02 -1.0494202607e+02\n  295    0 1.0000000000 -1.0304679915e+02 -1.0513011231e+02\n  296    0 1.0000000000 -1.0314539382e+02 -1.0524312983e+02\n  297    0 1.0000000000 -1.0317828189e+02 -1.0528082999e+02\n