SINGLE-ORBITAL NN+NNN EFFECTIVE MODEL FIT

m=7
eon=0.0
t0=1.0
l_decay=2.5
dl=0.1
pairing=./m=7/pairing.txt
microscopic_orbitals=100

E_eff(k) = eps0 + 2*t1[cos(k.u1)+cos(k.u2)] + 4*t2*cos(k.u1)*cos(k.u2)

eps0     = -5.25868822190336e+01
t1       = -1.12353983015140e+01
t2       = -3.26137049842186e+00

RMSE=3.00409408097274e+00
MAE=2.58700054485675e+00
max_abs_error=5.99190476690336e+00
optimizer_success=True
optimizer_message=Linear least-squares solution
minimum_tracking_continuity=1.0000000000
mean_tracking_continuity=1.0000000000

# k_index idx continuity target fit\n    0    0 1.0000000000 -1.0775962291e+02 -1.1057395742e+02\n    1    0 1.0000000000 -1.0774505073e+02 -1.1055607648e+02\n    2    0 1.0000000000 -1.0770134676e+02 -1.1050245166e+02\n    3    0 1.0000000000 -1.0762854870e+02 -1.1041313696e+02\n    4    0 1.0000000000 -1.0752671935e+02 -1.1028822231e+02\n    5    0 1.0000000000 -1.0739594651e+02 -1.1012783349e+02\n    6    0 1.0000000000 -1.0723634287e+02 -1.0993213200e+02\n    7    0 1.0000000000 -1.0704804593e+02 -1.0970131488e+02\n    8    0 1.0000000000 -1.0683121779e+02 -1.0943561457e+02\n    9    0 1.0000000000 -1.0658604497e+02 -1.0913529858e+02\n   10    0 1.0000000000 -1.0631273819e+02 -1.0880066933e+02\n   11    0 1.0000000000 -1.0601153214e+02 -1.0843206374e+02\n   12    0 1.0000000000 -1.0568268517e+02 -1.0802985297e+02\n   13    0 1.0000000000 -1.0532647901e+02 -1.0759444202e+02\n   14    0 1.0000000000 -1.0494321843e+02 -1.0712626931e+02\n   15    0 1.0000000000 -1.0453323088e+02 -1.0662580624e+02\n   16    0 1.0000000000 -1.0409686610e+02 -1.0609355675e+02\n   17    0 1.0000000000 -1.0363449571e+02 -1.0553005676e+02\n   18    0 1.0000000000 -1.0314651275e+02 -1.0493587366e+02\n   19    0 1.0000000000 -1.0263333123e+02 -1.0431160576e+02\n   20    0 1.0000000000 -1.0209538566e+02 -1.0365788163e+02\n   21    0 1.0000000000 -1.0153313049e+02 -1.0297535953e+02\n   22    0 1.0000000000 -1.0094703956e+02 -1.0226472668e+02\n   23    0 1.0000000000 -1.0033760560e+02 -1.0152669864e+02\n   24    0 1.0000000000 -9.9705339573e+01 -1.0076201855e+02\n   25    0 1.0000000000 -9.9050770092e+01 -9.9971456362e+01\n   26    0 1.0000000000 -9.8374442783e+01 -9.9155808113e+01\n   27    0 1.0000000000 -9.7676919621e+01 -9.8315895091e+01\n   28    0 1.0000000000 -9.6958778262e+01 -9.7452563016e+01\n   29    0 1.0000000000 -9.6220611338e+01 -9.6566681191e+01\n   30    0 1.0000000000 -9.5463025746e+01 -9.5659141624e+01\n   31    0 1.0000000000 -9.4686641906e+01 -9.4730858131e+01\n   32    0 1.0000000000 -9.3892093015e+01 -9.3782765413e+01\n   33    0 1.0000000000 -9.3080024273e+01 -9.2815818120e+01\n   34    0 1.0000000000 -9.2251092097e+01 -9.1830989887e+01\n   35    0 1.0000000000 -9.1405963322e+01 -9.0829272351e+01\n   36    0 1.0000000000 -9.0545314385e+01 -8.9811674157e+01\n   37    0 1.0000000000 -8.9669830496e+01 -8.8779219941e+01\n   38    0 1.0000000000 -8.8780204800e+01 -8.7732949295e+01\n   39    0 1.0000000000 -8.7877137524e+01 -8.6673915727e+01\n   40    0 1.0000000000 -8.6961335117e+01 -8.5603185593e+01\n   41    0 1.0000000000 -8.6033509380e+01 -8.4521837028e+01\n   42    0 1.0000000000 -8.5094376591e+01 -8.3430958857e+01\n   43    0 1.0000000000 -8.4144656617e+01 -8.2331649504e+01\n   44    0 1.0000000000 -8.3185072035e+01 -8.1225015878e+01\n   45    0 1.0000000000 -8.2216347230e+01 -8.0112172267e+01\n   46    0 1.0000000000 -8.1239207511e+01 -7.8994239209e+01\n   47    0 1.0000000000 -8.0254378211e+01 -7.7872342369e+01\n   48    0 1.0000000000 -7.9262583797e+01 -7.6747611401e+01\n   49    0 1.0000000000 -7.8264546979e+01 -7.5621178814e+01\n   50    0 1.0000000000 -7.7260987824e+01 -7.4494178830e+01\n   51    0 1.0000000000 -7.6252622877e+01 -7.3367746244e+01\n   52    0 1.0000000000 -7.5240164286e+01 -7.2243015276e+01\n   53    0 1.0000000000 -7.4224318944e+01 -7.1121118435e+01\n   54    0 1.0000000000 -7.3205787636e+01 -7.0003185378e+01\n   55    0 1.0000000000 -7.2185264201e+01 -6.8890341766e+01\n   56    0 1.0000000000 -7.1163434715e+01 -6.7783708141e+01\n   57    0 1.0000000000 -7.0140976687e+01 -6.6684398787e+01\n   58    0 1.0000000000 -6.9118558279e+01 -6.5593520616e+01\n   59    0 1.0000000000 -6.8096837546e+01 -6.4512172051e+01\n   60    0 1.0000000000 -6.7076461712e+01 -6.3441441917e+01\n   61    0 1.0000000000 -6.6058066462e+01 -6.2382408349e+01\n   62    0 1.0000000000 -6.5042275280e+01 -6.1336137703e+01\n   63    0 1.0000000000 -6.4029698814e+01 -6.0303683487e+01\n   64    0 1.0000000000 -6.3020934291e+01 -5.9286085293e+01\n   65    0 1.0000000000 -6.2016564972e+01 -5.8284367757e+01\n   66    0 1.0000000000 -6.1017159662e+01 -5.7299539524e+01\n   67    0 1.0000000000 -6.0023272273e+01 -5.6332592231e+01\n   68    0 1.0000000000 -5.9035441460e+01 -5.5384499513e+01\n   69    0 1.0000000000 -5.8054190329e+01 -5.4456216020e+01\n   70    0 1.0000000000 -5.7080026225e+01 -5.3548676453e+01\n   71    0 1.0000000000 -5.6113440626e+01 -5.2662794628e+01\n   72    0 1.0000000000 -5.5154909152e+01 -5.1799462553e+01\n   73    0 1.0000000000 -5.4204891707e+01 -5.0959549531e+01\n   74    0 1.0000000000 -5.3263832794e+01 -5.0143901282e+01\n   75    0 1.0000000000 -5.2332162024e+01 -4.9353339095e+01\n   76    0 1.0000000000 -5.1410294878e+01 -4.8588658999e+01\n   77    0 1.0000000000 -5.0498633782e+01 -4.7850630963e+01\n   78    0 1.0000000000 -4.9597569587e+01 -4.7139998117e+01\n   79    0 1.0000000000 -4.8707483563e+01 -4.6457476010e+01\n   80    0 1.0000000000 -4.7828750096e+01 -4.5803751882e+01\n   81    0 1.0000000000 -4.6961740307e+01 -4.5179483980e+01\n   82    0 1.0000000000 -4.6106826963e+01 -4.4585300886e+01\n   83    0 1.0000000000 -4.5264391181e+01 -4.4021800894e+01\n   84    0 1.0000000000 -4.4434831702e+01 -4.3489551401e+01\n   85    0 1.0000000000 -4.3618577917e+01 -4.2989088336e+01\n   86    0 1.0000000000 -4.2816108509e+01 -4.2520915623e+01\n   87    0 1.0000000000 -4.2027978684e+01 -4.2085504673e+01\n   88    0 1.0000000000 -4.1254860945e+01 -4.1683293907e+01\n   89    0 1.0000000000 -4.0497607786e+01 -4.1314688318e+01\n   90    0 1.0000000000 -3.9757351152e+01 -4.0980059060e+01\n   91    0 1.0000000000 -3.9035665651e+01 -4.0679743076e+01\n   92    0 1.0000000000 -3.8334846837e+01 -4.0414042760e+01\n   93    0 1.0000000000 -3.7658405603e+01 -4.0183225648e+01\n   94    0 1.0000000000 -3.7011984591e+01 -3.9987524155e+01\n   95    0 1.0000000000 -3.6405120820e+01 -3.9827135334e+01\n   96    0 1.0000000000 -3.5854679342e+01 -3.9702220685e+01\n   97    0 1.0000000000 -3.5391089901e+01 -3.9612905985e+01\n   98    0 1.0000000000 -3.5065998862e+01 -3.9559281166e+01\n   99    0 1.0000000000 -3.4945909542e+01 -3.9541400225e+01\n  100    0 1.0000000000 -3.4942957028e+01 -3.9536654979e+01\n  101    0 1.0000000000 -3.4934101420e+01 -3.9522424018e+01\n  102    0 1.0000000000 -3.4919348520e+01 -3.9498721671e+01\n  103    0 1.0000000000 -3.4898707986e+01 -3.9465571805e+01\n  104    0 1.0000000000 -3.4872193327e+01 -3.9423007799e+01\n  105    0 1.0000000000 -3.4839821885e+01 -3.9371072512e+01\n  106    0 1.0000000000 -3.4801614818e+01 -3.9309818237e+01\n  107    0 1.0000000000 -3.4757597073e+01 -3.9239306652e+01\n  108    0 1.0000000000 -3.4707797361e+01 -3.9159608758e+01\n  109    0 1.0000000000 -3.4652248124e+01 -3.9070804802e+01\n  110    0 1.0000000000 -3.4590985499e+01 -3.8972984203e+01\n  111    0 1.0000000000 -3.4524049278e+01 -3.8866245458e+01\n  112    0 1.0000000000 -3.4451482864e+01 -3.8750696044e+01\n  113    0 1.0000000000 -3.4373333221e+01 -3.8626452308e+01\n  114    0 1.0000000000 -3.4289650825e+01 -3.8493639356e+01\n  115    0 1.0000000000 -3.4200489606e+01 -3.8352390916e+01\n  116    0 1.0000000000 -3.4105906888e+01 -3.8202849215e+01\n  117    0 1.0000000000 -3.4005963327e+01 -3.8045164829e+01\n  118    0 1.0000000000 -3.3900722842e+01 -3.7879496532e+01\n  119    0 1.0000000000 -3.3790252548e+01 -3.7706011139e+01\n  120    0 1.0000000000 -3.3674622678e+01 -3.7524883334e+01\n  121    0 1.0000000000 -3.3553906507e+01 -3.7336295497e+01\n  122    0 1.0000000000 -3.3428180272e+01 -3.7140437521e+01\n  123    0 1.0000000000 -3.3297523090e+01 -3.6937506619e+01\n  124    0 1.0000000000 -3.3162016867e+01 -3.6727707123e+01\n  125    0 1.0000000000 -3.3021746213e+01 -3.6511250285e+01\n  126    0 1.0000000000 -3.2876798346e+01 -3.6288354059e+01\n  127    0 1.0000000000 -3.2727263001e+01 -3.6059242881e+01\n  128    0 1.0000000000 -3.2573232328e+01 -3.5824147448e+01\n  129    0 1.0000000000 -3.2414800796e+01 -3.5583304480e+01\n  130    0 1.0000000000 -3.2252065088e+01 -3.5336956486e+01\n  131    0 1.0000000000 -3.2085124001e+01 -3.5085351518e+01\n  132    0 1.0000000000 -3.1914078333e+01 -3.4828742921e+01\n  133    0 1.0000000000 -3.1739030784e+01 -3.4567389077e+01\n  134    0 1.0000000000 -3.1560085837e+01 -3.4301553147e+01\n  135    0 1.0000000000 -3.1377349656e+01 -3.4031502807e+01\n  136    0 1.0000000000 -3.1190929965e+01 -3.3757509973e+01\n  137    0 1.0000000000 -3.1000935942e+01 -3.3479850534e+01\n  138    0 1.0000000000 -3.0807478100e+01 -3.3198804069e+01\n  139    0 1.0000000000 -3.0610668171e+01 -3.2914653567e+01\n  140    0 1.0000000000 -3.0410618995e+01 -3.2627685145e+01\n  141    0 1.0000000000 -3.0207444396e+01 -3.2338187755e+01\n  142    0 1.0000000000 -3.0001259072e+01 -3.2046452897e+01\n  143    0 1.0000000000 -2.9792178473e+01 -3.1752774322e+01\n  144    0 1.0000000000 -2.9580318685e+01 -3.1457447740e+01\n  145    0 1.0000000000 -2.9365796315e+01 -3.1160770521e+01\n  146    0 1.0000000000 -2.9148728373e+01 -3.0863041392e+01\n  147    0 1.0000000000 -2.8929232156e+01 -3.0564560142e+01\n  148    0 1.0000000000 -2.8707425131e+01 -3.0265627317e+01\n  149    0 1.0000000000 -2.8483424822e+01 -2.9966543915e+01\n  150    0 1.0000000000 -2.8257348700e+01 -2.9667611090e+01\n  151    0 1.0000000000 -2.8029314063e+01 -2.9369129840e+01\n  152    0 1.0000000000 -2.7799437933e+01 -2.9071400711e+01\n  153    0 1.0000000000 -2.7567836941e+01 -2.8774723492e+01\n  154    0 1.0000000000 -2.7334627225e+01 -2.8479396910e+01\n  155    0 1.0000000000 -2.7099924317e+01 -2.8185718335e+01\n  156    0 1.0000000000 -2.6863843050e+01 -2.7893983477e+01\n  157    0 1.0000000000 -2.6626497448e+01 -2.7604486087e+01\n  158    0 1.0000000000 -2.6388000632e+01 -2.7317517665e+01\n  159    0 1.0000000000 -2.6148464722e+01 -2.7033367163e+01\n  160    0 1.0000000000 -2.5908000748e+01 -2.6752320698e+01\n  161    0 1.0000000000 -2.5666718557e+01 -2.6474661259e+01\n  162    0 1.0000000000 -2.5424726726e+01 -2.6200668425e+01\n  163    0 1.0000000000 -2.5182132482e+01 -2.5930618085e+01\n  164    0 1.0000000000 -2.4939041621e+01 -2.5664782155e+01\n  165    0 1.0000000000 -2.4695558434e+01 -2.5403428311e+01\n  166    0 1.0000000000 -2.4451785637e+01 -2.5146819714e+01\n  167    0 1.0000000000 -2.4207824303e+01 -2.4895214746e+01\n  168    0 1.0000000000 -2.3963773803e+01 -2.4648866752e+01\n  169    0 1.0000000000 -2.3719731752e+01 -2.4408023784e+01\n  170    0 1.0000000000 -2.3475793958e+01 -2.4172928351e+01\n  171    0 1.0000000000 -2.3232054382e+01 -2.3943817173e+01\n  172    0 1.0000000000 -2.2988605103e+01 -2.3720920947e+01\n  173    0 1.0000000000 -2.2745536296e+01 -2.3504464109e+01\n  174    0 1.0000000000 -2.2502936216e+01 -2.3294664613e+01\n  175    0 1.0000000000 -2.2260891199e+01 -2.3091733711e+01\n  176    0 1.0000000000 -2.2019485677e+01 -2.2895875735e+01\n  177    0 1.0000000000 -2.1778802214e+01 -2.2707287898e+01\n  178    0 1.0000000000 -2.1538921569e+01 -2.2526160093e+01\n  179    0 1.0000000000 -2.1299922788e+01 -2.2352674700e+01\n  180    0 1.0000000000 -2.1061883346e+01 -2.2187006403e+01\n  181    0 1.0000000000 -2.0824879354e+01 -2.2029322017e+01\n  182    0 1.0000000000 -2.0588985843e+01 -2.1879780316e+01\n  183    0 1.0000000000 -2.0354277184e+01 -2.1738531876e+01\n  184    0 1.0000000000 -2.0120827695e+01 -2.1605718924e+01\n  185    0 1.0000000000 -1.9888712526e+01 -2.1481475188e+01\n  186    0 1.0000000000 -1.9658008999e+01 -2.1365925774e+01\n  187    0 1.0000000000 -1.9428798671e+01 -2.1259187029e+01\n  188    0 1.0000000000 -1.9201170623e+01 -2.1161366430e+01\n  189    0 1.0000000000 -1.8975226905e+01 -2.1072562474e+01\n  190    0 1.0000000000 -1.8751091990e+01 -2.0992864580e+01\n  191    0 1.0000000000 -1.8528930111e+01 -2.0922352995e+01\n  192    0 1.0000000000 -1.8308979375e+01 -2.0861098720e+01\n  193    0 1.0000000000 -1.8091624995e+01 -2.0809163433e+01\n  194    0 1.0000000000 -1.7877575373e+01 -2.0766599427e+01\n  195    0 1.0000000000 -1.7668355344e+01 -2.0733449561e+01\n  196    0 1.0000000000 -1.7468015976e+01 -2.0709747214e+01\n  197    0 1.0000000000 -1.7291047381e+01 -2.0695516253e+01\n  198    0 1.0000000000 -1.7201756321e+01 -2.0690771007e+01\n  199    0 1.0000000000 -1.7382807716e+01 -2.0700264806e+01\n  200    0 1.0000000000 -1.7750169609e+01 -2.0728776301e+01\n  201    0 1.0000000000 -1.8165523860e+01 -2.0776395593e+01\n  202    0 1.0000000000 -1.8603048420e+01 -2.0843272216e+01\n  203    0 1.0000000000 -1.9057252518e+01 -2.0929614195e+01\n  204    0 1.0000000000 -1.9526602622e+01 -2.1035686723e+01\n  205    0 1.0000000000 -2.0010699457e+01 -2.1161810481e+01\n  206    0 1.0000000000 -2.0509565230e+01 -2.1308359590e+01\n  207    0 1.0000000000 -2.1023409006e+01 -2.1475759219e+01\n  208    0 1.0000000000 -2.1552533964e+01 -2.1664482848e+01\n  209    0 1.0000000000 -2.2097295357e+01 -2.1875049208e+01\n  210    0 1.0000000000 -2.2658079210e+01 -2.2108018906e+01\n  211    0 1.0000000000 -2.3235290389e+01 -2.2363990745e+01\n  212    0 1.0000000000 -2.3829345228e+01 -2.2643597770e+01\n  213    0 1.0000000000 -2.4440666517e+01 -2.2947503040e+01\n  214    0 1.0000000000 -2.5069679730e+01 -2.3276395160e+01\n  215    0 1.0000000000 -2.5716809945e+01 -2.3630983582e+01\n  216    0 1.0000000000 -2.6382479117e+01 -2.4011993696e+01\n  217    0 1.0000000000 -2.7067103540e+01 -2.4420161749e+01\n  218    0 1.0000000000 -2.7771091377e+01 -2.4856229586e+01\n  219    0 1.0000000000 -2.8494840205e+01 -2.5320939268e+01\n  220    0 1.0000000000 -2.9238734529e+01 -2.5815027563e+01\n  221    0 1.0000000000 -3.0003143252e+01 -2.6339220358e+01\n  222    0 1.0000000000 -3.0788417071e+01 -2.6894226999e+01\n  223    0 1.0000000000 -3.1594885817e+01 -2.7480734596e+01\n  224    0 1.0000000000 -3.2422855724e+01 -2.8099402313e+01\n  225    0 1.0000000000 -3.3272606632e+01 -2.8750855674e+01\n  226    0 1.0000000000 -3.4144389143e+01 -2.9435680907e+01\n  227    0 1.0000000000 -3.5038421721e+01 -3.0154419346e+01\n  228    0 1.0000000000 -3.5954887772e+01 -3.0907561936e+01\n  229    0 1.0000000000 -3.6893932697e+01 -3.1695543847e+01\n  230    0 1.0000000000 -3.7855660940e+01 -3.2518739223e+01\n  231    0 1.0000000000 -3.8840133055e+01 -3.3377456114e+01\n  232    0 1.0000000000 -3.9847362801e+01 -3.4271931581e+01\n  233    0 1.0000000000 -4.0877314287e+01 -3.5202327021e+01\n  234    0 1.0000000000 -4.1929899184e+01 -3.6168723733e+01\n  235    0 1.0000000000 -4.3004974033e+01 -3.7171118732e+01\n  236    0 1.0000000000 -4.4102337649e+01 -3.8209420845e+01\n  237    0 1.0000000000 -4.5221728667e+01 -3.9283447111e+01\n  238    0 1.0000000000 -4.6362823226e+01 -4.0392919487e+01\n  239    0 1.0000000000 -4.7525232830e+01 -4.1537461897e+01\n  240    0 1.0000000000 -4.8708502388e+01 -4.2716597621e+01\n  241    0 1.0000000000 -4.9912108461e+01 -4.3929747061e+01\n  242    0 1.0000000000 -5.1135457733e+01 -4.5176225872e+01\n  243    0 1.0000000000 -5.2377885721e+01 -4.6455243492e+01\n  244    0 1.0000000000 -5.3638655728e+01 -4.7765902064e+01\n  245    0 1.0000000000 -5.4916958079e+01 -4.9107195772e+01\n  246    0 1.0000000000 -5.6211909614e+01 -5.0478010590e+01\n  247    0 1.0000000000 -5.7522553491e+01 -5.1877124450e+01\n  248    0 1.0000000000 -5.8847859266e+01 -5.3303207835e+01\n  249    0 1.0000000000 -6.0186723292e+01 -5.4754824800e+01\n  250    0 1.0000000000 -6.1537969419e+01 -5.6230434417e+01\n  251    0 1.0000000000 -6.2900350010e+01 -5.7728392647e+01\n  252    0 1.0000000000 -6.4272547268e+01 -5.9246954630e+01\n  253    0 1.0000000000 -6.5653174881e+01 -6.0784277396e+01\n  254    0 1.0000000000 -6.7040779976e+01 -6.2338422985e+01\n  255    0 1.0000000000 -6.8433845386e+01 -6.3907361970e+01\n  256    0 1.0000000000 -6.9830792216e+01 -6.5488977367e+01\n  257    0 1.0000000000 -7.1229982707e+01 -6.7081068933e+01\n  258    0 1.0000000000 -7.2629723392e+01 -6.8681357827e+01\n  259    0 1.0000000000 -7.4028268525e+01 -7.0287491628e+01\n  260    0 1.0000000000 -7.5423823782e+01 -7.1897049684e+01\n  261    0 1.0000000000 -7.6814550216e+01 -7.3507548785e+01\n  262    0 1.0000000000 -7.8198568446e+01 -7.5116449142e+01\n  263    0 1.0000000000 -7.9573963086e+01 -7.6721160632e+01\n  264    0 1.0000000000 -8.0938787368e+01 -7.8319049320e+01\n  265    0 1.0000000000 -8.2291067970e+01 -7.9907444210e+01\n  266    0 1.0000000000 -8.3628810015e+01 -8.1483644205e+01\n  267    0 1.0000000000 -8.4950002219e+01 -8.3044925269e+01\n  268    0 1.0000000000 -8.6252622193e+01 -8.4588547748e+01\n  269    0 1.0000000000 -8.7534641841e+01 -8.6111763825e+01\n  270    0 1.0000000000 -8.8794032874e+01 -8.7611825097e+01\n  271    0 1.0000000000 -9.0028772385e+01 -8.9085990234e+01\n  272    0 1.0000000000 -9.1236848483e+01 -9.0531532691e+01\n  273    0 1.0000000000 -9.2416265966e+01 -9.1945748459e+01\n  274    0 1.0000000000 -9.3565051997e+01 -9.3325963815e+01\n  275    0 1.0000000000 -9.4681261770e+01 -9.4669543044e+01\n  276    0 1.0000000000 -9.5762984152e+01 -9.5973896112e+01\n  277    0 1.0000000000 -9.6808347262e+01 -9.7236486256e+01\n  278    0 1.0000000000 -9.7815523984e+01 -9.8454837461e+01\n  279    0 1.0000000000 -9.8782737374e+01 -9.9626541808e+01\n  280    0 1.0000000000 -9.9708265962e+01 -1.0074926665e+02\n  281    0 1.0000000000 -1.0059044891e+02 -1.0182076162e+02\n  282    0 1.0000000000 -1.0142769102e+02 -1.0283886536e+02\n  283    0 1.0000000000 -1.0221846755e+02 -1.0380151213e+02\n  284    0 1.0000000000 -1.0296132887e+02 -1.0470673800e+02\n  285    0 1.0000000000 -1.0365490488e+02 -1.0555268689e+02\n  286    0 1.0000000000 -1.0429790919e+02 -1.0633761621e+02\n  287    0 1.0000000000 -1.0488914310e+02 -1.0705990223e+02\n  288    0 1.0000000000 -1.0542749929e+02 -1.0771804503e+02\n  289    0 1.0000000000 -1.0591196520e+02 -1.0831067316e+02\n  290    0 1.0000000000 -1.0634162625e+02 -1.0883654785e+02\n  291    0 1.0000000000 -1.0671566861e+02 -1.0929456686e+02\n  292    0 1.0000000000 -1.0703338173e+02 -1.0968376790e+02\n  293    0 1.0000000000 -1.0729416062e+02 -1.1000333157e+02\n  294    0 1.0000000000 -1.0749750766e+02 -1.1025258398e+02\n  295    0 1.0000000000 -1.0764303420e+02 -1.1043099878e+02\n  296    0 1.0000000000 -1.0773046176e+02 -1.1053819884e+02\n  297    0 1.0000000000 -1.0775962291e+02 -1.1057395742e+02\n