SINGLE-ORBITAL NN+NNN EFFECTIVE MODEL FIT

m=2
eon=0.0
t0=1.0
l_decay=0.5
dl=6.0
pairing=./m=2/pairing.txt
microscopic_orbitals=10

E_eff(k) = eps0 + 2*t1[cos(k.u1)+cos(k.u2)] + 4*t2*cos(k.u1)*cos(k.u2)

eps0     = -3.50392384961064e+00
t1       = -8.55305896825510e-01
t2       = -1.61827254467808e-01

RMSE=3.68503081181826e-01
MAE=3.14912999942511e-01
max_abs_error=7.49808775640398e-01
optimizer_success=True
optimizer_message=Linear least-squares solution
minimum_tracking_continuity=1.0000000000
mean_tracking_continuity=1.0000000000

# k_index idx continuity target fit\n    0    0 1.0000000000 -7.2336049745e+00 -7.5724564548e+00\n    1    0 1.0000000000 -7.2328217332e+00 -7.5712693416e+00\n    2    0 1.0000000000 -7.2304724689e+00 -7.5677091973e+00\n    3    0 1.0000000000 -7.2265585602e+00 -7.5617796068e+00\n    4    0 1.0000000000 -7.2210823028e+00 -7.5534865405e+00\n    5    0 1.0000000000 -7.2140469076e+00 -7.5428383490e+00\n    6    0 1.0000000000 -7.2054564972e+00 -7.5298457540e+00\n    7    0 1.0000000000 -7.1953161019e+00 -7.5145218379e+00\n    8    0 1.0000000000 -7.1836316542e+00 -7.4968820308e+00\n    9    0 1.0000000000 -7.1704099831e+00 -7.4769440943e+00\n   10    0 1.0000000000 -7.1556588068e+00 -7.4547281042e+00\n   11    0 1.0000000000 -7.1393867251e+00 -7.4302564302e+00\n   12    0 1.0000000000 -7.1216032105e+00 -7.4035537133e+00\n   13    0 1.0000000000 -7.1023185988e+00 -7.3746468407e+00\n   14    0 1.0000000000 -7.0815440780e+00 -7.3435649192e+00\n   15    0 1.0000000000 -7.0592916775e+00 -7.3103392457e+00\n   16    0 1.0000000000 -7.0355742558e+00 -7.2750032756e+00\n   17    0 1.0000000000 -7.0104054873e+00 -7.2375925893e+00\n   18    0 1.0000000000 -6.9837998483e+00 -7.1981448561e+00\n   19    0 1.0000000000 -6.9557726030e+00 -7.1566997966e+00\n   20    0 1.0000000000 -6.9263397875e+00 -7.1132991424e+00\n   21    0 1.0000000000 -6.8955181941e+00 -7.0679865943e+00\n   22    0 1.0000000000 -6.8633253538e+00 -7.0208077782e+00\n   23    0 1.0000000000 -6.8297795197e+00 -6.9718101992e+00\n   24    0 1.0000000000 -6.7948996478e+00 -6.9210431937e+00\n   25    0 1.0000000000 -6.7587053786e+00 -6.8685578797e+00\n   26    0 1.0000000000 -6.7212170177e+00 -6.8144071056e+00\n   27    0 1.0000000000 -6.6824555150e+00 -6.7586453965e+00\n   28    0 1.0000000000 -6.6424424447e+00 -6.7013288997e+00\n   29    0 1.0000000000 -6.6011999835e+00 -6.6425153282e+00\n   30    0 1.0000000000 -6.5587508892e+00 -6.5822639022e+00\n   31    0 1.0000000000 -6.5151184779e+00 -6.5206352898e+00\n   32    0 1.0000000000 -6.4703266020e+00 -6.4576915457e+00\n   33    0 1.0000000000 -6.4243996260e+00 -6.3934960490e+00\n   34    0 1.0000000000 -6.3773624037e+00 -6.3281134391e+00\n   35    0 1.0000000000 -6.3292402540e+00 -6.2616095508e+00\n   36    0 1.0000000000 -6.2800589364e+00 -6.1940513478e+00\n   37    0 1.0000000000 -6.2298446265e+00 -6.1255068556e+00\n   38    0 1.0000000000 -6.1786238912e+00 -6.0560450925e+00\n   39    0 1.0000000000 -6.1264236633e+00 -5.9857360008e+00\n   40    0 1.0000000000 -6.0732712164e+00 -5.9146503756e+00\n   41    0 1.0000000000 -6.0191941392e+00 -5.8428597943e+00\n   42    0 1.0000000000 -5.9642203099e+00 -5.7704365438e+00\n   43    0 1.0000000000 -5.9083778702e+00 -5.6974535482e+00\n   44    0 1.0000000000 -5.8516952000e+00 -5.6239842953e+00\n   45    0 1.0000000000 -5.7942008910e+00 -5.5501027622e+00\n   46    0 1.0000000000 -5.7359237207e+00 -5.4758833415e+00\n   47    0 1.0000000000 -5.6768926272e+00 -5.4014007658e+00\n   48    0 1.0000000000 -5.6171366827e+00 -5.3267300328e+00\n   49    0 1.0000000000 -5.5566850682e+00 -5.2519463296e+00\n   50    0 1.0000000000 -5.4955670478e+00 -5.1771249569e+00\n   51    0 1.0000000000 -5.4338119434e+00 -5.1023412537e+00\n   52    0 1.0000000000 -5.3714491094e+00 -5.0276705207e+00\n   53    0 1.0000000000 -5.3085079077e+00 -4.9531879450e+00\n   54    0 1.0000000000 -5.2450176833e+00 -4.8789685243e+00\n   55    0 1.0000000000 -5.1810077396e+00 -4.8050869913e+00\n   56    0 1.0000000000 -5.1165073146e+00 -4.7316177383e+00\n   57    0 1.0000000000 -5.0515455570e+00 -4.6586347427e+00\n   58    0 1.0000000000 -4.9861515032e+00 -4.5862114922e+00\n   59    0 1.0000000000 -4.9203540544e+00 -4.5144209109e+00\n   60    0 1.0000000000 -4.8541819541e+00 -4.4433352858e+00\n   61    0 1.0000000000 -4.7876637664e+00 -4.3730261940e+00\n   62    0 1.0000000000 -4.7208278547e+00 -4.3035644310e+00\n   63    0 1.0000000000 -4.6537023611e+00 -4.2350199387e+00\n   64    0 1.0000000000 -4.5863151859e+00 -4.1674617357e+00\n   65    0 1.0000000000 -4.5186939686e+00 -4.1009578474e+00\n   66    0 1.0000000000 -4.4508660689e+00 -4.0355752375e+00\n   67    0 1.0000000000 -4.3828585486e+00 -3.9713797408e+00\n   68    0 1.0000000000 -4.3146981548e+00 -3.9084359968e+00\n   69    0 1.0000000000 -4.2464113028e+00 -3.8468073843e+00\n   70    0 1.0000000000 -4.1780240613e+00 -3.7865559583e+00\n   71    0 1.0000000000 -4.1095621376e+00 -3.7277423868e+00\n   72    0 1.0000000000 -4.0410508642e+00 -3.6704258900e+00\n   73    0 1.0000000000 -3.9725151868e+00 -3.6146641809e+00\n   74    0 1.0000000000 -3.9039796532e+00 -3.5605134068e+00\n   75    0 1.0000000000 -3.8354684045e+00 -3.5080280928e+00\n   76    0 1.0000000000 -3.7670051670e+00 -3.4572610873e+00\n   77    0 1.0000000000 -3.6986132478e+00 -3.4082635083e+00\n   78    0 1.0000000000 -3.6303155317e+00 -3.3610846922e+00\n   79    0 1.0000000000 -3.5621344821e+00 -3.3157721441e+00\n   80    0 1.0000000000 -3.4940921466e+00 -3.2723714899e+00\n   81    0 1.0000000000 -3.4262101675e+00 -3.2309264304e+00\n   82    0 1.0000000000 -3.3585098011e+00 -3.1914786973e+00\n   83    0 1.0000000000 -3.2910119471e+00 -3.1540680109e+00\n   84    0 1.0000000000 -3.2237371943e+00 -3.1187320409e+00\n   85    0 1.0000000000 -3.1567058898e+00 -3.0855063674e+00\n   86    0 1.0000000000 -3.0899382431e+00 -3.0544244459e+00\n   87    0 1.0000000000 -3.0234544861e+00 -3.0255175733e+00\n   88    0 1.0000000000 -2.9572751237e+00 -2.9988148563e+00\n   89    0 1.0000000000 -2.8914213363e+00 -2.9743431823e+00\n   90    0 1.0000000000 -2.8259156510e+00 -2.9521271923e+00\n   91    0 1.0000000000 -2.7607831098e+00 -2.9321892558e+00\n   92    0 1.0000000000 -2.6960534202e+00 -2.9145494486e+00\n   93    0 1.0000000000 -2.6317652116e+00 -2.8992255326e+00\n   94    0 1.0000000000 -2.5679752856e+00 -2.8862329375e+00\n   95    0 1.0000000000 -2.5047813796e+00 -2.8755847460e+00\n   96    0 1.0000000000 -2.4423886093e+00 -2.8672916797e+00\n   97    0 1.0000000000 -2.3813596365e+00 -2.8613620892e+00\n   98    0 1.0000000000 -2.3240581787e+00 -2.8578019449e+00\n   99    0 1.0000000000 -2.2896204761e+00 -2.8566148317e+00\n  100    0 1.0000000000 -2.2893208227e+00 -2.8560795039e+00\n  101    0 1.0000000000 -2.2884220067e+00 -2.8544740592e+00\n  102    0 1.0000000000 -2.2869244599e+00 -2.8518001144e+00\n  103    0 1.0000000000 -2.2848289019e+00 -2.8480603619e+00\n  104    0 1.0000000000 -2.2821363391e+00 -2.8432585672e+00\n  105    0 1.0000000000 -2.2788480637e+00 -2.8373995654e+00\n  106    0 1.0000000000 -2.2749656529e+00 -2.8304892559e+00\n  107    0 1.0000000000 -2.2704909668e+00 -2.8225345970e+00\n  108    0 1.0000000000 -2.2654261472e+00 -2.8135435981e+00\n  109    0 1.0000000000 -2.2597736154e+00 -2.8035253126e+00\n  110    0 1.0000000000 -2.2535360700e+00 -2.7924898280e+00\n  111    0 1.0000000000 -2.2467164841e+00 -2.7804482561e+00\n  112    0 1.0000000000 -2.2393181031e+00 -2.7674127217e+00\n  113    0 1.0000000000 -2.2313444412e+00 -2.7533963504e+00\n  114    0 1.0000000000 -2.2227992784e+00 -2.7384132557e+00\n  115    0 1.0000000000 -2.2136866570e+00 -2.7224785242e+00\n  116    0 1.0000000000 -2.2040108779e+00 -2.7056082008e+00\n  117    0 1.0000000000 -2.1937764966e+00 -2.6878192726e+00\n  118    0 1.0000000000 -2.1829883192e+00 -2.6691296513e+00\n  119    0 1.0000000000 -2.1716513985e+00 -2.6495581560e+00\n  120    0 1.0000000000 -2.1597710290e+00 -2.6291244935e+00\n  121    0 1.0000000000 -2.1473527429e+00 -2.6078492387e+00\n  122    0 1.0000000000 -2.1344023059e+00 -2.5857538140e+00\n  123    0 1.0000000000 -2.1209257129e+00 -2.5628604676e+00\n  124    0 1.0000000000 -2.1069291848e+00 -2.5391922512e+00\n  125    0 1.0000000000 -2.0924191664e+00 -2.5147729967e+00\n  126    0 1.0000000000 -2.0774023283e+00 -2.4896272921e+00\n  127    0 1.0000000000 -2.0618855750e+00 -2.4637804571e+00\n  128    0 1.0000000000 -2.0458760716e+00 -2.4372585173e+00\n  129    0 1.0000000000 -2.0293813197e+00 -2.4100881780e+00\n  130    0 1.0000000000 -2.0124093888e+00 -2.3822967974e+00\n  131    0 1.0000000000 -1.9949697322e+00 -2.3539123591e+00\n  132    0 1.0000000000 -1.9770760469e+00 -2.3249634438e+00\n  133    0 1.0000000000 -1.9587477433e+00 -2.2954792007e+00\n  134    0 1.0000000000 -1.9399906355e+00 -2.2654893178e+00\n  135    0 1.0000000000 -1.9208012107e+00 -2.2350239924e+00\n  136    0 1.0000000000 -1.9011827233e+00 -2.2041139005e+00\n  137    0 1.0000000000 -1.8811419326e+00 -2.1727901660e+00\n  138    0 1.0000000000 -1.8606867089e+00 -2.1410843292e+00\n  139    0 1.0000000000 -1.8398253688e+00 -2.1090283152e+00\n  140    0 1.0000000000 -1.8185664736e+00 -2.0766544017e+00\n  141    0 1.0000000000 -1.7969187526e+00 -2.0439951865e+00\n  142    0 1.0000000000 -1.7748910682e+00 -2.0110835546e+00\n  143    0 1.0000000000 -1.7524923963e+00 -1.9779526453e+00\n  144    0 1.0000000000 -1.7297318130e+00 -1.9446358185e+00\n  145    0 1.0000000000 -1.7066184839e+00 -1.9111666216e+00\n  146    0 1.0000000000 -1.6831616559e+00 -1.8775787551e+00\n  147    0 1.0000000000 -1.6593706484e+00 -1.8439060391e+00\n  148    0 1.0000000000 -1.6352548464e+00 -1.8101823793e+00\n  149    0 1.0000000000 -1.6108236929e+00 -1.7764417326e+00\n  150    0 1.0000000000 -1.5860866817e+00 -1.7427180728e+00\n  151    0 1.0000000000 -1.5610533508e+00 -1.7090453569e+00\n  152    0 1.0000000000 -1.5357332753e+00 -1.6754574903e+00\n  153    0 1.0000000000 -1.5101360610e+00 -1.6419882934e+00\n  154    0 1.0000000000 -1.4842713374e+00 -1.6086714666e+00\n  155    0 1.0000000000 -1.4581487515e+00 -1.5755405573e+00\n  156    0 1.0000000000 -1.4317779612e+00 -1.5426289254e+00\n  157    0 1.0000000000 -1.4051686294e+00 -1.5099697102e+00\n  158    0 1.0000000000 -1.3783304176e+00 -1.4775957967e+00\n  159    0 1.0000000000 -1.3512729798e+00 -1.4455397827e+00\n  160    0 1.0000000000 -1.3240059568e+00 -1.4138339459e+00\n  161    0 1.0000000000 -1.2965389708e+00 -1.3825102114e+00\n  162    0 1.0000000000 -1.2688816195e+00 -1.3516001195e+00\n  163    0 1.0000000000 -1.2410434707e+00 -1.3211347941e+00\n  164    0 1.0000000000 -1.2130340578e+00 -1.2911449112e+00\n  165    0 1.0000000000 -1.1848628746e+00 -1.2616606681e+00\n  166    0 1.0000000000 -1.1565393706e+00 -1.2327117528e+00\n  167    0 1.0000000000 -1.1280729471e+00 -1.2043273145e+00\n  168    0 1.0000000000 -1.0994729531e+00 -1.1765359339e+00\n  169    0 1.0000000000 -1.0707486819e+00 -1.1493655946e+00\n  170    0 1.0000000000 -1.0419093679e+00 -1.1228436548e+00\n  171    0 1.0000000000 -1.0129641844e+00 -1.0969968198e+00\n  172    0 1.0000000000 -9.8392224113e-01 -1.0718511153e+00\n  173    0 1.0000000000 -9.5479258390e-01 -1.0474318607e+00\n  174    0 1.0000000000 -9.2558419371e-01 -1.0237636443e+00\n  175    0 1.0000000000 -8.9630598787e-01 -1.0008702979e+00\n  176    0 1.0000000000 -8.6696682211e-01 -9.7877487322e-01\n  177    0 1.0000000000 -8.3757549432e-01 -9.5749961841e-01\n  178    0 1.0000000000 -8.0814075052e-01 -9.3706595587e-01\n  179    0 1.0000000000 -7.7867129330e-01 -9.1749446058e-01\n  180    0 1.0000000000 -7.4917579371e-01 -8.9880483937e-01\n  181    0 1.0000000000 -7.1966290762e-01 -8.8101591109e-01\n  182    0 1.0000000000 -6.9014129782e-01 -8.6414558771e-01\n  183    0 1.0000000000 -6.6061966400e-01 -8.4821085619e-01\n  184    0 1.0000000000 -6.3110678329e-01 -8.3322776147e-01\n  185    0 1.0000000000 -6.0161156548e-01 -8.1921139026e-01\n  186    0 1.0000000000 -5.7214312877e-01 -8.0617585584e-01\n  187    0 1.0000000000 -5.4271090504e-01 -7.9413428390e-01\n  188    0 1.0000000000 -5.1332478857e-01 -7.8309879928e-01\n  189    0 1.0000000000 -4.8399535083e-01 -7.7308051377e-01\n  190    0 1.0000000000 -4.5473416030e-01 -7.6408951495e-01\n  191    0 1.0000000000 -4.2555428021e-01 -7.5613485599e-01\n  192    0 1.0000000000 -3.9647109535e-01 -7.4922454654e-01\n  193    0 1.0000000000 -3.6750382954e-01 -7.4336554472e-01\n  194    0 1.0000000000 -3.3867878520e-01 -7.3856375003e-01\n  195    0 1.0000000000 -3.1003797920e-01 -7.3482399748e-01\n  196    0 1.0000000000 -2.8167100681e-01 -7.3215005268e-01\n  197    0 1.0000000000 -2.5391827201e-01 -7.3054460806e-01\n  198    0 1.0000000000 -2.3297242863e-01 -7.3000928018e-01\n  199    0 1.0000000000 -2.7511023660e-01 -7.3108010002e-01\n  200    0 1.0000000000 -3.3151896146e-01 -7.3429344902e-01\n  201    0 1.0000000000 -3.8969337889e-01 -7.3965198686e-01\n  202    0 1.0000000000 -4.4914141283e-01 -7.4716011698e-01\n  203    0 1.0000000000 -5.0976880549e-01 -7.5682394265e-01\n  204    0 1.0000000000 -5.7154637461e-01 -7.6865120589e-01\n  205    0 1.0000000000 -6.3446281575e-01 -7.8265120925e-01\n  206    0 1.0000000000 -6.9851299166e-01 -7.9883472105e-01\n  207    0 1.0000000000 -7.6369402785e-01 -8.1721386442e-01\n  208    0 1.0000000000 -8.3000373061e-01 -8.3780199068e-01\n  209    0 1.0000000000 -8.9743984368e-01 -8.6061353756e-01\n  210    0 1.0000000000 -9.6599965214e-01 -8.8566387312e-01\n  211    0 1.0000000000 -1.0356797454e+00 -9.1296912586e-01\n  212    0 1.0000000000 -1.1064758591e+00 -9.4254600198e-01\n  213    0 1.0000000000 -1.1783827590e+00 -9.7441159060e-01\n  214    0 1.0000000000 -1.2513941481e+00 -1.0085831578e+00\n  215    0 1.0000000000 -1.3255025870e+00 -1.0450779305e+00\n  216    0 1.0000000000 -1.4006994233e+00 -1.0839128712e+00\n  217    0 1.0000000000 -1.4769747257e+00 -1.1251044446e+00\n  218    0 1.0000000000 -1.5543172222e+00 -1.1686683776e+00\n  219    0 1.0000000000 -1.6327142406e+00 -1.2146194124e+00\n  220    0 1.0000000000 -1.7121516517e+00 -1.2629710565e+00\n  221    0 1.0000000000 -1.7926138137e+00 -1.3137353277e+00\n  222    0 1.0000000000 -1.8740835186e+00 -1.3669224980e+00\n  223    0 1.0000000000 -1.9565419411e+00 -1.4225408361e+00\n  224    0 1.0000000000 -2.0399685878e+00 -1.4805963497e+00\n  225    0 1.0000000000 -2.1243412502e+00 -1.5410925301e+00\n  226    0 1.0000000000 -2.2096359587e+00 -1.6040300993e+00\n  227    0 1.0000000000 -2.2958269388e+00 -1.6694067609e+00\n  228    0 1.0000000000 -2.3828865714e+00 -1.7372169565e+00\n  229    0 1.0000000000 -2.4707853540e+00 -1.8074516286e+00\n  230    0 1.0000000000 -2.5594918660e+00 -1.8800979915e+00\n  231    0 1.0000000000 -2.6489727377e+00 -1.9551393104e+00\n  232    0 1.0000000000 -2.7391926216e+00 -2.0325546917e+00\n  233    0 1.0000000000 -2.8301141685e+00 -2.1123188833e+00\n  234    0 1.0000000000 -2.9216980074e+00 -2.1944020883e+00\n  235    0 1.0000000000 -3.0139027292e+00 -2.2787697914e+00\n  236    0 1.0000000000 -3.1066848757e+00 -2.3653825998e+00\n  237    0 1.0000000000 -3.1999989328e+00 -2.4541960994e+00\n  238    0 1.0000000000 -3.2937973286e+00 -2.5451607274e+00\n  239    0 1.0000000000 -3.3880304371e+00 -2.6382216615e+00\n  240    0 1.0000000000 -3.4826465869e+00 -2.7333187268e+00\n  241    0 1.0000000000 -3.5775920754e+00 -2.8303863220e+00\n  242    0 1.0000000000 -3.6728111892e+00 -2.9293533635e+00\n  243    0 1.0000000000 -3.7682462295e+00 -3.0301432498e+00\n  244    0 1.0000000000 -3.8638375447e+00 -3.1326738460e+00\n  245    0 1.0000000000 -3.9595235677e+00 -3.2368574882e+00\n  246    0 1.0000000000 -4.0552408604e+00 -3.3426010095e+00\n  247    0 1.0000000000 -4.1509241641e+00 -3.4498057862e+00\n  248    0 1.0000000000 -4.2465064565e+00 -3.5583678056e+00\n  249    0 1.0000000000 -4.3419190142e+00 -3.6681777550e+00\n  250    0 1.0000000000 -4.4370914828e+00 -3.7791211316e+00\n  251    0 1.0000000000 -4.5319519522e+00 -3.8910783737e+00\n  252    0 1.0000000000 -4.6264270385e+00 -4.0039250129e+00\n  253    0 1.0000000000 -4.7204419727e+00 -4.1175318461e+00\n  254    0 1.0000000000 -4.8139206943e+00 -4.2317651292e+00\n  255    0 1.0000000000 -4.9067859517e+00 -4.3464867890e+00\n  256    0 1.0000000000 -4.9989594083e+00 -4.4615546551e+00\n  257    0 1.0000000000 -5.0903617541e+00 -4.5768227107e+00\n  258    0 1.0000000000 -5.1809128223e+00 -4.6921413609e+00\n  259    0 1.0000000000 -5.2705317117e+00 -4.8073577184e+00\n  260    0 1.0000000000 -5.3591369137e+00 -4.9223159051e+00\n  261    0 1.0000000000 -5.4466464440e+00 -5.0368573703e+00\n  262    0 1.0000000000 -5.5329779783e+00 -5.1508212220e+00\n  263    0 1.0000000000 -5.6180489925e+00 -5.2640445729e+00\n  264    0 1.0000000000 -5.7017769064e+00 -5.3763628977e+00\n  265    0 1.0000000000 -5.7840792301e+00 -5.4876104027e+00\n  266    0 1.0000000000 -5.8648737140e+00 -5.5976204046e+00\n  267    0 1.0000000000 -5.9440785011e+00 -5.7062257185e+00\n  268    0 1.0000000000 -6.0216122810e+00 -5.8132590536e+00\n  269    0 1.0000000000 -6.0973944456e+00 -5.9185534146e+00\n  270    0 1.0000000000 -6.1713452467e+00 -6.0219425088e+00\n  271    0 1.0000000000 -6.2433859528e+00 -6.1232611557e+00\n  272    0 1.0000000000 -6.3134390077e+00 -6.2223456995e+00\n  273    0 1.0000000000 -6.3814281878e+00 -6.3190344222e+00\n  274    0 1.0000000000 -6.4472787589e+00 -6.4131679557e+00\n  275    0 1.0000000000 -6.5109176321e+00 -6.5045896919e+00\n  276    0 1.0000000000 -6.5722735178e+00 -6.5931461897e+00\n  277    0 1.0000000000 -6.6312770770e+00 -6.6786875760e+00\n  278    0 1.0000000000 -6.6878610707e+00 -6.7610679420e+00\n  279    0 1.0000000000 -6.7419605057e+00 -6.8401457300e+00\n  280    0 1.0000000000 -6.7935127768e+00 -6.9157841122e+00\n  281    0 1.0000000000 -6.8424578049e+00 -6.9878513589e+00\n  282    0 1.0000000000 -6.8887381705e+00 -7.0562211949e+00\n  283    0 1.0000000000 -6.9322992422e+00 -7.1207731428e+00\n  284    0 1.0000000000 -6.9730892999e+00 -7.1813928520e+00\n  285    0 1.0000000000 -7.0110596521e+00 -7.2379724134e+00\n  286    0 1.0000000000 -7.0461647466e+00 -7.2904106557e+00\n  287    0 1.0000000000 -7.0783622750e+00 -7.3386134259e+00\n  288    0 1.0000000000 -7.1076132702e+00 -7.3824938508e+00\n  289    0 1.0000000000 -7.1338821965e+00 -7.4219725781e+00\n  290    0 1.0000000000 -7.1571370317e+00 -7.4569779985e+00\n  291    0 1.0000000000 -7.1773493421e+00 -7.4874464461e+00\n  292    0 1.0000000000 -7.1944943488e+00 -7.5133223766e+00\n  293    0 1.0000000000 -7.2085509853e+00 -7.5345585234e+00\n  294    0 1.0000000000 -7.2195019477e+00 -7.5511160309e+00\n  295    0 1.0000000000 -7.2273337348e+00 -7.5629645637e+00\n  296    0 1.0000000000 -7.2320366801e+00 -7.5700823925e+00\n  297    0 1.0000000000 -7.2336049745e+00 -7.5724564548e+00\n