SINGLE-ORBITAL NN+NNN EFFECTIVE MODEL FIT

m=3
eon=0.0
t0=1.0
l_decay=0.5
dl=6.0
pairing=./m=3/pairing.txt
microscopic_orbitals=20

E_eff(k) = eps0 + 2*t1[cos(k.u1)+cos(k.u2)] + 4*t2*cos(k.u1)*cos(k.u2)

eps0     = -4.92446259830032e+00
t1       = -6.02137017384504e-01
t2       = -6.89825412074386e-02

RMSE=3.21965989078690e-01
MAE=2.70007464176248e-01
max_abs_error=6.77799957618055e-01
optimizer_success=True
optimizer_message=Linear least-squares solution
minimum_tracking_continuity=1.0000000000
mean_tracking_continuity=1.0000000000

# k_index idx continuity target fit\n    0    0 1.0000000000 -7.3335581260e+00 -7.6089408327e+00\n    1    0 1.0000000000 -7.3331353145e+00 -7.6081956126e+00\n    2    0 1.0000000000 -7.3318670302e+00 -7.6059607027e+00\n    3    0 1.0000000000 -7.3297537234e+00 -7.6022383534e+00\n    4    0 1.0000000000 -7.3267961444e+00 -7.5970323128e+00\n    5    0 1.0000000000 -7.3229953429e+00 -7.5903478229e+00\n    6    0 1.0000000000 -7.3183526669e+00 -7.5821916145e+00\n    7    0 1.0000000000 -7.3128697625e+00 -7.5725719000e+00\n    8    0 1.0000000000 -7.3065485718e+00 -7.5614983659e+00\n    9    0 1.0000000000 -7.2993913323e+00 -7.5489821621e+00\n   10    0 1.0000000000 -7.2914005747e+00 -7.5350358915e+00\n   11    0 1.0000000000 -7.2825791215e+00 -7.5196735967e+00\n   12    0 1.0000000000 -7.2729300848e+00 -7.5029107463e+00\n   13    0 1.0000000000 -7.2624568642e+00 -7.4847642190e+00\n   14    0 1.0000000000 -7.2511631442e+00 -7.4652522870e+00\n   15    0 1.0000000000 -7.2390528916e+00 -7.4443945969e+00\n   16    0 1.0000000000 -7.2261303531e+00 -7.4222121508e+00\n   17    0 1.0000000000 -7.2124000515e+00 -7.3987272845e+00\n   18    0 1.0000000000 -7.1978667833e+00 -7.3739636453e+00\n   19    0 1.0000000000 -7.1825356149e+00 -7.3479461680e+00\n   20    0 1.0000000000 -7.1664118791e+00 -7.3207010501e+00\n   21    0 1.0000000000 -7.1495011713e+00 -7.2922557250e+00\n   22    0 1.0000000000 -7.1318093457e+00 -7.2626388349e+00\n   23    0 1.0000000000 -7.1133425112e+00 -7.2318802013e+00\n   24    0 1.0000000000 -7.0941070270e+00 -7.2000107957e+00\n   25    0 1.0000000000 -7.0741094985e+00 -7.1670627078e+00\n   26    0 1.0000000000 -7.0533567722e+00 -7.1330691135e+00\n   27    0 1.0000000000 -7.0318559315e+00 -7.0980642416e+00\n   28    0 1.0000000000 -7.0096142917e+00 -7.0620833390e+00\n   29    0 1.0000000000 -6.9866393945e+00 -7.0251626353e+00\n   30    0 1.0000000000 -6.9629390038e+00 -6.9873393066e+00\n   31    0 1.0000000000 -6.9385210993e+00 -6.9486514378e+00\n   32    0 1.0000000000 -6.9133938722e+00 -6.9091379844e+00\n   33    0 1.0000000000 -6.8875657187e+00 -6.8688387329e+00\n   34    0 1.0000000000 -6.8610452351e+00 -6.8277942613e+00\n   35    0 1.0000000000 -6.8338412115e+00 -6.7860458979e+00\n   36    0 1.0000000000 -6.8059626263e+00 -6.7436356799e+00\n   37    0 1.0000000000 -6.7774186403e+00 -6.7006063106e+00\n   38    0 1.0000000000 -6.7482185903e+00 -6.6570011170e+00\n   39    0 1.0000000000 -6.7183719832e+00 -6.6128640059e+00\n   40    0 1.0000000000 -6.6878884899e+00 -6.5682394196e+00\n   41    0 1.0000000000 -6.6567779388e+00 -6.5231722912e+00\n   42    0 1.0000000000 -6.6250503098e+00 -6.4777079995e+00\n   43    0 1.0000000000 -6.5927157274e+00 -6.4318923232e+00\n   44    0 1.0000000000 -6.5597844548e+00 -6.3857713949e+00\n   45    0 1.0000000000 -6.5262668870e+00 -6.3393916543e+00\n   46    0 1.0000000000 -6.4921735444e+00 -6.2927998020e+00\n   47    0 1.0000000000 -6.4575150665e+00 -6.2460427520e+00\n   48    0 1.0000000000 -6.4223022048e+00 -6.1991675847e+00\n   49    0 1.0000000000 -6.3865458165e+00 -6.1522214994e+00\n   50    0 1.0000000000 -6.3502568580e+00 -6.1052517668e+00\n   51    0 1.0000000000 -6.3134463779e+00 -6.0583056814e+00\n   52    0 1.0000000000 -6.2761255106e+00 -6.0114305141e+00\n   53    0 1.0000000000 -6.2383054698e+00 -5.9646734641e+00\n   54    0 1.0000000000 -6.1999975414e+00 -5.9180816118e+00\n   55    0 1.0000000000 -6.1612130774e+00 -5.8717018712e+00\n   56    0 1.0000000000 -6.1219634892e+00 -5.8255809429e+00\n   57    0 1.0000000000 -6.0822602408e+00 -5.7797652666e+00\n   58    0 1.0000000000 -6.0421148425e+00 -5.7343009750e+00\n   59    0 1.0000000000 -6.0015388444e+00 -5.6892338466e+00\n   60    0 1.0000000000 -5.9605438300e+00 -5.6446092602e+00\n   61    0 1.0000000000 -5.9191414097e+00 -5.6004721491e+00\n   62    0 1.0000000000 -5.8773432145e+00 -5.5568669555e+00\n   63    0 1.0000000000 -5.8351608899e+00 -5.5138375862e+00\n   64    0 1.0000000000 -5.7926060895e+00 -5.4714273682e+00\n   65    0 1.0000000000 -5.7496904692e+00 -5.4296790048e+00\n   66    0 1.0000000000 -5.7064256807e+00 -5.3886345333e+00\n   67    0 1.0000000000 -5.6628233659e+00 -5.3483352818e+00\n   68    0 1.0000000000 -5.6188951510e+00 -5.3088218283e+00\n   69    0 1.0000000000 -5.5746526406e+00 -5.2701339595e+00\n   70    0 1.0000000000 -5.5301074122e+00 -5.2323106309e+00\n   71    0 1.0000000000 -5.4852710105e+00 -5.1953899272e+00\n   72    0 1.0000000000 -5.4401549419e+00 -5.1594090245e+00\n   73    0 1.0000000000 -5.3947706696e+00 -5.1244041526e+00\n   74    0 1.0000000000 -5.3491296079e+00 -5.0904105584e+00\n   75    0 1.0000000000 -5.3032431173e+00 -5.0574624705e+00\n   76    0 1.0000000000 -5.2571224996e+00 -5.0255930648e+00\n   77    0 1.0000000000 -5.2107789935e+00 -4.9948344313e+00\n   78    0 1.0000000000 -5.1642237694e+00 -4.9652175411e+00\n   79    0 1.0000000000 -5.1174679253e+00 -4.9367722161e+00\n   80    0 1.0000000000 -5.0705224829e+00 -4.9095270981e+00\n   81    0 1.0000000000 -5.0233983832e+00 -4.8835096208e+00\n   82    0 1.0000000000 -4.9761064836e+00 -4.8587459816e+00\n   83    0 1.0000000000 -4.9286575541e+00 -4.8352611153e+00\n   84    0 1.0000000000 -4.8810622751e+00 -4.8130786692e+00\n   85    0 1.0000000000 -4.8333312355e+00 -4.7922209792e+00\n   86    0 1.0000000000 -4.7854749320e+00 -4.7727090471e+00\n   87    0 1.0000000000 -4.7375037700e+00 -4.7545625198e+00\n   88    0 1.0000000000 -4.6894280670e+00 -4.7377996695e+00\n   89    0 1.0000000000 -4.6412580608e+00 -4.7224373747e+00\n   90    0 1.0000000000 -4.5930039249e+00 -4.7084911040e+00\n   91    0 1.0000000000 -4.5446757983e+00 -4.6959749003e+00\n   92    0 1.0000000000 -4.4962838436e+00 -4.6849013661e+00\n   93    0 1.0000000000 -4.4478383663e+00 -4.6752816517e+00\n   94    0 1.0000000000 -4.3993500805e+00 -4.6671254432e+00\n   95    0 1.0000000000 -4.3508307771e+00 -4.6604409533e+00\n   96    0 1.0000000000 -4.3022953321e+00 -4.6552349127e+00\n   97    0 1.0000000000 -4.2537697323e+00 -4.6515125634e+00\n   98    0 1.0000000000 -4.2053468951e+00 -4.6492776535e+00\n   99    0 1.0000000000 -4.1621774155e+00 -4.6485324335e+00\n  100    0 1.0000000000 -4.1619341635e+00 -4.6480650517e+00\n  101    0 1.0000000000 -4.1612044787e+00 -4.6466633769e+00\n  102    0 1.0000000000 -4.1599885752e+00 -4.6443288205e+00\n  103    0 1.0000000000 -4.1582868096e+00 -4.6410637333e+00\n  104    0 1.0000000000 -4.1560996809e+00 -4.6368714028e+00\n  105    0 1.0000000000 -4.1534278301e+00 -4.6317560504e+00\n  106    0 1.0000000000 -4.1502720399e+00 -4.6257228267e+00\n  107    0 1.0000000000 -4.1466332343e+00 -4.6187778069e+00\n  108    0 1.0000000000 -4.1425124781e+00 -4.6109279838e+00\n  109    0 1.0000000000 -4.1379109761e+00 -4.6021812617e+00\n  110    0 1.0000000000 -4.1328300725e+00 -4.5925464477e+00\n  111    0 1.0000000000 -4.1272712502e+00 -4.5820332432e+00\n  112    0 1.0000000000 -4.1212361299e+00 -4.5706522342e+00\n  113    0 1.0000000000 -4.1147264693e+00 -4.5584148804e+00\n  114    0 1.0000000000 -4.1077441618e+00 -4.5453335037e+00\n  115    0 1.0000000000 -4.1002912355e+00 -4.5314212760e+00\n  116    0 1.0000000000 -4.0923698523e+00 -4.5166922057e+00\n  117    0 1.0000000000 -4.0839823063e+00 -4.5011611238e+00\n  118    0 1.0000000000 -4.0751310226e+00 -4.4848436687e+00\n  119    0 1.0000000000 -4.0658185560e+00 -4.4677562708e+00\n  120    0 1.0000000000 -4.0560475894e+00 -4.4499161355e+00\n  121    0 1.0000000000 -4.0458209324e+00 -4.4313412264e+00\n  122    0 1.0000000000 -4.0351415193e+00 -4.4120502469e+00\n  123    0 1.0000000000 -4.0240124078e+00 -4.3920626213e+00\n  124    0 1.0000000000 -4.0124367772e+00 -4.3713984754e+00\n  125    0 1.0000000000 -4.0004179264e+00 -4.3500786164e+00\n  126    0 1.0000000000 -3.9879592718e+00 -4.3281245116e+00\n  127    0 1.0000000000 -3.9750643458e+00 -4.3055582667e+00\n  128    0 1.0000000000 -3.9617367946e+00 -4.2824026042e+00\n  129    0 1.0000000000 -3.9479803758e+00 -4.2586808397e+00\n  130    0 1.0000000000 -3.9337989566e+00 -4.2344168593e+00\n  131    0 1.0000000000 -3.9191965114e+00 -4.2096350945e+00\n  132    0 1.0000000000 -3.9041771196e+00 -4.1843604985e+00\n  133    0 1.0000000000 -3.8887449632e+00 -4.1586185207e+00\n  134    0 1.0000000000 -3.8729043245e+00 -4.1324350812e+00\n  135    0 1.0000000000 -3.8566595837e+00 -4.1058365443e+00\n  136    0 1.0000000000 -3.8400152161e+00 -4.0788496926e+00\n  137    0 1.0000000000 -3.8229757902e+00 -4.0515016996e+00\n  138    0 1.0000000000 -3.8055459645e+00 -4.0238201023e+00\n  139    0 1.0000000000 -3.7877304854e+00 -3.9958327738e+00\n  140    0 1.0000000000 -3.7695341841e+00 -3.9675678950e+00\n  141    0 1.0000000000 -3.7509619745e+00 -3.9390539261e+00\n  142    0 1.0000000000 -3.7320188501e+00 -3.9103195784e+00\n  143    0 1.0000000000 -3.7127098813e+00 -3.8813937848e+00\n  144    0 1.0000000000 -3.6930402129e+00 -3.8523056712e+00\n  145    0 1.0000000000 -3.6730150613e+00 -3.8230845270e+00\n  146    0 1.0000000000 -3.6526397114e+00 -3.7937597752e+00\n  147    0 1.0000000000 -3.6319195143e+00 -3.7643609434e+00\n  148    0 1.0000000000 -3.6108598842e+00 -3.7349176338e+00\n  149    0 1.0000000000 -3.5894662955e+00 -3.7054594933e+00\n  150    0 1.0000000000 -3.5677442803e+00 -3.6760161837e+00\n  151    0 1.0000000000 -3.5456994255e+00 -3.6466173519e+00\n  152    0 1.0000000000 -3.5233373697e+00 -3.6172926001e+00\n  153    0 1.0000000000 -3.5006638008e+00 -3.5880714558e+00\n  154    0 1.0000000000 -3.4776844527e+00 -3.5589833423e+00\n  155    0 1.0000000000 -3.4544051029e+00 -3.5300575487e+00\n  156    0 1.0000000000 -3.4308315696e+00 -3.5013232010e+00\n  157    0 1.0000000000 -3.4069697088e+00 -3.4728092321e+00\n  158    0 1.0000000000 -3.3828254116e+00 -3.4445443532e+00\n  159    0 1.0000000000 -3.3584046013e+00 -3.4165570247e+00\n  160    0 1.0000000000 -3.3337132309e+00 -3.3888754275e+00\n  161    0 1.0000000000 -3.3087572804e+00 -3.3615274344e+00\n  162    0 1.0000000000 -3.2835427537e+00 -3.3345405827e+00\n  163    0 1.0000000000 -3.2580756766e+00 -3.3079420459e+00\n  164    0 1.0000000000 -3.2323620937e+00 -3.2817586063e+00\n  165    0 1.0000000000 -3.2064080662e+00 -3.2560166286e+00\n  166    0 1.0000000000 -3.1802196692e+00 -3.2307420326e+00\n  167    0 1.0000000000 -3.1538029894e+00 -3.2059602678e+00\n  168    0 1.0000000000 -3.1271641228e+00 -3.1816962873e+00\n  169    0 1.0000000000 -3.1003091725e+00 -3.1579745229e+00\n  170    0 1.0000000000 -3.0732442465e+00 -3.1348188604e+00\n  171    0 1.0000000000 -3.0459754559e+00 -3.1122526155e+00\n  172    0 1.0000000000 -3.0185089129e+00 -3.0902985106e+00\n  173    0 1.0000000000 -2.9908507292e+00 -3.0689786516e+00\n  174    0 1.0000000000 -2.9630070145e+00 -3.0483145058e+00\n  175    0 1.0000000000 -2.9349838758e+00 -3.0283268802e+00\n  176    0 1.0000000000 -2.9067874159e+00 -3.0090359007e+00\n  177    0 1.0000000000 -2.8784237334e+00 -2.9904609916e+00\n  178    0 1.0000000000 -2.8498989223e+00 -2.9726208563e+00\n  179    0 1.0000000000 -2.8212190731e+00 -2.9555334583e+00\n  180    0 1.0000000000 -2.7923902734e+00 -2.9392160033e+00\n  181    0 1.0000000000 -2.7634186106e+00 -2.9236849213e+00\n  182    0 1.0000000000 -2.7343101746e+00 -2.9089558511e+00\n  183    0 1.0000000000 -2.7050710629e+00 -2.8950436234e+00\n  184    0 1.0000000000 -2.6757073867e+00 -2.8819622467e+00\n  185    0 1.0000000000 -2.6462252795e+00 -2.8697248929e+00\n  186    0 1.0000000000 -2.6166309086e+00 -2.8583438839e+00\n  187    0 1.0000000000 -2.5869304908e+00 -2.8478306794e+00\n  188    0 1.0000000000 -2.5571303128e+00 -2.8381958654e+00\n  189    0 1.0000000000 -2.5272367579e+00 -2.8294491432e+00\n  190    0 1.0000000000 -2.4972563438e+00 -2.8215993202e+00\n  191    0 1.0000000000 -2.4671957733e+00 -2.8146543003e+00\n  192    0 1.0000000000 -2.4370620095e+00 -2.8086210767e+00\n  193    0 1.0000000000 -2.4068624000e+00 -2.8035057243e+00\n  194    0 1.0000000000 -2.3766049203e+00 -2.7993133938e+00\n  195    0 1.0000000000 -2.3462988079e+00 -2.7960483065e+00\n  196    0 1.0000000000 -2.3159569639e+00 -2.7937137501e+00\n  197    0 1.0000000000 -2.2856125571e+00 -2.7923120754e+00\n  198    0 1.0000000000 -2.2575789649e+00 -2.7918446936e+00\n  199    0 1.0000000000 -2.3141867532e+00 -2.7927795271e+00\n  200    0 1.0000000000 -2.3755664202e+00 -2.7955839252e+00\n  201    0 1.0000000000 -2.4374345412e+00 -2.8002575770e+00\n  202    0 1.0000000000 -2.4997468792e+00 -2.8067999536e+00\n  203    0 1.0000000000 -2.5624869497e+00 -2.8152102917e+00\n  204    0 1.0000000000 -2.6256424326e+00 -2.8254875709e+00\n  205    0 1.0000000000 -2.6892018287e+00 -2.8376304848e+00\n  206    0 1.0000000000 -2.7531536211e+00 -2.8516374059e+00\n  207    0 1.0000000000 -2.8174859903e+00 -2.8675063444e+00\n  208    0 1.0000000000 -2.8821866967e+00 -2.8852349016e+00\n  209    0 1.0000000000 -2.9472430224e+00 -2.9048202177e+00\n  210    0 1.0000000000 -3.0126417390e+00 -2.9262589140e+00\n  211    0 1.0000000000 -3.0783690876e+00 -2.9495470310e+00\n  212    0 1.0000000000 -3.1444107642e+00 -2.9746799607e+00\n  213    0 1.0000000000 -3.2107519095e+00 -3.0016523761e+00\n  214    0 1.0000000000 -3.2773771010e+00 -3.0304581556e+00\n  215    0 1.0000000000 -3.3442703458e+00 -3.0610903048e+00\n  216    0 1.0000000000 -3.4114150755e+00 -3.0935408747e+00\n  217    0 1.0000000000 -3.4787941420e+00 -3.1278008776e+00\n  218    0 1.0000000000 -3.5463898141e+00 -3.1638602005e+00\n  219    0 1.0000000000 -3.6141837747e+00 -3.2017075178e+00\n  220    0 1.0000000000 -3.6821571197e+00 -3.2413302012e+00\n  221    0 1.0000000000 -3.7502903568e+00 -3.2827142305e+00\n  222    0 1.0000000000 -3.8185634058e+00 -3.3258441033e+00\n  223    0 1.0000000000 -3.8869555997e+00 -3.3707027451e+00\n  224    0 1.0000000000 -3.9554456866e+00 -3.4172714205e+00\n  225    0 1.0000000000 -4.0240118324e+00 -3.4655296458e+00\n  226    0 1.0000000000 -4.0926316248e+00 -3.5154551028e+00\n  227    0 1.0000000000 -4.1612820782e+00 -3.5670235562e+00\n  228    0 1.0000000000 -4.2299396391e+00 -3.6202087724e+00\n  229    0 1.0000000000 -4.2985801934e+00 -3.6749824431e+00\n  230    0 1.0000000000 -4.3671790738e+00 -3.7313141117e+00\n  231    0 1.0000000000 -4.4357110694e+00 -3.7891711047e+00\n  232    0 1.0000000000 -4.5041504348e+00 -3.8485184680e+00\n  233    0 1.0000000000 -4.5724709022e+00 -3.9093189078e+00\n  234    0 1.0000000000 -4.6406456928e+00 -3.9715327380e+00\n  235    0 1.0000000000 -4.7086475308e+00 -4.0351178334e+00\n  236    0 1.0000000000 -4.7764486573e+00 -4.1000295894e+00\n  237    0 1.0000000000 -4.8440208467e+00 -4.1662208891e+00\n  238    0 1.0000000000 -4.9113354225e+00 -4.2336420765e+00\n  239    0 1.0000000000 -4.9783632761e+00 -4.3022409389e+00\n  240    0 1.0000000000 -5.0450748853e+00 -4.3719626958e+00\n  241    0 1.0000000000 -5.1114403348e+00 -4.4427499969e+00\n  242    0 1.0000000000 -5.1774293377e+00 -4.5145429277e+00\n  243    0 1.0000000000 -5.2430112573e+00 -4.5872790245e+00\n  244    0 1.0000000000 -5.3081551317e+00 -4.6608932974e+00\n  245    0 1.0000000000 -5.3728296974e+00 -4.7353182625e+00\n  246    0 1.0000000000 -5.4370034160e+00 -4.8104839834e+00\n  247    0 1.0000000000 -5.5006445006e+00 -4.8863181213e+00\n  248    0 1.0000000000 -5.5637209434e+00 -4.9627459944e+00\n  249    0 1.0000000000 -5.6262005452e+00 -5.0396906464e+00\n  250    0 1.0000000000 -5.6880509447e+00 -5.1170729237e+00\n  251    0 1.0000000000 -5.7492396494e+00 -5.1948115622e+00\n  252    0 1.0000000000 -5.8097340673e+00 -5.2728232825e+00\n  253    0 1.0000000000 -5.8695015394e+00 -5.3510228939e+00\n  254    0 1.0000000000 -5.9285093730e+00 -5.4293234069e+00\n  255    0 1.0000000000 -5.9867248757e+00 -5.5076361538e+00\n  256    0 1.0000000000 -6.0441153902e+00 -5.5858709179e+00\n  257    0 1.0000000000 -6.1006483297e+00 -5.6639360701e+00\n  258    0 1.0000000000 -6.1562912141e+00 -5.7417387124e+00\n  259    0 1.0000000000 -6.2110117063e+00 -5.8191848296e+00\n  260    0 1.0000000000 -6.2647776493e+00 -5.8961794467e+00\n  261    0 1.0000000000 -6.3175571038e+00 -5.9726267932e+00\n  262    0 1.0000000000 -6.3693183857e+00 -6.0484304729e+00\n  263    0 1.0000000000 -6.4200301045e+00 -6.1234936389e+00\n  264    0 1.0000000000 -6.4696612010e+00 -6.1977191743e+00\n  265    0 1.0000000000 -6.5181809863e+00 -6.2710098761e+00\n  266    0 1.0000000000 -6.5655591798e+00 -6.3432686441e+00\n  267    0 1.0000000000 -6.6117659476e+00 -6.4143986720e+00\n  268    0 1.0000000000 -6.6567719413e+00 -6.4843036419e+00\n  269    0 1.0000000000 -6.7005483354e+00 -6.5528879209e+00\n  270    0 1.0000000000 -6.7430668656e+00 -6.6200567589e+00\n  271    0 1.0000000000 -6.7842998663e+00 -6.6857164873e+00\n  272    0 1.0000000000 -6.8242203076e+00 -6.7497747183e+00\n  273    0 1.0000000000 -6.8628018319e+00 -6.8121405440e+00\n  274    0 1.0000000000 -6.9000187900e+00 -6.8727247337e+00\n  275    0 1.0000000000 -6.9358462765e+00 -6.9314399305e+00\n  276    0 1.0000000000 -6.9702601643e+00 -6.9882008456e+00\n  277    0 1.0000000000 -7.0032371385e+00 -7.0429244490e+00\n  278    0 1.0000000000 -7.0347547294e+00 -7.0955301578e+00\n  279    0 1.0000000000 -7.0647913444e+00 -7.1459400197e+00\n  280    0 1.0000000000 -7.0933262990e+00 -7.1940788921e+00\n  281    0 1.0000000000 -7.1203398464e+00 -7.2398746160e+00\n  282    0 1.0000000000 -7.1458132064e+00 -7.2832581840e+00\n  283    0 1.0000000000 -7.1697285928e+00 -7.3241639021e+00\n  284    0 1.0000000000 -7.1920692391e+00 -7.3625295442e+00\n  285    0 1.0000000000 -7.2128194238e+00 -7.3982964998e+00\n  286    0 1.0000000000 -7.2319644931e+00 -7.4314099132e+00\n  287    0 1.0000000000 -7.2494908831e+00 -7.4618188147e+00\n  288    0 1.0000000000 -7.2653861398e+00 -7.4894762430e+00\n  289    0 1.0000000000 -7.2796389379e+00 -7.5143393582e+00\n  290    0 1.0000000000 -7.2922390978e+00 -7.5363695452e+00\n  291    0 1.0000000000 -7.3031776007e+00 -7.5555325073e+00\n  292    0 1.0000000000 -7.3124466027e+00 -7.5717983499e+00\n  293    0 1.0000000000 -7.3200394461e+00 -7.5851416526e+00\n  294    0 1.0000000000 -7.3259506700e+00 -7.5955415318e+00\n  295    0 1.0000000000 -7.3301760184e+00 -7.6029816913e+00\n  296    0 1.0000000000 -7.3327124466e+00 -7.6074504625e+00\n  297    0 1.0000000000 -7.3335581260e+00 -7.6089408327e+00\n