SINGLE-ORBITAL NN+NNN EFFECTIVE MODEL FIT

m=4
eon=0.0
t0=1.0
l_decay=0.5
dl=6.0
pairing=./m=4/pairing.txt
microscopic_orbitals=34

E_eff(k) = eps0 + 2*t1[cos(k.u1)+cos(k.u2)] + 4*t2*cos(k.u1)*cos(k.u2)

eps0     = -5.75401211054083e+00
t1       = -4.16912196803657e-01
t2       = -3.11903317273537e-02

RMSE=2.45799238431832e-01
MAE=2.03001106218338e-01
max_abs_error=5.26807266139038e-01
optimizer_success=True
optimizer_message=Linear least-squares solution
minimum_tracking_continuity=1.0000000000
mean_tracking_continuity=1.0000000000

# k_index idx continuity target fit\n    0    0 1.0000000000 -7.3467512637e+00 -7.5464222247e+00\n    1    0 1.0000000000 -7.3464990155e+00 -7.5459396174e+00\n    2    0 1.0000000000 -7.3457423275e+00 -7.5444922815e+00\n    3    0 1.0000000000 -7.3444813696e+00 -7.5420816743e+00\n    4    0 1.0000000000 -7.3427164248e+00 -7.5387102231e+00\n    5    0 1.0000000000 -7.3404478891e+00 -7.5343813227e+00\n    6    0 1.0000000000 -7.3376762714e+00 -7.5290993319e+00\n    7    0 1.0000000000 -7.3344021930e+00 -7.5228695692e+00\n    8    0 1.0000000000 -7.3306263879e+00 -7.5156983075e+00\n    9    0 1.0000000000 -7.3263497018e+00 -7.5075927676e+00\n   10    0 1.0000000000 -7.3215730921e+00 -7.4985611111e+00\n   11    0 1.0000000000 -7.3162976276e+00 -7.4886124321e+00\n   12    0 1.0000000000 -7.3105244876e+00 -7.4777567481e+00\n   13    0 1.0000000000 -7.3042549616e+00 -7.4660049899e+00\n   14    0 1.0000000000 -7.2974904486e+00 -7.4533689904e+00\n   15    0 1.0000000000 -7.2902324569e+00 -7.4398614731e+00\n   16    0 1.0000000000 -7.2824826027e+00 -7.4254960389e+00\n   17    0 1.0000000000 -7.2742426099e+00 -7.4102871525e+00\n   18    0 1.0000000000 -7.2655143090e+00 -7.3942501281e+00\n   19    0 1.0000000000 -7.2562996364e+00 -7.3774011134e+00\n   20    0 1.0000000000 -7.2466006334e+00 -7.3597570742e+00\n   21    0 1.0000000000 -7.2364194455e+00 -7.3413357763e+00\n   22    0 1.0000000000 -7.2257583208e+00 -7.3221557686e+00\n   23    0 1.0000000000 -7.2146196094e+00 -7.3022363636e+00\n   24    0 1.0000000000 -7.2030057622e+00 -7.2815976185e+00\n   25    0 1.0000000000 -7.1909193293e+00 -7.2602603148e+00\n   26    0 1.0000000000 -7.1783629593e+00 -7.2382459373e+00\n   27    0 1.0000000000 -7.1653393974e+00 -7.2155766526e+00\n   28    0 1.0000000000 -7.1518514845e+00 -7.1922752868e+00\n   29    0 1.0000000000 -7.1379021554e+00 -7.1683653024e+00\n   30    0 1.0000000000 -7.1234944372e+00 -7.1438707748e+00\n   31    0 1.0000000000 -7.1086314481e+00 -7.1188163677e+00\n   32    0 1.0000000000 -7.0933163954e+00 -7.0932273089e+00\n   33    0 1.0000000000 -7.0775525739e+00 -7.0671293644e+00\n   34    0 1.0000000000 -7.0613433641e+00 -7.0405488126e+00\n   35    0 1.0000000000 -7.0446922305e+00 -7.0135124180e+00\n   36    0 1.0000000000 -7.0276027199e+00 -6.9860474037e+00\n   37    0 1.0000000000 -7.0100784589e+00 -6.9581814248e+00\n   38    0 1.0000000000 -6.9921231529e+00 -6.9299425400e+00\n   39    0 1.0000000000 -6.9737405833e+00 -6.9013591834e+00\n   40    0 1.0000000000 -6.9549346062e+00 -6.8724601361e+00\n   41    0 1.0000000000 -6.9357091502e+00 -6.8432744968e+00\n   42    0 1.0000000000 -6.9160682146e+00 -6.8138316532e+00\n   43    0 1.0000000000 -6.8960158672e+00 -6.7841612516e+00\n   44    0 1.0000000000 -6.8755562426e+00 -6.7542931677e+00\n   45    0 1.0000000000 -6.8546935406e+00 -6.7242574759e+00\n   46    0 1.0000000000 -6.8334320236e+00 -6.6940844199e+00\n   47    0 1.0000000000 -6.8117760155e+00 -6.6638043811e+00\n   48    0 1.0000000000 -6.7897298995e+00 -6.6334478492e+00\n   49    0 1.0000000000 -6.7672981162e+00 -6.6030453905e+00\n   50    0 1.0000000000 -6.7444851622e+00 -6.5726276178e+00\n   51    0 1.0000000000 -6.7212955879e+00 -6.5422251591e+00\n   52    0 1.0000000000 -6.6977339962e+00 -6.5118686272e+00\n   53    0 1.0000000000 -6.6738050404e+00 -6.4815885884e+00\n   54    0 1.0000000000 -6.6495134223e+00 -6.4514155324e+00\n   55    0 1.0000000000 -6.6248638912e+00 -6.4213798406e+00\n   56    0 1.0000000000 -6.5998612413e+00 -6.3915117567e+00\n   57    0 1.0000000000 -6.5745103104e+00 -6.3618413551e+00\n   58    0 1.0000000000 -6.5488159781e+00 -6.3323985115e+00\n   59    0 1.0000000000 -6.5227831638e+00 -6.3032128722e+00\n   60    0 1.0000000000 -6.4964168253e+00 -6.2743138249e+00\n   61    0 1.0000000000 -6.4697219567e+00 -6.2457304683e+00\n   62    0 1.0000000000 -6.4427035866e+00 -6.2174915835e+00\n   63    0 1.0000000000 -6.4153667764e+00 -6.1896256046e+00\n   64    0 1.0000000000 -6.3877166184e+00 -6.1621605903e+00\n   65    0 1.0000000000 -6.3597582338e+00 -6.1351241957e+00\n   66    0 1.0000000000 -6.3314967713e+00 -6.1085436439e+00\n   67    0 1.0000000000 -6.3029374048e+00 -6.0824456994e+00\n   68    0 1.0000000000 -6.2740853316e+00 -6.0568566406e+00\n   69    0 1.0000000000 -6.2449457708e+00 -6.0318022335e+00\n   70    0 1.0000000000 -6.2155239611e+00 -6.0073077059e+00\n   71    0 1.0000000000 -6.1858251593e+00 -5.9833977214e+00\n   72    0 1.0000000000 -6.1558546380e+00 -5.9600963557e+00\n   73    0 1.0000000000 -6.1256176841e+00 -5.9374270710e+00\n   74    0 1.0000000000 -6.0951195969e+00 -5.9154126935e+00\n   75    0 1.0000000000 -6.0643656859e+00 -5.8940753898e+00\n   76    0 1.0000000000 -6.0333612697e+00 -5.8734366447e+00\n   77    0 1.0000000000 -6.0021116735e+00 -5.8535172397e+00\n   78    0 1.0000000000 -5.9706222277e+00 -5.8343372320e+00\n   79    0 1.0000000000 -5.9388982657e+00 -5.8159159341e+00\n   80    0 1.0000000000 -5.9069451228e+00 -5.7982718949e+00\n   81    0 1.0000000000 -5.8747681340e+00 -5.7814228802e+00\n   82    0 1.0000000000 -5.8423726322e+00 -5.7653858558e+00\n   83    0 1.0000000000 -5.8097639468e+00 -5.7501769694e+00\n   84    0 1.0000000000 -5.7769474021e+00 -5.7358115352e+00\n   85    0 1.0000000000 -5.7439283153e+00 -5.7223040179e+00\n   86    0 1.0000000000 -5.7107119952e+00 -5.7096680184e+00\n   87    0 1.0000000000 -5.6773037407e+00 -5.6979162602e+00\n   88    0 1.0000000000 -5.6437088393e+00 -5.6870605762e+00\n   89    0 1.0000000000 -5.6099325656e+00 -5.6771118972e+00\n   90    0 1.0000000000 -5.5759801806e+00 -5.6680802407e+00\n   91    0 1.0000000000 -5.5418569304e+00 -5.6599747008e+00\n   92    0 1.0000000000 -5.5075680465e+00 -5.6528034391e+00\n   93    0 1.0000000000 -5.4731187464e+00 -5.6465736764e+00\n   94    0 1.0000000000 -5.4385142380e+00 -5.6412916856e+00\n   95    0 1.0000000000 -5.4037597316e+00 -5.6369627852e+00\n   96    0 1.0000000000 -5.3688604776e+00 -5.6335913340e+00\n   97    0 1.0000000000 -5.3338219125e+00 -5.6311807268e+00\n   98    0 1.0000000000 -5.2986505653e+00 -5.6297333909e+00\n   99    0 1.0000000000 -5.2633888366e+00 -5.6292507836e+00\n  100    0 1.0000000000 -5.2632323837e+00 -5.6288938004e+00\n  101    0 1.0000000000 -5.2627181649e+00 -5.6278232103e+00\n  102    0 1.0000000000 -5.2618462732e+00 -5.6260400912e+00\n  103    0 1.0000000000 -5.2606168717e+00 -5.6235462385e+00\n  104    0 1.0000000000 -5.2590301939e+00 -5.6203441635e+00\n  105    0 1.0000000000 -5.2570865436e+00 -5.6164370903e+00\n  106    0 1.0000000000 -5.2547862946e+00 -5.6118289530e+00\n  107    0 1.0000000000 -5.2521298905e+00 -5.6065243916e+00\n  108    0 1.0000000000 -5.2491178449e+00 -5.6005287473e+00\n  109    0 1.0000000000 -5.2457507407e+00 -5.5938480573e+00\n  110    0 1.0000000000 -5.2420292300e+00 -5.5864890484e+00\n  111    0 1.0000000000 -5.2379540338e+00 -5.5784591305e+00\n  112    0 1.0000000000 -5.2335259419e+00 -5.5697663892e+00\n  113    0 1.0000000000 -5.2287458124e+00 -5.5604195772e+00\n  114    0 1.0000000000 -5.2236145710e+00 -5.5504281059e+00\n  115    0 1.0000000000 -5.2181332113e+00 -5.5398020361e+00\n  116    0 1.0000000000 -5.2123027936e+00 -5.5285520671e+00\n  117    0 1.0000000000 -5.2061244452e+00 -5.5166895268e+00\n  118    0 1.0000000000 -5.1995993593e+00 -5.5042263597e+00\n  119    0 1.0000000000 -5.1927287947e+00 -5.4911751153e+00\n  120    0 1.0000000000 -5.1855140755e+00 -5.4775489349e+00\n  121    0 1.0000000000 -5.1779565900e+00 -5.4633615390e+00\n  122    0 1.0000000000 -5.1700577908e+00 -5.4486272131e+00\n  123    0 1.0000000000 -5.1618191935e+00 -5.4333607935e+00\n  124    0 1.0000000000 -5.1532423766e+00 -5.4175776520e+00\n  125    0 1.0000000000 -5.1443289805e+00 -5.4012936811e+00\n  126    0 1.0000000000 -5.1350807068e+00 -5.3845252772e+00\n  127    0 1.0000000000 -5.1254993180e+00 -5.3672893248e+00\n  128    0 1.0000000000 -5.1155866361e+00 -5.3496031789e+00\n  129    0 1.0000000000 -5.1053445425e+00 -5.3314846481e+00\n  130    0 1.0000000000 -5.0947749768e+00 -5.3129519761e+00\n  131    0 1.0000000000 -5.0838799360e+00 -5.2940238238e+00\n  132    0 1.0000000000 -5.0726614739e+00 -5.2747192503e+00\n  133    0 1.0000000000 -5.0611217003e+00 -5.2550576935e+00\n  134    0 1.0000000000 -5.0492627796e+00 -5.2350589511e+00\n  135    0 1.0000000000 -5.0370869306e+00 -5.2147431600e+00\n  136    0 1.0000000000 -5.0245964252e+00 -5.1941307766e+00\n  137    0 1.0000000000 -5.0117935874e+00 -5.1732425557e+00\n  138    0 1.0000000000 -4.9986807927e+00 -5.1520995300e+00\n  139    0 1.0000000000 -4.9852604669e+00 -5.1307229888e+00\n  140    0 1.0000000000 -4.9715350852e+00 -5.1091344565e+00\n  141    0 1.0000000000 -4.9575071712e+00 -5.0873556707e+00\n  142    0 1.0000000000 -4.9431792959e+00 -5.0654085611e+00\n  143    0 1.0000000000 -4.9285540765e+00 -5.0433152263e+00\n  144    0 1.0000000000 -4.9136341759e+00 -5.0210979126e+00\n  145    0 1.0000000000 -4.8984223009e+00 -4.9987789909e+00\n  146    0 1.0000000000 -4.8829212018e+00 -4.9763809344e+00\n  147    0 1.0000000000 -4.8671336710e+00 -4.9539262961e+00\n  148    0 1.0000000000 -4.8510625419e+00 -4.9314376859e+00\n  149    0 1.0000000000 -4.8347106879e+00 -4.9089377480e+00\n  150    0 1.0000000000 -4.8180810216e+00 -4.8864491378e+00\n  151    0 1.0000000000 -4.8011764929e+00 -4.8639944995e+00\n  152    0 1.0000000000 -4.7840000887e+00 -4.8415964430e+00\n  153    0 1.0000000000 -4.7665548314e+00 -4.8192775213e+00\n  154    0 1.0000000000 -4.7488437777e+00 -4.7970602076e+00\n  155    0 1.0000000000 -4.7308700177e+00 -4.7749668728e+00\n  156    0 1.0000000000 -4.7126366735e+00 -4.7530197631e+00\n  157    0 1.0000000000 -4.6941468982e+00 -4.7312409774e+00\n  158    0 1.0000000000 -4.6754038749e+00 -4.7096524450e+00\n  159    0 1.0000000000 -4.6564108152e+00 -4.6882759038e+00\n  160    0 1.0000000000 -4.6371709582e+00 -4.6671328782e+00\n  161    0 1.0000000000 -4.6176875696e+00 -4.6462446573e+00\n  162    0 1.0000000000 -4.5979639400e+00 -4.6256322739e+00\n  163    0 1.0000000000 -4.5780033842e+00 -4.6053164828e+00\n  164    0 1.0000000000 -4.5578092398e+00 -4.5853177403e+00\n  165    0 1.0000000000 -4.5373848662e+00 -4.5656561836e+00\n  166    0 1.0000000000 -4.5167336433e+00 -4.5463516100e+00\n  167    0 1.0000000000 -4.4958589703e+00 -4.5274234577e+00\n  168    0 1.0000000000 -4.4747642648e+00 -4.5088907858e+00\n  169    0 1.0000000000 -4.4534529615e+00 -4.4907722549e+00\n  170    0 1.0000000000 -4.4319285108e+00 -4.4730861091e+00\n  171    0 1.0000000000 -4.4101943782e+00 -4.4558501567e+00\n  172    0 1.0000000000 -4.3882540427e+00 -4.4390817528e+00\n  173    0 1.0000000000 -4.3661109958e+00 -4.4227977818e+00\n  174    0 1.0000000000 -4.3437687405e+00 -4.4070146404e+00\n  175    0 1.0000000000 -4.3212307901e+00 -4.3917482207e+00\n  176    0 1.0000000000 -4.2985006669e+00 -4.3770138949e+00\n  177    0 1.0000000000 -4.2755819014e+00 -4.3628264990e+00\n  178    0 1.0000000000 -4.2524780311e+00 -4.3492003186e+00\n  179    0 1.0000000000 -4.2291925994e+00 -4.3361490741e+00\n  180    0 1.0000000000 -4.2057291545e+00 -4.3236859071e+00\n  181    0 1.0000000000 -4.1820912483e+00 -4.3118233668e+00\n  182    0 1.0000000000 -4.1582824355e+00 -4.3005733978e+00\n  183    0 1.0000000000 -4.1343062724e+00 -4.2899473279e+00\n  184    0 1.0000000000 -4.1101663160e+00 -4.2799558567e+00\n  185    0 1.0000000000 -4.0858661231e+00 -4.2706090447e+00\n  186    0 1.0000000000 -4.0614092490e+00 -4.2619163033e+00\n  187    0 1.0000000000 -4.0367992468e+00 -4.2538863855e+00\n  188    0 1.0000000000 -4.0120396666e+00 -4.2465273766e+00\n  189    0 1.0000000000 -3.9871340544e+00 -4.2398466866e+00\n  190    0 1.0000000000 -3.9620859518e+00 -4.2338510423e+00\n  191    0 1.0000000000 -3.9368988952e+00 -4.2285464809e+00\n  192    0 1.0000000000 -3.9115764159e+00 -4.2239383436e+00\n  193    0 1.0000000000 -3.8861220417e+00 -4.2200312704e+00\n  194    0 1.0000000000 -3.8605393008e+00 -4.2168291953e+00\n  195    0 1.0000000000 -3.8348317357e+00 -4.2143353427e+00\n  196    0 1.0000000000 -3.8090029572e+00 -4.2125522236e+00\n  197    0 1.0000000000 -3.7830569655e+00 -4.2114816334e+00\n  198    0 1.0000000000 -3.7570072026e+00 -4.2111246502e+00\n  199    0 1.0000000000 -3.8091571104e+00 -4.2118386483e+00\n  200    0 1.0000000000 -3.8614126042e+00 -4.2139803027e+00\n  201    0 1.0000000000 -3.9137364527e+00 -4.2175485932e+00\n  202    0 1.0000000000 -3.9661182283e+00 -4.2225418156e+00\n  203    0 1.0000000000 -4.0185481123e+00 -4.2289575755e+00\n  204    0 1.0000000000 -4.0710162351e+00 -4.2367927805e+00\n  205    0 1.0000000000 -4.1235125700e+00 -4.2460436294e+00\n  206    0 1.0000000000 -4.1760269053e+00 -4.2567055999e+00\n  207    0 1.0000000000 -4.2285488357e+00 -4.2687734337e+00\n  208    0 1.0000000000 -4.2810677596e+00 -4.2822411197e+00\n  209    0 1.0000000000 -4.3335728786e+00 -4.2971018752e+00\n  210    0 1.0000000000 -4.3860531982e+00 -4.3133481259e+00\n  211    0 1.0000000000 -4.4384975293e+00 -4.3309714833e+00\n  212    0 1.0000000000 -4.4908944898e+00 -4.3499627212e+00\n  213    0 1.0000000000 -4.5432325071e+00 -4.3703117509e+00\n  214    0 1.0000000000 -4.5954998206e+00 -4.3920075946e+00\n  215    0 1.0000000000 -4.6476844839e+00 -4.4150383584e+00\n  216    0 1.0000000000 -4.6997743684e+00 -4.4393912043e+00\n  217    0 1.0000000000 -4.7517571664e+00 -4.4650523212e+00\n  218    0 1.0000000000 -4.8036203945e+00 -4.4920068957e+00\n  219    0 1.0000000000 -4.8553513976e+00 -4.5202390827e+00\n  220    0 1.0000000000 -4.9069373526e+00 -4.5497319760e+00\n  221    0 1.0000000000 -4.9583652732e+00 -4.5804675788e+00\n  222    0 1.0000000000 -5.0096220141e+00 -4.6124267746e+00\n  223    0 1.0000000000 -5.0606942758e+00 -4.6455892989e+00\n  224    0 1.0000000000 -5.1115686101e+00 -4.6799337118e+00\n  225    0 1.0000000000 -5.1622314247e+00 -4.7154373712e+00\n  226    0 1.0000000000 -5.2126689896e+00 -4.7520764076e+00\n  227    0 1.0000000000 -5.2628674426e+00 -4.7898257004e+00\n  228    0 1.0000000000 -5.3128127951e+00 -4.8286588557e+00\n  229    0 1.0000000000 -5.3624909391e+00 -4.8685481860e+00\n  230    0 1.0000000000 -5.4118876534e+00 -4.9094646924e+00\n  231    0 1.0000000000 -5.4609886107e+00 -4.9513780487e+00\n  232    0 1.0000000000 -5.5097793847e+00 -4.9942565878e+00\n  233    0 1.0000000000 -5.5582454574e+00 -5.0380672920e+00\n  234    0 1.0000000000 -5.6063722267e+00 -5.0827757843e+00\n  235    0 1.0000000000 -5.6541450145e+00 -5.1283463248e+00\n  236    0 1.0000000000 -5.7015490747e+00 -5.1747418086e+00\n  237    0 1.0000000000 -5.7485696015e+00 -5.2219237681e+00\n  238    0 1.0000000000 -5.7951917379e+00 -5.2698523786e+00\n  239    0 1.0000000000 -5.8414005848e+00 -5.3184864672e+00\n  240    0 1.0000000000 -5.8871812095e+00 -5.3677835261e+00\n  241    0 1.0000000000 -5.9325186554e+00 -5.4176997290e+00\n  242    0 1.0000000000 -5.9773979510e+00 -5.4681899520e+00\n  243    0 1.0000000000 -6.0218041197e+00 -5.5192077983e+00\n  244    0 1.0000000000 -6.0657221896e+00 -5.5707056271e+00\n  245    0 1.0000000000 -6.1091372028e+00 -5.6226345866e+00\n  246    0 1.0000000000 -6.1520342264e+00 -5.6749446508e+00\n  247    0 1.0000000000 -6.1943983618e+00 -5.7275846612e+00\n  248    0 1.0000000000 -6.2362147553e+00 -5.7805023719e+00\n  249    0 1.0000000000 -6.2774686085e+00 -5.8336444992e+00\n  250    0 1.0000000000 -6.3181451888e+00 -5.8869567754e+00\n  251    0 1.0000000000 -6.3582298395e+00 -5.9403840064e+00\n  252    0 1.0000000000 -6.3977079907e+00 -5.9938701332e+00\n  253    0 1.0000000000 -6.4365651695e+00 -6.0473582978e+00\n  254    0 1.0000000000 -6.4747870109e+00 -6.1007909122e+00\n  255    0 1.0000000000 -6.5123592677e+00 -6.1541097319e+00\n  256    0 1.0000000000 -6.5492678214e+00 -6.2072559317e+00\n  257    0 1.0000000000 -6.5854986924e+00 -6.2601701862e+00\n  258    0 1.0000000000 -6.6210380501e+00 -6.3127927528e+00\n  259    0 1.0000000000 -6.6558722233e+00 -6.3650635578e+00\n  260    0 1.0000000000 -6.6899877102e+00 -6.4169222854e+00\n  261    0 1.0000000000 -6.7233711887e+00 -6.4683084696e+00\n  262    0 1.0000000000 -6.7560095260e+00 -6.5191615879e+00\n  263    0 1.0000000000 -6.7878897890e+00 -6.5694211580e+00\n  264    0 1.0000000000 -6.8189992543e+00 -6.6190268359e+00\n  265    0 1.0000000000 -6.8493254181e+00 -6.6679185157e+00\n  266    0 1.0000000000 -6.8788560069e+00 -6.7160364315e+00\n  267    0 1.0000000000 -6.9075789870e+00 -6.7633212592e+00\n  268    0 1.0000000000 -6.9354825761e+00 -6.8097142210e+00\n  269    0 1.0000000000 -6.9625552529e+00 -6.8551571887e+00\n  270    0 1.0000000000 -6.9887857686e+00 -6.8995927887e+00\n  271    0 1.0000000000 -7.0141631575e+00 -6.9429645064e+00\n  272    0 1.0000000000 -7.0386767480e+00 -6.9852167904e+00\n  273    0 1.0000000000 -7.0623161733e+00 -7.0262951564e+00\n  274    0 1.0000000000 -7.0850713826e+00 -7.0661462901e+00\n  275    0 1.0000000000 -7.1069326515e+00 -7.1047181490e+00\n  276    0 1.0000000000 -7.1278905924e+00 -7.1419600629e+00\n  277    0 1.0000000000 -7.1479361648e+00 -7.1778228324e+00\n  278    0 1.0000000000 -7.1670606848e+00 -7.2122588254e+00\n  279    0 1.0000000000 -7.1852558346e+00 -7.2452220719e+00\n  280    0 1.0000000000 -7.2025136711e+00 -7.2766683555e+00\n  281    0 1.0000000000 -7.2188266347e+00 -7.3065553023e+00\n  282    0 1.0000000000 -7.2341875567e+00 -7.3348424668e+00\n  283    0 1.0000000000 -7.2485896669e+00 -7.3614914142e+00\n  284    0 1.0000000000 -7.2620266007e+00 -7.3864657992e+00\n  285    0 1.0000000000 -7.2744924050e+00 -7.4097314410e+00\n  286    0 1.0000000000 -7.2859815446e+00 -7.4312563940e+00\n  287    0 1.0000000000 -7.2964889072e+00 -7.4510110142e+00\n  288    0 1.0000000000 -7.3060098088e+00 -7.4689680213e+00\n  289    0 1.0000000000 -7.3145399979e+00 -7.4851025559e+00\n  290    0 1.0000000000 -7.3220756598e+00 -7.4993922316e+00\n  291    0 1.0000000000 -7.3286134198e+00 -7.5118171827e+00\n  292    0 1.0000000000 -7.3341503470e+00 -7.5223601058e+00\n  293    0 1.0000000000 -7.3386839567e+00 -7.5310062968e+00\n  294    0 1.0000000000 -7.3422122128e+00 -7.5377436820e+00\n  295    0 1.0000000000 -7.3447335296e+00 -7.5425628440e+00\n  296    0 1.0000000000 -7.3462467734e+00 -7.5454570417e+00\n  297    0 1.0000000000 -7.3467512637e+00 -7.5464222247e+00\n