SINGLE-ORBITAL NN+NNN EFFECTIVE MODEL FIT

m=5
eon=0.0
t0=1.0
l_decay=0.5
dl=6.0
pairing=./m=5/pairing.txt
microscopic_orbitals=52

E_eff(k) = eps0 + 2*t1[cos(k.u1)+cos(k.u2)] + 4*t2*cos(k.u1)*cos(k.u2)

eps0     = -6.23813875590597e+00
t1       = -2.98318601916943e-01
t2       = -1.56344144349904e-02

RMSE=1.85147465880884e-01
MAE=1.51329496524287e-01
max_abs_error=4.00631749842615e-01
optimizer_success=True
optimizer_message=Linear least-squares solution
minimum_tracking_continuity=1.0000000000
mean_tracking_continuity=1.0000000000

# k_index idx continuity target fit\n    0    0 1.0000000000 -7.3484065595e+00 -7.4939508213e+00\n    1    0 1.0000000000 -7.3482410520e+00 -7.4936189547e+00\n    2    0 1.0000000000 -7.3477445542e+00 -7.4926236891e+00\n    3    0 1.0000000000 -7.3469171394e+00 -7.4909660265e+00\n    4    0 1.0000000000 -7.3457589298e+00 -7.4886476362e+00\n    5    0 1.0000000000 -7.3442700968e+00 -7.4856708525e+00\n    6    0 1.0000000000 -7.3424508604e+00 -7.4820386728e+00\n    7    0 1.0000000000 -7.3403014891e+00 -7.4777547545e+00\n    8    0 1.0000000000 -7.3378223006e+00 -7.4728234110e+00\n    9    0 1.0000000000 -7.3350136607e+00 -7.4672496078e+00\n   10    0 1.0000000000 -7.3318759839e+00 -7.4610389573e+00\n   11    0 1.0000000000 -7.3284097328e+00 -7.4541977130e+00\n   12    0 1.0000000000 -7.3246154184e+00 -7.4467327635e+00\n   13    0 1.0000000000 -7.3204935993e+00 -7.4386516254e+00\n   14    0 1.0000000000 -7.3160448824e+00 -7.4299624356e+00\n   15    0 1.0000000000 -7.3112699218e+00 -7.4206739436e+00\n   16    0 1.0000000000 -7.3061694193e+00 -7.4107955019e+00\n   17    0 1.0000000000 -7.3007441235e+00 -7.4003370574e+00\n   18    0 1.0000000000 -7.2949948304e+00 -7.3893091408e+00\n   19    0 1.0000000000 -7.2889223823e+00 -7.3777228563e+00\n   20    0 1.0000000000 -7.2825276681e+00 -7.3655898703e+00\n   21    0 1.0000000000 -7.2758116227e+00 -7.3529223997e+00\n   22    0 1.0000000000 -7.2687752269e+00 -7.3397331995e+00\n   23    0 1.0000000000 -7.2614195070e+00 -7.3260355502e+00\n   24    0 1.0000000000 -7.2537455345e+00 -7.3118432441e+00\n   25    0 1.0000000000 -7.2457544258e+00 -7.2971705717e+00\n   26    0 1.0000000000 -7.2374473415e+00 -7.2820323072e+00\n   27    0 1.0000000000 -7.2288254866e+00 -7.2664436934e+00\n   28    0 1.0000000000 -7.2198901097e+00 -7.2504204268e+00\n   29    0 1.0000000000 -7.2106425028e+00 -7.2339786414e+00\n   30    0 1.0000000000 -7.2010840009e+00 -7.2171348928e+00\n   31    0 1.0000000000 -7.1912159814e+00 -7.1999061412e+00\n   32    0 1.0000000000 -7.1810398637e+00 -7.1823097344e+00\n   33    0 1.0000000000 -7.1705571090e+00 -7.1643633905e+00\n   34    0 1.0000000000 -7.1597692196e+00 -7.1460851801e+00\n   35    0 1.0000000000 -7.1486777384e+00 -7.1274935076e+00\n   36    0 1.0000000000 -7.1372842488e+00 -7.1086070934e+00\n   37    0 1.0000000000 -7.1255903737e+00 -7.0894449545e+00\n   38    0 1.0000000000 -7.1135977753e+00 -7.0700263855e+00\n   39    0 1.0000000000 -7.1013081543e+00 -7.0503709392e+00\n   40    0 1.0000000000 -7.0887232500e+00 -7.0304984070e+00\n   41    0 1.0000000000 -7.0758448391e+00 -7.0104287990e+00\n   42    0 1.0000000000 -7.0626747352e+00 -6.9901823234e+00\n   43    0 1.0000000000 -7.0492147888e+00 -6.9697793668e+00\n   44    0 1.0000000000 -7.0354668862e+00 -6.9492404732e+00\n   45    0 1.0000000000 -7.0214329491e+00 -6.9285863236e+00\n   46    0 1.0000000000 -7.0071149339e+00 -6.9078377148e+00\n   47    0 1.0000000000 -6.9925148314e+00 -6.8870155391e+00\n   48    0 1.0000000000 -6.9776346657e+00 -6.8661407625e+00\n   49    0 1.0000000000 -6.9624764943e+00 -6.8452344043e+00\n   50    0 1.0000000000 -6.9470424066e+00 -6.8243175152e+00\n   51    0 1.0000000000 -6.9313345239e+00 -6.8034111570e+00\n   52    0 1.0000000000 -6.9153549986e+00 -6.7825363804e+00\n   53    0 1.0000000000 -6.8991060135e+00 -6.7617142047e+00\n   54    0 1.0000000000 -6.8825897811e+00 -6.7409655959e+00\n   55    0 1.0000000000 -6.8658085429e+00 -6.7203114463e+00\n   56    0 1.0000000000 -6.8487645690e+00 -6.6997725527e+00\n   57    0 1.0000000000 -6.8314601571e+00 -6.6793695961e+00\n   58    0 1.0000000000 -6.8138976317e+00 -6.6591231205e+00\n   59    0 1.0000000000 -6.7960793442e+00 -6.6390535124e+00\n   60    0 1.0000000000 -6.7780076710e+00 -6.6191809803e+00\n   61    0 1.0000000000 -6.7596850137e+00 -6.5995255340e+00\n   62    0 1.0000000000 -6.7411137982e+00 -6.5801069650e+00\n   63    0 1.0000000000 -6.7222964737e+00 -6.5609448260e+00\n   64    0 1.0000000000 -6.7032355121e+00 -6.5420584118e+00\n   65    0 1.0000000000 -6.6839334076e+00 -6.5234667394e+00\n   66    0 1.0000000000 -6.6643926755e+00 -6.5051885290e+00\n   67    0 1.0000000000 -6.6446158516e+00 -6.4872421851e+00\n   68    0 1.0000000000 -6.6246054917e+00 -6.4696457783e+00\n   69    0 1.0000000000 -6.6043641706e+00 -6.4524170267e+00\n   70    0 1.0000000000 -6.5838944816e+00 -6.4355732781e+00\n   71    0 1.0000000000 -6.5631990355e+00 -6.4191314927e+00\n   72    0 1.0000000000 -6.5422804601e+00 -6.4031082261e+00\n   73    0 1.0000000000 -6.5211413994e+00 -6.3875196123e+00\n   74    0 1.0000000000 -6.4997845128e+00 -6.3723813477e+00\n   75    0 1.0000000000 -6.4782124744e+00 -6.3577086754e+00\n   76    0 1.0000000000 -6.4564279726e+00 -6.3435163693e+00\n   77    0 1.0000000000 -6.4344337089e+00 -6.3298187200e+00\n   78    0 1.0000000000 -6.4122323973e+00 -6.3166295198e+00\n   79    0 1.0000000000 -6.3898267642e+00 -6.3039620492e+00\n   80    0 1.0000000000 -6.3672195466e+00 -6.2918290632e+00\n   81    0 1.0000000000 -6.3444134926e+00 -6.2802427787e+00\n   82    0 1.0000000000 -6.3214113599e+00 -6.2692148621e+00\n   83    0 1.0000000000 -6.2982159154e+00 -6.2587564176e+00\n   84    0 1.0000000000 -6.2748299347e+00 -6.2488779759e+00\n   85    0 1.0000000000 -6.2512562010e+00 -6.2395894839e+00\n   86    0 1.0000000000 -6.2274975050e+00 -6.2309002941e+00\n   87    0 1.0000000000 -6.2035566438e+00 -6.2228191560e+00\n   88    0 1.0000000000 -6.1794364206e+00 -6.2153542065e+00\n   89    0 1.0000000000 -6.1551396438e+00 -6.2085129622e+00\n   90    0 1.0000000000 -6.1306691265e+00 -6.2023023117e+00\n   91    0 1.0000000000 -6.1060276859e+00 -6.1967285085e+00\n   92    0 1.0000000000 -6.0812181430e+00 -6.1917971650e+00\n   93    0 1.0000000000 -6.0562433212e+00 -6.1875132466e+00\n   94    0 1.0000000000 -6.0311060470e+00 -6.1838810670e+00\n   95    0 1.0000000000 -6.0058091488e+00 -6.1809042833e+00\n   96    0 1.0000000000 -5.9803554577e+00 -6.1785858930e+00\n   97    0 1.0000000000 -5.9547478109e+00 -6.1769282304e+00\n   98    0 1.0000000000 -5.9289890769e+00 -6.1759329648e+00\n   99    0 1.0000000000 -5.9030847687e+00 -6.1756010982e+00\n  100    0 1.0000000000 -5.9029604531e+00 -6.1753322017e+00\n  101    0 1.0000000000 -5.9025733723e+00 -6.1745257830e+00\n  102    0 1.0000000000 -5.9019235766e+00 -6.1731826541e+00\n  103    0 1.0000000000 -5.9010111517e+00 -6.1713041674e+00\n  104    0 1.0000000000 -5.8998362190e+00 -6.1688922143e+00\n  105    0 1.0000000000 -5.8983989354e+00 -6.1659492236e+00\n  106    0 1.0000000000 -5.8966994930e+00 -6.1624781585e+00\n  107    0 1.0000000000 -5.8947381197e+00 -6.1584825141e+00\n  108    0 1.0000000000 -5.8925150784e+00 -6.1539663138e+00\n  109    0 1.0000000000 -5.8900306673e+00 -6.1489341048e+00\n  110    0 1.0000000000 -5.8872852199e+00 -6.1433909543e+00\n  111    0 1.0000000000 -5.8842791045e+00 -6.1373424437e+00\n  112    0 1.0000000000 -5.8810127246e+00 -6.1307946634e+00\n  113    0 1.0000000000 -5.8774865182e+00 -6.1237542063e+00\n  114    0 1.0000000000 -5.8737009582e+00 -6.1162281618e+00\n  115    0 1.0000000000 -5.8696565520e+00 -6.1082241077e+00\n  116    0 1.0000000000 -5.8653538414e+00 -6.0997501036e+00\n  117    0 1.0000000000 -5.8607934022e+00 -6.0908146821e+00\n  118    0 1.0000000000 -5.8559758446e+00 -6.0814268403e+00\n  119    0 1.0000000000 -5.8509018124e+00 -6.0715960311e+00\n  120    0 1.0000000000 -5.8455719831e+00 -6.0613321532e+00\n  121    0 1.0000000000 -5.8399870678e+00 -6.0506455414e+00\n  122    0 1.0000000000 -5.8341478107e+00 -6.0395469564e+00\n  123    0 1.0000000000 -5.8280549891e+00 -6.0280475733e+00\n  124    0 1.0000000000 -5.8217094131e+00 -6.0161589712e+00\n  125    0 1.0000000000 -5.8151119253e+00 -6.0038931208e+00\n  126    0 1.0000000000 -5.8082634008e+00 -5.9912623728e+00\n  127    0 1.0000000000 -5.8011647464e+00 -5.9782794454e+00\n  128    0 1.0000000000 -5.7938169011e+00 -5.9649574111e+00\n  129    0 1.0000000000 -5.7862208351e+00 -5.9513096842e+00\n  130    0 1.0000000000 -5.7783775500e+00 -5.9373500068e+00\n  131    0 1.0000000000 -5.7702880782e+00 -5.9230924350e+00\n  132    0 1.0000000000 -5.7619534828e+00 -5.9085513251e+00\n  133    0 1.0000000000 -5.7533748571e+00 -5.8937413187e+00\n  134    0 1.0000000000 -5.7445533246e+00 -5.8786773283e+00\n  135    0 1.0000000000 -5.7354900384e+00 -5.8633745220e+00\n  136    0 1.0000000000 -5.7261861808e+00 -5.8478483083e+00\n  137    0 1.0000000000 -5.7166429631e+00 -5.8321143210e+00\n  138    0 1.0000000000 -5.7068616256e+00 -5.8161884028e+00\n  139    0 1.0000000000 -5.6968434364e+00 -5.8000865898e+00\n  140    0 1.0000000000 -5.6865896919e+00 -5.7838250950e+00\n  141    0 1.0000000000 -5.6761017158e+00 -5.7674202925e+00\n  142    0 1.0000000000 -5.6653808590e+00 -5.7508887005e+00\n  143    0 1.0000000000 -5.6544284995e+00 -5.7342469649e+00\n  144    0 1.0000000000 -5.6432460413e+00 -5.7175118426e+00\n  145    0 1.0000000000 -5.6318349146e+00 -5.7007001843e+00\n  146    0 1.0000000000 -5.6201965753e+00 -5.6838289181e+00\n  147    0 1.0000000000 -5.6083325042e+00 -5.6669150317e+00\n  148    0 1.0000000000 -5.5962442071e+00 -5.6499755562e+00\n  149    0 1.0000000000 -5.5839332143e+00 -5.6330275480e+00\n  150    0 1.0000000000 -5.5714010796e+00 -5.6160880724e+00\n  151    0 1.0000000000 -5.5586493808e+00 -5.5991741861e+00\n  152    0 1.0000000000 -5.5456797184e+00 -5.5823029198e+00\n  153    0 1.0000000000 -5.5324937158e+00 -5.5654912615e+00\n  154    0 1.0000000000 -5.5190930183e+00 -5.5487561392e+00\n  155    0 1.0000000000 -5.5054792933e+00 -5.5321144036e+00\n  156    0 1.0000000000 -5.4916542293e+00 -5.5155828116e+00\n  157    0 1.0000000000 -5.4776195357e+00 -5.4991780091e+00\n  158    0 1.0000000000 -5.4633769421e+00 -5.4829165144e+00\n  159    0 1.0000000000 -5.4489281983e+00 -5.4668147013e+00\n  160    0 1.0000000000 -5.4342750734e+00 -5.4508887831e+00\n  161    0 1.0000000000 -5.4194193555e+00 -5.4351547958e+00\n  162    0 1.0000000000 -5.4043628513e+00 -5.4196285822e+00\n  163    0 1.0000000000 -5.3891073855e+00 -5.4043257758e+00\n  164    0 1.0000000000 -5.3736548003e+00 -5.3892617854e+00\n  165    0 1.0000000000 -5.3580069551e+00 -5.3744517790e+00\n  166    0 1.0000000000 -5.3421657259e+00 -5.3599106691e+00\n  167    0 1.0000000000 -5.3261330047e+00 -5.3456530974e+00\n  168    0 1.0000000000 -5.3099106995e+00 -5.3316934200e+00\n  169    0 1.0000000000 -5.2935007330e+00 -5.3180456931e+00\n  170    0 1.0000000000 -5.2769050431e+00 -5.3047236588e+00\n  171    0 1.0000000000 -5.2601255814e+00 -5.2917407313e+00\n  172    0 1.0000000000 -5.2431643135e+00 -5.2791099833e+00\n  173    0 1.0000000000 -5.2260232184e+00 -5.2668441330e+00\n  174    0 1.0000000000 -5.2087042874e+00 -5.2549555308e+00\n  175    0 1.0000000000 -5.1912095244e+00 -5.2434561478e+00\n  176    0 1.0000000000 -5.1735409449e+00 -5.2323575627e+00\n  177    0 1.0000000000 -5.1557005759e+00 -5.2216709510e+00\n  178    0 1.0000000000 -5.1376904550e+00 -5.2114070730e+00\n  179    0 1.0000000000 -5.1195126301e+00 -5.2015762638e+00\n  180    0 1.0000000000 -5.1011691592e+00 -5.1921884220e+00\n  181    0 1.0000000000 -5.0826621093e+00 -5.1832530005e+00\n  182    0 1.0000000000 -5.0639935566e+00 -5.1747789964e+00\n  183    0 1.0000000000 -5.0451655855e+00 -5.1667749424e+00\n  184    0 1.0000000000 -5.0261802884e+00 -5.1592488978e+00\n  185    0 1.0000000000 -5.0070397650e+00 -5.1522084408e+00\n  186    0 1.0000000000 -4.9877461222e+00 -5.1456606604e+00\n  187    0 1.0000000000 -4.9683014733e+00 -5.1396121498e+00\n  188    0 1.0000000000 -4.9487079375e+00 -5.1340689993e+00\n  189    0 1.0000000000 -4.9289676398e+00 -5.1290367904e+00\n  190    0 1.0000000000 -4.9090827102e+00 -5.1245205900e+00\n  191    0 1.0000000000 -4.8890552833e+00 -5.1205249457e+00\n  192    0 1.0000000000 -4.8688874982e+00 -5.1170538806e+00\n  193    0 1.0000000000 -4.8485814977e+00 -5.1141108898e+00\n  194    0 1.0000000000 -4.8281394281e+00 -5.1116989368e+00\n  195    0 1.0000000000 -4.8075634397e+00 -5.1098204501e+00\n  196    0 1.0000000000 -4.7868556884e+00 -5.1084773212e+00\n  197    0 1.0000000000 -4.7660183520e+00 -5.1076709025e+00\n  198    0 1.0000000000 -4.7460291817e+00 -5.1074020060e+00\n  199    0 1.0000000000 -4.7870372342e+00 -5.1079398148e+00\n  200    0 1.0000000000 -4.8289381593e+00 -5.1095528898e+00\n  201    0 1.0000000000 -4.8707492845e+00 -5.1122401764e+00\n  202    0 1.0000000000 -4.9124637660e+00 -5.1159999154e+00\n  203    0 1.0000000000 -4.9540747211e+00 -5.1208296410e+00\n  204    0 1.0000000000 -4.9955752042e+00 -5.1267261782e+00\n  205    0 1.0000000000 -5.0369582044e+00 -5.1336856390e+00\n  206    0 1.0000000000 -5.0782166462e+00 -5.1417034181e+00\n  207    0 1.0000000000 -5.1193433909e+00 -5.1507741878e+00\n  208    0 1.0000000000 -5.1603312383e+00 -5.1608918924e+00\n  209    0 1.0000000000 -5.2011729284e+00 -5.1720497419e+00\n  210    0 1.0000000000 -5.2418611438e+00 -5.1842402052e+00\n  211    0 1.0000000000 -5.2823885112e+00 -5.1974550026e+00\n  212    0 1.0000000000 -5.3227476038e+00 -5.2116850981e+00\n  213    0 1.0000000000 -5.3629309432e+00 -5.2269206915e+00\n  214    0 1.0000000000 -5.4029310022e+00 -5.2431512099e+00\n  215    0 1.0000000000 -5.4427402064e+00 -5.2603652990e+00\n  216    0 1.0000000000 -5.4823509373e+00 -5.2785508146e+00\n  217    0 1.0000000000 -5.5217555342e+00 -5.2976948141e+00\n  218    0 1.0000000000 -5.5609462970e+00 -5.3177835476e+00\n  219    0 1.0000000000 -5.5999154887e+00 -5.3388024496e+00\n  220    0 1.0000000000 -5.6386553382e+00 -5.3607361308e+00\n  221    0 1.0000000000 -5.6771580427e+00 -5.3835683707e+00\n  222    0 1.0000000000 -5.7154157708e+00 -5.4072821099e+00\n  223    0 1.0000000000 -5.7534206650e+00 -5.4318594435e+00\n  224    0 1.0000000000 -5.7911648451e+00 -5.4572816153e+00\n  225    0 1.0000000000 -5.8286404104e+00 -5.4835290120e+00\n  226    0 1.0000000000 -5.8658394434e+00 -5.5105811598e+00\n  227    0 1.0000000000 -5.9027540122e+00 -5.5384167200e+00\n  228    0 1.0000000000 -5.9393761743e+00 -5.5670134874e+00\n  229    0 1.0000000000 -5.9756979790e+00 -5.5963483891e+00\n  230    0 1.0000000000 -6.0117114710e+00 -5.6263974843e+00\n  231    0 1.0000000000 -6.0474086937e+00 -5.6571359665e+00\n  232    0 1.0000000000 -6.0827816920e+00 -5.6885381661e+00\n  233    0 1.0000000000 -6.1178225162e+00 -5.7205775550e+00\n  234    0 1.0000000000 -6.1525232250e+00 -5.7532267530e+00\n  235    0 1.0000000000 -6.1868758887e+00 -5.7864575355e+00\n  236    0 1.0000000000 -6.2208725934e+00 -5.8202408436e+00\n  237    0 1.0000000000 -6.2545054437e+00 -5.8545467949e+00\n  238    0 1.0000000000 -6.2877665665e+00 -5.8893446977e+00\n  239    0 1.0000000000 -6.3206481151e+00 -5.9246030661e+00\n  240    0 1.0000000000 -6.3531422719e+00 -5.9602896371e+00\n  241    0 1.0000000000 -6.3852412530e+00 -5.9963713907e+00\n  242    0 1.0000000000 -6.4169373114e+00 -6.0328145707e+00\n  243    0 1.0000000000 -6.4482227410e+00 -6.0695847088e+00\n  244    0 1.0000000000 -6.4790898805e+00 -6.1066466504e+00\n  245    0 1.0000000000 -6.5095311174e+00 -6.1439645818e+00\n  246    0 1.0000000000 -6.5395388916e+00 -6.1815020612e+00\n  247    0 1.0000000000 -6.5691056997e+00 -6.2192220498e+00\n  248    0 1.0000000000 -6.5982240991e+00 -6.2570869470e+00\n  249    0 1.0000000000 -6.6268867119e+00 -6.2950586260e+00\n  250    0 1.0000000000 -6.6550862291e+00 -6.3330984725e+00\n  251    0 1.0000000000 -6.6828154145e+00 -6.3711674250e+00\n  252    0 1.0000000000 -6.7100671092e+00 -6.4092260175e+00\n  253    0 1.0000000000 -6.7368342356e+00 -6.4472344234e+00\n  254    0 1.0000000000 -6.7631098012e+00 -6.4851525017e+00\n  255    0 1.0000000000 -6.7888869032e+00 -6.5229398454e+00\n  256    0 1.0000000000 -6.8141587323e+00 -6.5605558304e+00\n  257    0 1.0000000000 -6.8389185768e+00 -6.5979596677e+00\n  258    0 1.0000000000 -6.8631598266e+00 -6.6351104553e+00\n  259    0 1.0000000000 -6.8868759772e+00 -6.6719672329e+00\n  260    0 1.0000000000 -6.9100606339e+00 -6.7084890376e+00\n  261    0 1.0000000000 -6.9327075152e+00 -6.7446349601e+00\n  262    0 1.0000000000 -6.9548104568e+00 -6.7803642032e+00\n  263    0 1.0000000000 -6.9763634156e+00 -6.8156361401e+00\n  264    0 1.0000000000 -6.9973604730e+00 -6.8504103742e+00\n  265    0 1.0000000000 -7.0177958389e+00 -6.8846467994e+00\n  266    0 1.0000000000 -7.0376638551e+00 -6.9183056613e+00\n  267    0 1.0000000000 -7.0569589987e+00 -6.9513476178e+00\n  268    0 1.0000000000 -7.0756758855e+00 -6.9837338014e+00\n  269    0 1.0000000000 -7.0938092737e+00 -7.0154258804e+00\n  270    0 1.0000000000 -7.1113540666e+00 -7.0463861209e+00\n  271    0 1.0000000000 -7.1283053161e+00 -7.0765774476e+00\n  272    0 1.0000000000 -7.1446582259e+00 -7.1059635058e+00\n  273    0 1.0000000000 -7.1604081543e+00 -7.1345087212e+00\n  274    0 1.0000000000 -7.1755506168e+00 -7.1621783602e+00\n  275    0 1.0000000000 -7.1900812898e+00 -7.1889385890e+00\n  276    0 1.0000000000 -7.2039960124e+00 -7.2147565316e+00\n  277    0 1.0000000000 -7.2172907897e+00 -7.2396003267e+00\n  278    0 1.0000000000 -7.2299617947e+00 -7.2634391838e+00\n  279    0 1.0000000000 -7.2420053715e+00 -7.2862434368e+00\n  280    0 1.0000000000 -7.2534180371e+00 -7.3079845974e+00\n  281    0 1.0000000000 -7.2641964836e+00 -7.3286354055e+00\n  282    0 1.0000000000 -7.2743375806e+00 -7.3481698785e+00\n  283    0 1.0000000000 -7.2838383773e+00 -7.3665633584e+00\n  284    0 1.0000000000 -7.2926961038e+00 -7.3837925564e+00\n  285    0 1.0000000000 -7.3009081736e+00 -7.3998355959e+00\n  286    0 1.0000000000 -7.3084721849e+00 -7.4146720528e+00\n  287    0 1.0000000000 -7.3153859221e+00 -7.4282829929e+00\n  288    0 1.0000000000 -7.3216473576e+00 -7.4406510073e+00\n  289    0 1.0000000000 -7.3272546527e+00 -7.4517602447e+00\n  290    0 1.0000000000 -7.3322061591e+00 -7.4615964414e+00\n  291    0 1.0000000000 -7.3365004197e+00 -7.4701469474e+00\n  292    0 1.0000000000 -7.3401361700e+00 -7.4774007510e+00\n  293    0 1.0000000000 -7.3431123383e+00 -7.4833484988e+00\n  294    0 1.0000000000 -7.3454280472e+00 -7.4879825139e+00\n  295    0 1.0000000000 -7.3470826134e+00 -7.4912968103e+00\n  296    0 1.0000000000 -7.3480755485e+00 -7.4932871040e+00\n  297    0 1.0000000000 -7.3484065595e+00 -7.4939508213e+00\n