SINGLE-ORBITAL NN+NNN EFFECTIVE MODEL FIT

m=6
eon=0.0
t0=1.0
l_decay=0.5
dl=6.0
pairing=./m=6/pairing.txt
microscopic_orbitals=74

E_eff(k) = eps0 + 2*t1[cos(k.u1)+cos(k.u2)] + 4*t2*cos(k.u1)*cos(k.u2)

eps0     = -6.53827965779082e+00
t1       = -2.21226911976207e-01
t2       = -8.54359391105294e-03

RMSE=1.41429751200993e-01
MAE=1.14787109251759e-01
max_abs_error=3.07819766025054e-01
optimizer_success=True
optimizer_message=Linear least-squares solution
minimum_tracking_continuity=1.0000000000
mean_tracking_continuity=1.0000000000

# k_index idx continuity target fit\n    0    0 1.0000000000 -7.3486143067e+00 -7.4573616813e+00\n    1    0 1.0000000000 -7.3484978349e+00 -7.4571217192e+00\n    2    0 1.0000000000 -7.3481484319e+00 -7.4564020746e+00\n    3    0 1.0000000000 -7.3475661339e+00 -7.4552034719e+00\n    4    0 1.0000000000 -7.3467510017e+00 -7.4535271183e+00\n    5    0 1.0000000000 -7.3457031200e+00 -7.4513747015e+00\n    6    0 1.0000000000 -7.3444225980e+00 -7.4487483889e+00\n    7    0 1.0000000000 -7.3429095690e+00 -7.4456508249e+00\n    8    0 1.0000000000 -7.3411641904e+00 -7.4420851286e+00\n    9    0 1.0000000000 -7.3391866438e+00 -7.4380548903e+00\n   10    0 1.0000000000 -7.3369771347e+00 -7.4335641681e+00\n   11    0 1.0000000000 -7.3345358930e+00 -7.4286174838e+00\n   12    0 1.0000000000 -7.3318631722e+00 -7.4232198182e+00\n   13    0 1.0000000000 -7.3289592499e+00 -7.4173766064e+00\n   14    0 1.0000000000 -7.3258244275e+00 -7.4110937321e+00\n   15    0 1.0000000000 -7.3224590303e+00 -7.4043775214e+00\n   16    0 1.0000000000 -7.3188634072e+00 -7.3972347371e+00\n   17    0 1.0000000000 -7.3150379306e+00 -7.3896725713e+00\n   18    0 1.0000000000 -7.3109829967e+00 -7.3816986385e+00\n   19    0 1.0000000000 -7.3066990251e+00 -7.3733209678e+00\n   20    0 1.0000000000 -7.3021864585e+00 -7.3645479948e+00\n   21    0 1.0000000000 -7.2974457631e+00 -7.3553885531e+00\n   22    0 1.0000000000 -7.2924774281e+00 -7.3458518655e+00\n   23    0 1.0000000000 -7.2872819659e+00 -7.3359475346e+00\n   24    0 1.0000000000 -7.2818599116e+00 -7.3256855333e+00\n   25    0 1.0000000000 -7.2762118232e+00 -7.3150761945e+00\n   26    0 1.0000000000 -7.2703382814e+00 -7.3041302010e+00\n   27    0 1.0000000000 -7.2642398892e+00 -7.2928585744e+00\n   28    0 1.0000000000 -7.2579172722e+00 -7.2812726642e+00\n   29    0 1.0000000000 -7.2513710781e+00 -7.2693841366e+00\n   30    0 1.0000000000 -7.2446019768e+00 -7.2572049622e+00\n   31    0 1.0000000000 -7.2376106601e+00 -7.2447474045e+00\n   32    0 1.0000000000 -7.2303978415e+00 -7.2320240072e+00\n   33    0 1.0000000000 -7.2229642562e+00 -7.2190475815e+00\n   34    0 1.0000000000 -7.2153106609e+00 -7.2058311938e+00\n   35    0 1.0000000000 -7.2074378334e+00 -7.1923881518e+00\n   36    0 1.0000000000 -7.1993465726e+00 -7.1787319915e+00\n   37    0 1.0000000000 -7.1910376986e+00 -7.1648764634e+00\n   38    0 1.0000000000 -7.1825120520e+00 -7.1508355190e+00\n   39    0 1.0000000000 -7.1737704938e+00 -7.1366232962e+00\n   40    0 1.0000000000 -7.1648139058e+00 -7.1222541057e+00\n   41    0 1.0000000000 -7.1556431894e+00 -7.1077424158e+00\n   42    0 1.0000000000 -7.1462592665e+00 -7.0931028387e+00\n   43    0 1.0000000000 -7.1366630782e+00 -7.0783501152e+00\n   44    0 1.0000000000 -7.1268555856e+00 -7.0634991000e+00\n   45    0 1.0000000000 -7.1168377688e+00 -7.0485647469e+00\n   46    0 1.0000000000 -7.1066106272e+00 -7.0335620934e+00\n   47    0 1.0000000000 -7.0961751790e+00 -7.0185062460e+00\n   48    0 1.0000000000 -7.0855324609e+00 -7.0034123646e+00\n   49    0 1.0000000000 -7.0746835284e+00 -6.9882956475e+00\n   50    0 1.0000000000 -7.0636294549e+00 -6.9731713160e+00\n   51    0 1.0000000000 -7.0523713318e+00 -6.9580545989e+00\n   52    0 1.0000000000 -7.0409102683e+00 -6.9429607175e+00\n   53    0 1.0000000000 -7.0292473911e+00 -6.9279048701e+00\n   54    0 1.0000000000 -7.0173838440e+00 -6.9129022166e+00\n   55    0 1.0000000000 -7.0053207878e+00 -6.8979678635e+00\n   56    0 1.0000000000 -6.9930594003e+00 -6.8831168483e+00\n   57    0 1.0000000000 -6.9806008755e+00 -6.8683641248e+00\n   58    0 1.0000000000 -6.9679464237e+00 -6.8537245477e+00\n   59    0 1.0000000000 -6.9550972713e+00 -6.8392128578e+00\n   60    0 1.0000000000 -6.9420546602e+00 -6.8248436672e+00\n   61    0 1.0000000000 -6.9288198480e+00 -6.8106314445e+00\n   62    0 1.0000000000 -6.9153941072e+00 -6.7965905001e+00\n   63    0 1.0000000000 -6.9017787253e+00 -6.7827349720e+00\n   64    0 1.0000000000 -6.8879750047e+00 -6.7690788117e+00\n   65    0 1.0000000000 -6.8739842619e+00 -6.7556357697e+00\n   66    0 1.0000000000 -6.8598078274e+00 -6.7424193819e+00\n   67    0 1.0000000000 -6.8454470458e+00 -6.7294429563e+00\n   68    0 1.0000000000 -6.8309032751e+00 -6.7167195590e+00\n   69    0 1.0000000000 -6.8161778866e+00 -6.7042620013e+00\n   70    0 1.0000000000 -6.8012722644e+00 -6.6920828269e+00\n   71    0 1.0000000000 -6.7861878056e+00 -6.6801942993e+00\n   72    0 1.0000000000 -6.7709259195e+00 -6.6686083891e+00\n   73    0 1.0000000000 -6.7554880274e+00 -6.6573367625e+00\n   74    0 1.0000000000 -6.7398755628e+00 -6.6463907690e+00\n   75    0 1.0000000000 -6.7240899703e+00 -6.6357814302e+00\n   76    0 1.0000000000 -6.7081327062e+00 -6.6255194289e+00\n   77    0 1.0000000000 -6.6920052373e+00 -6.6156150980e+00\n   78    0 1.0000000000 -6.6757090415e+00 -6.6060784104e+00\n   79    0 1.0000000000 -6.6592456067e+00 -6.5969189687e+00\n   80    0 1.0000000000 -6.6426164311e+00 -6.5881459957e+00\n   81    0 1.0000000000 -6.6258230226e+00 -6.5797683250e+00\n   82    0 1.0000000000 -6.6088668986e+00 -6.5717943922e+00\n   83    0 1.0000000000 -6.5917495857e+00 -6.5642322264e+00\n   84    0 1.0000000000 -6.5744726193e+00 -6.5570894421e+00\n   85    0 1.0000000000 -6.5570375435e+00 -6.5503732314e+00\n   86    0 1.0000000000 -6.5394459107e+00 -6.5440903570e+00\n   87    0 1.0000000000 -6.5216992812e+00 -6.5382471453e+00\n   88    0 1.0000000000 -6.5037992231e+00 -6.5328494797e+00\n   89    0 1.0000000000 -6.4857473118e+00 -6.5279027954e+00\n   90    0 1.0000000000 -6.4675451299e+00 -6.5234120732e+00\n   91    0 1.0000000000 -6.4491942668e+00 -6.5193818349e+00\n   92    0 1.0000000000 -6.4306963184e+00 -6.5158161386e+00\n   93    0 1.0000000000 -6.4120528868e+00 -6.5127185746e+00\n   94    0 1.0000000000 -6.3932655801e+00 -6.5100922620e+00\n   95    0 1.0000000000 -6.3743360119e+00 -6.5079398452e+00\n   96    0 1.0000000000 -6.3552658015e+00 -6.5062634915e+00\n   97    0 1.0000000000 -6.3360565729e+00 -6.5050648889e+00\n   98    0 1.0000000000 -6.3167099562e+00 -6.5043452442e+00\n   99    0 1.0000000000 -6.2980505098e+00 -6.5041052821e+00\n  100    0 1.0000000000 -6.2979067563e+00 -6.5038997307e+00\n  101    0 1.0000000000 -6.2975662344e+00 -6.5032832835e+00\n  102    0 1.0000000000 -6.2970290601e+00 -6.5022565612e+00\n  103    0 1.0000000000 -6.2962953724e+00 -6.5008205976e+00\n  104    0 1.0000000000 -6.2953653312e+00 -6.4989768385e+00\n  105    0 1.0000000000 -6.2942391166e+00 -6.4967271406e+00\n  106    0 1.0000000000 -6.2929169266e+00 -6.4940737691e+00\n  107    0 1.0000000000 -6.2913989751e+00 -6.4910193956e+00\n  108    0 1.0000000000 -6.2896854891e+00 -6.4875670958e+00\n  109    0 1.0000000000 -6.2877767065e+00 -6.4837203456e+00\n  110    0 1.0000000000 -6.2856728731e+00 -6.4794830186e+00\n  111    0 1.0000000000 -6.2833742406e+00 -6.4748593814e+00\n  112    0 1.0000000000 -6.2808810640e+00 -6.4698540894e+00\n  113    0 1.0000000000 -6.2781936006e+00 -6.4644721828e+00\n  114    0 1.0000000000 -6.2753121093e+00 -6.4587190805e+00\n  115    0 1.0000000000 -6.2722368503e+00 -6.4526005754e+00\n  116    0 1.0000000000 -6.2689680866e+00 -6.4461228285e+00\n  117    0 1.0000000000 -6.2655060850e+00 -6.4392923621e+00\n  118    0 1.0000000000 -6.2618511182e+00 -6.4321160541e+00\n  119    0 1.0000000000 -6.2580034676e+00 -6.4246011303e+00\n  120    0 1.0000000000 -6.2539634254e+00 -6.4167551577e+00\n  121    0 1.0000000000 -6.2497312974e+00 -6.4085860365e+00\n  122    0 1.0000000000 -6.2453074048e+00 -6.4001019922e+00\n  123    0 1.0000000000 -6.2406920865e+00 -6.3913115676e+00\n  124    0 1.0000000000 -6.2358857008e+00 -6.3822236140e+00\n  125    0 1.0000000000 -6.2308886262e+00 -6.3728472821e+00\n  126    0 1.0000000000 -6.2257012626e+00 -6.3631920130e+00\n  127    0 1.0000000000 -6.2203240320e+00 -6.3532675289e+00\n  128    0 1.0000000000 -6.2147573784e+00 -6.3430838228e+00\n  129    0 1.0000000000 -6.2090017685e+00 -6.3326511489e+00\n  130    0 1.0000000000 -6.2030576910e+00 -6.3219800119e+00\n  131    0 1.0000000000 -6.1969256567e+00 -6.3110811569e+00\n  132    0 1.0000000000 -6.1906061985e+00 -6.2999655580e+00\n  133    0 1.0000000000 -6.1840998705e+00 -6.2886444077e+00\n  134    0 1.0000000000 -6.1774072481e+00 -6.2771291054e+00\n  135    0 1.0000000000 -6.1705289270e+00 -6.2654312462e+00\n  136    0 1.0000000000 -6.1634655235e+00 -6.2535626086e+00\n  137    0 1.0000000000 -6.1562176736e+00 -6.2415351435e+00\n  138    0 1.0000000000 -6.1487860326e+00 -6.2293609615e+00\n  139    0 1.0000000000 -6.1411712751e+00 -6.2170523209e+00\n  140    0 1.0000000000 -6.1333740940e+00 -6.2046216155e+00\n  141    0 1.0000000000 -6.1253952007e+00 -6.1920813620e+00\n  142    0 1.0000000000 -6.1172353243e+00 -6.1794441873e+00\n  143    0 1.0000000000 -6.1088952117e+00 -6.1667228160e+00\n  144    0 1.0000000000 -6.1003756267e+00 -6.1539300575e+00\n  145    0 1.0000000000 -6.0916773503e+00 -6.1410787929e+00\n  146    0 1.0000000000 -6.0828011800e+00 -6.1281819625e+00\n  147    0 1.0000000000 -6.0737479296e+00 -6.1152525522e+00\n  148    0 1.0000000000 -6.0645184288e+00 -6.1023035808e+00\n  149    0 1.0000000000 -6.0551135234e+00 -6.0893480869e+00\n  150    0 1.0000000000 -6.0455340744e+00 -6.0763991155e+00\n  151    0 1.0000000000 -6.0357809579e+00 -6.0634697052e+00\n  152    0 1.0000000000 -6.0258550654e+00 -6.0505728747e+00\n  153    0 1.0000000000 -6.0157573027e+00 -6.0377216102e+00\n  154    0 1.0000000000 -6.0054885903e+00 -6.0249288517e+00\n  155    0 1.0000000000 -5.9950498628e+00 -6.0122074804e+00\n  156    0 1.0000000000 -5.9844420689e+00 -5.9995703057e+00\n  157    0 1.0000000000 -5.9736661708e+00 -5.9870300522e+00\n  158    0 1.0000000000 -5.9627231445e+00 -5.9745993468e+00\n  159    0 1.0000000000 -5.9516139791e+00 -5.9622907062e+00\n  160    0 1.0000000000 -5.9403396768e+00 -5.9501165242e+00\n  161    0 1.0000000000 -5.9289012526e+00 -5.9380890591e+00\n  162    0 1.0000000000 -5.9172997340e+00 -5.9262204215e+00\n  163    0 1.0000000000 -5.9055361610e+00 -5.9145225622e+00\n  164    0 1.0000000000 -5.8936115857e+00 -5.9030072600e+00\n  165    0 1.0000000000 -5.8815270719e+00 -5.8916861097e+00\n  166    0 1.0000000000 -5.8692836953e+00 -5.8805705108e+00\n  167    0 1.0000000000 -5.8568825430e+00 -5.8696716558e+00\n  168    0 1.0000000000 -5.8443247132e+00 -5.8590005188e+00\n  169    0 1.0000000000 -5.8316113152e+00 -5.8485678449e+00\n  170    0 1.0000000000 -5.8187434690e+00 -5.8383841388e+00\n  171    0 1.0000000000 -5.8057223052e+00 -5.8284596547e+00\n  172    0 1.0000000000 -5.7925489646e+00 -5.8188043856e+00\n  173    0 1.0000000000 -5.7792245983e+00 -5.8094280537e+00\n  174    0 1.0000000000 -5.7657503670e+00 -5.8003401000e+00\n  175    0 1.0000000000 -5.7521274412e+00 -5.7915496755e+00\n  176    0 1.0000000000 -5.7383570008e+00 -5.7830656312e+00\n  177    0 1.0000000000 -5.7244402349e+00 -5.7748965100e+00\n  178    0 1.0000000000 -5.7103783416e+00 -5.7670505374e+00\n  179    0 1.0000000000 -5.6961725277e+00 -5.7595356136e+00\n  180    0 1.0000000000 -5.6818240086e+00 -5.7523593056e+00\n  181    0 1.0000000000 -5.6673340080e+00 -5.7455288392e+00\n  182    0 1.0000000000 -5.6527037578e+00 -5.7390510923e+00\n  183    0 1.0000000000 -5.6379344979e+00 -5.7329325872e+00\n  184    0 1.0000000000 -5.6230274761e+00 -5.7271794849e+00\n  185    0 1.0000000000 -5.6079839477e+00 -5.7217975782e+00\n  186    0 1.0000000000 -5.5928051761e+00 -5.7167922863e+00\n  187    0 1.0000000000 -5.5774924321e+00 -5.7121686490e+00\n  188    0 1.0000000000 -5.5620469949e+00 -5.7079313220e+00\n  189    0 1.0000000000 -5.5464701527e+00 -5.7040845719e+00\n  190    0 1.0000000000 -5.5307632047e+00 -5.7006322720e+00\n  191    0 1.0000000000 -5.5149274659e+00 -5.6975778986e+00\n  192    0 1.0000000000 -5.4989642784e+00 -5.6949245270e+00\n  193    0 1.0000000000 -5.4828750465e+00 -5.6926748291e+00\n  194    0 1.0000000000 -5.4666613598e+00 -5.6908310701e+00\n  195    0 1.0000000000 -5.4503255333e+00 -5.6893951065e+00\n  196    0 1.0000000000 -5.4338720238e+00 -5.6883683841e+00\n  197    0 1.0000000000 -5.4173035468e+00 -5.6877519369e+00\n  198    0 1.0000000000 -5.4057626239e+00 -5.6875463855e+00\n  199    0 1.0000000000 -5.4340525104e+00 -5.6879574970e+00\n  200    0 1.0000000000 -5.4673496551e+00 -5.6891905213e+00\n  201    0 1.0000000000 -5.5005032254e+00 -5.6912445281e+00\n  202    0 1.0000000000 -5.5335086981e+00 -5.6941179666e+00\n  203    0 1.0000000000 -5.5663615321e+00 -5.6978086648e+00\n  204    0 1.0000000000 -5.5990571684e+00 -5.7023138289e+00\n  205    0 1.0000000000 -5.6315910309e+00 -5.7076300426e+00\n  206    0 1.0000000000 -5.6639585278e+00 -5.7137532654e+00\n  207    0 1.0000000000 -5.6961550525e+00 -5.7206788323e+00\n  208    0 1.0000000000 -5.7281759847e+00 -5.7284014516e+00\n  209    0 1.0000000000 -5.7600166916e+00 -5.7369152041e+00\n  210    0 1.0000000000 -5.7916725292e+00 -5.7462135411e+00\n  211    0 1.0000000000 -5.8231388430e+00 -5.7562892831e+00\n  212    0 1.0000000000 -5.8544109699e+00 -5.7671346182e+00\n  213    0 1.0000000000 -5.8854842390e+00 -5.7787411007e+00\n  214    0 1.0000000000 -5.9163539728e+00 -5.7910996493e+00\n  215    0 1.0000000000 -5.9470154887e+00 -5.8042005460e+00\n  216    0 1.0000000000 -5.9774641001e+00 -5.8180334349e+00\n  217    0 1.0000000000 -6.0076951180e+00 -5.8325873212e+00\n  218    0 1.0000000000 -6.0377038518e+00 -5.8478505703e+00\n  219    0 1.0000000000 -6.0674856112e+00 -5.8638109076e+00\n  220    0 1.0000000000 -6.0970357074e+00 -5.8804554183e+00\n  221    0 1.0000000000 -6.1263494544e+00 -5.8977705475e+00\n  222    0 1.0000000000 -6.1554221703e+00 -5.9157421014e+00\n  223    0 1.0000000000 -6.1842491793e+00 -5.9343552480e+00\n  224    0 1.0000000000 -6.2128258127e+00 -5.9535945193e+00\n  225    0 1.0000000000 -6.2411474104e+00 -5.9734438135e+00\n  226    0 1.0000000000 -6.2692093229e+00 -5.9938863981e+00\n  227    0 1.0000000000 -6.2970069121e+00 -6.0149049137e+00\n  228    0 1.0000000000 -6.3245355537e+00 -6.0364813784e+00\n  229    0 1.0000000000 -6.3517906382e+00 -6.0585971930e+00\n  230    0 1.0000000000 -6.3787675728e+00 -6.0812331475e+00\n  231    0 1.0000000000 -6.4054617829e+00 -6.1043694277e+00\n  232    0 1.0000000000 -6.4318687141e+00 -6.1279856235e+00\n  233    0 1.0000000000 -6.4579838333e+00 -6.1520607375e+00\n  234    0 1.0000000000 -6.4838026309e+00 -6.1765731952e+00\n  235    0 1.0000000000 -6.5093206220e+00 -6.2015008560e+00\n  236    0 1.0000000000 -6.5345333488e+00 -6.2268210251e+00\n  237    0 1.0000000000 -6.5594363817e+00 -6.2525104666e+00\n  238    0 1.0000000000 -6.5840253212e+00 -6.2785454182e+00\n  239    0 1.0000000000 -6.6082957997e+00 -6.3049016062e+00\n  240    0 1.0000000000 -6.6322434830e+00 -6.3315542623e+00\n  241    0 1.0000000000 -6.6558640725e+00 -6.3584781414e+00\n  242    0 1.0000000000 -6.6791533063e+00 -6.3856475408e+00\n  243    0 1.0000000000 -6.7021069612e+00 -6.4130363202e+00\n  244    0 1.0000000000 -6.7247208544e+00 -6.4406179229e+00\n  245    0 1.0000000000 -6.7469908453e+00 -6.4683653989e+00\n  246    0 1.0000000000 -6.7689128368e+00 -6.4962514287e+00\n  247    0 1.0000000000 -6.7904827773e+00 -6.5242483477e+00\n  248    0 1.0000000000 -6.8116966624e+00 -6.5523281732e+00\n  249    0 1.0000000000 -6.8325505360e+00 -6.5804626311e+00\n  250    0 1.0000000000 -6.8530404927e+00 -6.6086231848e+00\n  251    0 1.0000000000 -6.8731626789e+00 -6.6367810644e+00\n  252    0 1.0000000000 -6.8929132944e+00 -6.6649072978e+00\n  253    0 1.0000000000 -6.9122885942e+00 -6.6929727418e+00\n  254    0 1.0000000000 -6.9312848900e+00 -6.7209481152e+00\n  255    0 1.0000000000 -6.9498985515e+00 -6.7488040325e+00\n  256    0 1.0000000000 -6.9681260084e+00 -6.7765110376e+00\n  257    0 1.0000000000 -6.9859637515e+00 -6.8040396401e+00\n  258    0 1.0000000000 -7.0034083341e+00 -6.8313603509e+00\n  259    0 1.0000000000 -7.0204563741e+00 -6.8584437189e+00\n  260    0 1.0000000000 -7.0371045547e+00 -6.8852603689e+00\n  261    0 1.0000000000 -7.0533496262e+00 -6.9117810393e+00\n  262    0 1.0000000000 -7.0691884074e+00 -6.9379766208e+00\n  263    0 1.0000000000 -7.0846177870e+00 -6.9638181954e+00\n  264    0 1.0000000000 -7.0996347247e+00 -6.9892770757e+00\n  265    0 1.0000000000 -7.1142362527e+00 -7.0143248445e+00\n  266    0 1.0000000000 -7.1284194772e+00 -7.0389333947e+00\n  267    0 1.0000000000 -7.1421815791e+00 -7.0630749694e+00\n  268    0 1.0000000000 -7.1555198158e+00 -7.0867222013e+00\n  269    0 1.0000000000 -7.1684315224e+00 -7.1098481531e+00\n  270    0 1.0000000000 -7.1809141123e+00 -7.1324263570e+00\n  271    0 1.0000000000 -7.1929650791e+00 -7.1544308542e+00\n  272    0 1.0000000000 -7.2045819970e+00 -7.1758362339e+00\n  273    0 1.0000000000 -7.2157625227e+00 -7.1966176721e+00\n  274    0 1.0000000000 -7.2265043956e+00 -7.2167509700e+00\n  275    0 1.0000000000 -7.2368054396e+00 -7.2362125910e+00\n  276    0 1.0000000000 -7.2466635633e+00 -7.2549796980e+00\n  277    0 1.0000000000 -7.2560767618e+00 -7.2730301894e+00\n  278    0 1.0000000000 -7.2650431168e+00 -7.2903427338e+00\n  279    0 1.0000000000 -7.2735607982e+00 -7.3068968050e+00\n  280    0 1.0000000000 -7.2816280644e+00 -7.3226727143e+00\n  281    0 1.0000000000 -7.2892432632e+00 -7.3376516431e+00\n  282    0 1.0000000000 -7.2964048330e+00 -7.3518156732e+00\n  283    0 1.0000000000 -7.3031113028e+00 -7.3651478167e+00\n  284    0 1.0000000000 -7.3093612935e+00 -7.3776320437e+00\n  285    0 1.0000000000 -7.3151535183e+00 -7.3892533091e+00\n  286    0 1.0000000000 -7.3204867831e+00 -7.3999975777e+00\n  287    0 1.0000000000 -7.3253599875e+00 -7.4098518479e+00\n  288    0 1.0000000000 -7.3297721248e+00 -7.4188041732e+00\n  289    0 1.0000000000 -7.3337222831e+00 -7.4268436827e+00\n  290    0 1.0000000000 -7.3372096449e+00 -7.4339605994e+00\n  291    0 1.0000000000 -7.3402334884e+00 -7.4401462568e+00\n  292    0 1.0000000000 -7.3427931870e+00 -7.4453931137e+00\n  293    0 1.0000000000 -7.3448882103e+00 -7.4496947671e+00\n  294    0 1.0000000000 -7.3465181237e+00 -7.4530459633e+00\n  295    0 1.0000000000 -7.3476825892e+00 -7.4554426063e+00\n  296    0 1.0000000000 -7.3483813652e+00 -7.4568817658e+00\n  297    0 1.0000000000 -7.3486143067e+00 -7.4573616813e+00\n