SINGLE-ORBITAL NN+NNN EFFECTIVE MODEL FIT

m=7
eon=0.0
t0=1.0
l_decay=0.5
dl=6.0
pairing=./m=7/pairing.txt
microscopic_orbitals=100

E_eff(k) = eps0 + 2*t1[cos(k.u1)+cos(k.u2)] + 4*t2*cos(k.u1)*cos(k.u2)

eps0     = -6.73504105387451e+00
t1       = -1.69220837472244e-01
t2       = -5.05910970483756e-03

RMSE=1.10307269572080e-01
MAE=8.90650250366125e-02
max_abs_error=2.40856732860942e-01
optimizer_success=True
optimizer_message=Linear least-squares solution
minimum_tracking_continuity=1.0000000000
mean_tracking_continuity=1.0000000000

# k_index idx continuity target fit\n    0    0 1.0000000000 -7.3486406043e+00 -7.4321608426e+00\n    1    0 1.0000000000 -7.3485544420e+00 -7.4319802634e+00\n    2    0 1.0000000000 -7.3482959618e+00 -7.4314387075e+00\n    3    0 1.0000000000 -7.3478651835e+00 -7.4305367203e+00\n    4    0 1.0000000000 -7.3472621405e+00 -7.4292752100e+00\n    5    0 1.0000000000 -7.3464868791e+00 -7.4276554469e+00\n    6    0 1.0000000000 -7.3455394591e+00 -7.4256790618e+00\n    7    0 1.0000000000 -7.3444199534e+00 -7.4233480449e+00\n    8    0 1.0000000000 -7.3431284483e+00 -7.4206647433e+00\n    9    0 1.0000000000 -7.3416650433e+00 -7.4176318588e+00\n   10    0 1.0000000000 -7.3400298510e+00 -7.4142524453e+00\n   11    0 1.0000000000 -7.3382229972e+00 -7.4105299056e+00\n   12    0 1.0000000000 -7.3362446210e+00 -7.4064679879e+00\n   13    0 1.0000000000 -7.3340948744e+00 -7.4020707823e+00\n   14    0 1.0000000000 -7.3317739228e+00 -7.3973427164e+00\n   15    0 1.0000000000 -7.3292819445e+00 -7.3922885510e+00\n   16    0 1.0000000000 -7.3266191309e+00 -7.3869133751e+00\n   17    0 1.0000000000 -7.3237856864e+00 -7.3812226011e+00\n   18    0 1.0000000000 -7.3207818285e+00 -7.3752219592e+00\n   19    0 1.0000000000 -7.3176077874e+00 -7.3689174914e+00\n   20    0 1.0000000000 -7.3142638065e+00 -7.3623155459e+00\n   21    0 1.0000000000 -7.3107501418e+00 -7.3554227702e+00\n   22    0 1.0000000000 -7.3070670624e+00 -7.3482461047e+00\n   23    0 1.0000000000 -7.3032148499e+00 -7.3407927759e+00\n   24    0 1.0000000000 -7.2991937987e+00 -7.3330702885e+00\n   25    0 1.0000000000 -7.2950042160e+00 -7.3250864184e+00\n   26    0 1.0000000000 -7.2906464215e+00 -7.3168492047e+00\n   27    0 1.0000000000 -7.2861207475e+00 -7.3083669416e+00\n   28    0 1.0000000000 -7.2814275389e+00 -7.2996481701e+00\n   29    0 1.0000000000 -7.2765671527e+00 -7.2907016691e+00\n   30    0 1.0000000000 -7.2715399588e+00 -7.2815364470e+00\n   31    0 1.0000000000 -7.2663463390e+00 -7.2721617325e+00\n   32    0 1.0000000000 -7.2609866875e+00 -7.2625869651e+00\n   33    0 1.0000000000 -7.2554614108e+00 -7.2528217857e+00\n   34    0 1.0000000000 -7.2497709274e+00 -7.2428760271e+00\n   35    0 1.0000000000 -7.2439156678e+00 -7.2327597038e+00\n   36    0 1.0000000000 -7.2378960745e+00 -7.2224830021e+00\n   37    0 1.0000000000 -7.2317126021e+00 -7.2120562698e+00\n   38    0 1.0000000000 -7.2253657166e+00 -7.2014900056e+00\n   39    0 1.0000000000 -7.2188558962e+00 -7.1907948490e+00\n   40    0 1.0000000000 -7.2121836305e+00 -7.1799815690e+00\n   41    0 1.0000000000 -7.2053494207e+00 -7.1690610537e+00\n   42    0 1.0000000000 -7.1983537795e+00 -7.1580442991e+00\n   43    0 1.0000000000 -7.1911972311e+00 -7.1469423982e+00\n   44    0 1.0000000000 -7.1838803108e+00 -7.1357665296e+00\n   45    0 1.0000000000 -7.1764035654e+00 -7.1245279466e+00\n   46    0 1.0000000000 -7.1687675526e+00 -7.1132379653e+00\n   47    0 1.0000000000 -7.1609728412e+00 -7.1019079539e+00\n   48    0 1.0000000000 -7.1530200111e+00 -7.0905493206e+00\n   49    0 1.0000000000 -7.1449096528e+00 -7.0791735028e+00\n   50    0 1.0000000000 -7.1366423678e+00 -7.0677919548e+00\n   51    0 1.0000000000 -7.1282187680e+00 -7.0564161370e+00\n   52    0 1.0000000000 -7.1196394761e+00 -7.0450575038e+00\n   53    0 1.0000000000 -7.1109051250e+00 -7.0337274923e+00\n   54    0 1.0000000000 -7.1020163581e+00 -7.0224375111e+00\n   55    0 1.0000000000 -7.0929738290e+00 -7.0111989280e+00\n   56    0 1.0000000000 -7.0837782014e+00 -7.0000230594e+00\n   57    0 1.0000000000 -7.0744301491e+00 -6.9889211585e+00\n   58    0 1.0000000000 -7.0649303556e+00 -6.9779044040e+00\n   59    0 1.0000000000 -7.0552795145e+00 -6.9669838887e+00\n   60    0 1.0000000000 -7.0454783288e+00 -6.9561706087e+00\n   61    0 1.0000000000 -7.0355275112e+00 -6.9454754520e+00\n   62    0 1.0000000000 -7.0254277840e+00 -6.9349091879e+00\n   63    0 1.0000000000 -7.0151798786e+00 -6.9244824555e+00\n   64    0 1.0000000000 -7.0047845356e+00 -6.9142057538e+00\n   65    0 1.0000000000 -6.9942425050e+00 -6.9040894305e+00\n   66    0 1.0000000000 -6.9835545454e+00 -6.8941436719e+00\n   67    0 1.0000000000 -6.9727214246e+00 -6.8843784926e+00\n   68    0 1.0000000000 -6.9617439190e+00 -6.8748037251e+00\n   69    0 1.0000000000 -6.9506228136e+00 -6.8654290106e+00\n   70    0 1.0000000000 -6.9393589018e+00 -6.8562637886e+00\n   71    0 1.0000000000 -6.9279529857e+00 -6.8473172876e+00\n   72    0 1.0000000000 -6.9164058752e+00 -6.8385985160e+00\n   73    0 1.0000000000 -6.9047183886e+00 -6.8301162529e+00\n   74    0 1.0000000000 -6.8928913522e+00 -6.8218790392e+00\n   75    0 1.0000000000 -6.8809256000e+00 -6.8138951692e+00\n   76    0 1.0000000000 -6.8688219739e+00 -6.8061726818e+00\n   77    0 1.0000000000 -6.8565813234e+00 -6.7987193529e+00\n   78    0 1.0000000000 -6.8442045052e+00 -6.7915426875e+00\n   79    0 1.0000000000 -6.8316923837e+00 -6.7846499118e+00\n   80    0 1.0000000000 -6.8190458303e+00 -6.7780479662e+00\n   81    0 1.0000000000 -6.8062657236e+00 -6.7717434985e+00\n   82    0 1.0000000000 -6.7933529490e+00 -6.7657428565e+00\n   83    0 1.0000000000 -6.7803083988e+00 -6.7600520825e+00\n   84    0 1.0000000000 -6.7671329721e+00 -6.7546769066e+00\n   85    0 1.0000000000 -6.7538275744e+00 -6.7496227412e+00\n   86    0 1.0000000000 -6.7403931175e+00 -6.7448946753e+00\n   87    0 1.0000000000 -6.7268305198e+00 -6.7404974697e+00\n   88    0 1.0000000000 -6.7131407055e+00 -6.7364355521e+00\n   89    0 1.0000000000 -6.6993246050e+00 -6.7327130124e+00\n   90    0 1.0000000000 -6.6853831547e+00 -6.7293335989e+00\n   91    0 1.0000000000 -6.6713172964e+00 -6.7263007144e+00\n   92    0 1.0000000000 -6.6571279778e+00 -6.7236174127e+00\n   93    0 1.0000000000 -6.6428161518e+00 -6.7212863958e+00\n   94    0 1.0000000000 -6.6283827769e+00 -6.7193100108e+00\n   95    0 1.0000000000 -6.6138288166e+00 -6.7176902476e+00\n   96    0 1.0000000000 -6.5991552395e+00 -6.7164287373e+00\n   97    0 1.0000000000 -6.5843630192e+00 -6.7155267501e+00\n   98    0 1.0000000000 -6.5694531340e+00 -6.7149851943e+00\n   99    0 1.0000000000 -6.5544281724e+00 -6.7148046151e+00\n  100    0 1.0000000000 -6.5543519190e+00 -6.7146444122e+00\n  101    0 1.0000000000 -6.5541231646e+00 -6.7141639650e+00\n  102    0 1.0000000000 -6.5537419259e+00 -6.7133637571e+00\n  103    0 1.0000000000 -6.5532082309e+00 -6.7122445944e+00\n  104    0 1.0000000000 -6.5525221189e+00 -6.7108076037e+00\n  105    0 1.0000000000 -6.5516836403e+00 -6.7090542319e+00\n  106    0 1.0000000000 -6.5506928566e+00 -6.7069862446e+00\n  107    0 1.0000000000 -6.5495498407e+00 -6.7046057240e+00\n  108    0 1.0000000000 -6.5482546764e+00 -6.7019150672e+00\n  109    0 1.0000000000 -6.5468074589e+00 -6.6989169833e+00\n  110    0 1.0000000000 -6.5452082944e+00 -6.6956144912e+00\n  111    0 1.0000000000 -6.5434573001e+00 -6.6920109163e+00\n  112    0 1.0000000000 -6.5415546046e+00 -6.6881098869e+00\n  113    0 1.0000000000 -6.5395003473e+00 -6.6839153312e+00\n  114    0 1.0000000000 -6.5372946788e+00 -6.6794314727e+00\n  115    0 1.0000000000 -6.5349377607e+00 -6.6746628263e+00\n  116    0 1.0000000000 -6.5324297655e+00 -6.6696141935e+00\n  117    0 1.0000000000 -6.5297708768e+00 -6.6642906580e+00\n  118    0 1.0000000000 -6.5269612891e+00 -6.6586975800e+00\n  119    0 1.0000000000 -6.5240012078e+00 -6.6528405914e+00\n  120    0 1.0000000000 -6.5208908492e+00 -6.6467255895e+00\n  121    0 1.0000000000 -6.5176304404e+00 -6.6403587318e+00\n  122    0 1.0000000000 -6.5142202193e+00 -6.6337464291e+00\n  123    0 1.0000000000 -6.5106604346e+00 -6.6268953394e+00\n  124    0 1.0000000000 -6.5069513457e+00 -6.6198123612e+00\n  125    0 1.0000000000 -6.5030932227e+00 -6.6125046264e+00\n  126    0 1.0000000000 -6.4990863464e+00 -6.6049794934e+00\n  127    0 1.0000000000 -6.4949310080e+00 -6.5972445392e+00\n  128    0 1.0000000000 -6.4906275093e+00 -6.5893075524e+00\n  129    0 1.0000000000 -6.4861761628e+00 -6.5811765248e+00\n  130    0 1.0000000000 -6.4815772913e+00 -6.5728596436e+00\n  131    0 1.0000000000 -6.4768312278e+00 -6.5643652833e+00\n  132    0 1.0000000000 -6.4719383160e+00 -6.5557019970e+00\n  133    0 1.0000000000 -6.4668989096e+00 -6.5468785078e+00\n  134    0 1.0000000000 -6.4617133726e+00 -6.5379037002e+00\n  135    0 1.0000000000 -6.4563820793e+00 -6.5287866112e+00\n  136    0 1.0000000000 -6.4509054139e+00 -6.5195364209e+00\n  137    0 1.0000000000 -6.4452837707e+00 -6.5101624433e+00\n  138    0 1.0000000000 -6.4395175541e+00 -6.5006741174e+00\n  139    0 1.0000000000 -6.4336071782e+00 -6.4910809971e+00\n  140    0 1.0000000000 -6.4275530672e+00 -6.4813927417e+00\n  141    0 1.0000000000 -6.4213556549e+00 -6.4716191067e+00\n  142    0 1.0000000000 -6.4150153848e+00 -6.4617699331e+00\n  143    0 1.0000000000 -6.4085327101e+00 -6.4518551383e+00\n  144    0 1.0000000000 -6.4019080937e+00 -6.4418847056e+00\n  145    0 1.0000000000 -6.3951420078e+00 -6.4318686745e+00\n  146    0 1.0000000000 -6.3882349340e+00 -6.4218171302e+00\n  147    0 1.0000000000 -6.3811873634e+00 -6.4117401937e+00\n  148    0 1.0000000000 -6.3739997963e+00 -6.4016480117e+00\n  149    0 1.0000000000 -6.3666727421e+00 -6.3915507462e+00\n  150    0 1.0000000000 -6.3592067195e+00 -6.3814585642e+00\n  151    0 1.0000000000 -6.3516022562e+00 -6.3713816277e+00\n  152    0 1.0000000000 -6.3438598886e+00 -6.3613300834e+00\n  153    0 1.0000000000 -6.3359801622e+00 -6.3513140522e+00\n  154    0 1.0000000000 -6.3279636312e+00 -6.3413436196e+00\n  155    0 1.0000000000 -6.3198108586e+00 -6.3314288248e+00\n  156    0 1.0000000000 -6.3115224158e+00 -6.3215796512e+00\n  157    0 1.0000000000 -6.3030988830e+00 -6.3118060161e+00\n  158    0 1.0000000000 -6.2945408486e+00 -6.3021177608e+00\n  159    0 1.0000000000 -6.2858489093e+00 -6.2925246404e+00\n  160    0 1.0000000000 -6.2770236704e+00 -6.2830363145e+00\n  161    0 1.0000000000 -6.2680657450e+00 -6.2736623370e+00\n  162    0 1.0000000000 -6.2589757544e+00 -6.2644121466e+00\n  163    0 1.0000000000 -6.2497543280e+00 -6.2552950576e+00\n  164    0 1.0000000000 -6.2404021029e+00 -6.2463202501e+00\n  165    0 1.0000000000 -6.2309197240e+00 -6.2374967609e+00\n  166    0 1.0000000000 -6.2213078441e+00 -6.2288334745e+00\n  167    0 1.0000000000 -6.2115671235e+00 -6.2203391142e+00\n  168    0 1.0000000000 -6.2016982297e+00 -6.2120222331e+00\n  169    0 1.0000000000 -6.1917018382e+00 -6.2038912054e+00\n  170    0 1.0000000000 -6.1815786313e+00 -6.1959542186e+00\n  171    0 1.0000000000 -6.1713292987e+00 -6.1882192645e+00\n  172    0 1.0000000000 -6.1609545372e+00 -6.1806941314e+00\n  173    0 1.0000000000 -6.1504550507e+00 -6.1733863967e+00\n  174    0 1.0000000000 -6.1398315498e+00 -6.1663034184e+00\n  175    0 1.0000000000 -6.1290847522e+00 -6.1594523287e+00\n  176    0 1.0000000000 -6.1182153821e+00 -6.1528400260e+00\n  177    0 1.0000000000 -6.1072241704e+00 -6.1464731683e+00\n  178    0 1.0000000000 -6.0961118544e+00 -6.1403581665e+00\n  179    0 1.0000000000 -6.0848791779e+00 -6.1345011778e+00\n  180    0 1.0000000000 -6.0735268911e+00 -6.1289080999e+00\n  181    0 1.0000000000 -6.0620557502e+00 -6.1235845643e+00\n  182    0 1.0000000000 -6.0504665177e+00 -6.1185359316e+00\n  183    0 1.0000000000 -6.0387599620e+00 -6.1137672851e+00\n  184    0 1.0000000000 -6.0269368574e+00 -6.1092834266e+00\n  185    0 1.0000000000 -6.0149979841e+00 -6.1050888709e+00\n  186    0 1.0000000000 -6.0029441277e+00 -6.1011878416e+00\n  187    0 1.0000000000 -5.9907760799e+00 -6.0975842666e+00\n  188    0 1.0000000000 -5.9784946374e+00 -6.0942817746e+00\n  189    0 1.0000000000 -5.9661006025e+00 -6.0912836907e+00\n  190    0 1.0000000000 -5.9535947829e+00 -6.0885930338e+00\n  191    0 1.0000000000 -5.9409779913e+00 -6.0862125133e+00\n  192    0 1.0000000000 -5.9282510456e+00 -6.0841445260e+00\n  193    0 1.0000000000 -5.9154147685e+00 -6.0823911542e+00\n  194    0 1.0000000000 -5.9024699879e+00 -6.0809541635e+00\n  195    0 1.0000000000 -5.8894175362e+00 -6.0798350008e+00\n  196    0 1.0000000000 -5.8762582506e+00 -6.0790347929e+00\n  197    0 1.0000000000 -5.8629929729e+00 -6.0785543457e+00\n  198    0 1.0000000000 -5.8496242265e+00 -6.0783941428e+00\n  199    0 1.0000000000 -5.8763927654e+00 -6.0787145536e+00\n  200    0 1.0000000000 -5.9030145241e+00 -6.0796755250e+00\n  201    0 1.0000000000 -5.9294835409e+00 -6.0812762736e+00\n  202    0 1.0000000000 -5.9557968308e+00 -6.0835154940e+00\n  203    0 1.0000000000 -5.9819514077e+00 -6.0863913585e+00\n  204    0 1.0000000000 -6.0079442843e+00 -6.0899015178e+00\n  205    0 1.0000000000 -6.0337724733e+00 -6.0940431004e+00\n  206    0 1.0000000000 -6.0594329880e+00 -6.0988127135e+00\n  207    0 1.0000000000 -6.0849228427e+00 -6.1042064429e+00\n  208    0 1.0000000000 -6.1102390534e+00 -6.1102198536e+00\n  209    0 1.0000000000 -6.1353786390e+00 -6.1168479900e+00\n  210    0 1.0000000000 -6.1603386212e+00 -6.1240853766e+00\n  211    0 1.0000000000 -6.1851160260e+00 -6.1319260189e+00\n  212    0 1.0000000000 -6.2097078837e+00 -6.1403634036e+00\n  213    0 1.0000000000 -6.2341112302e+00 -6.1493905004e+00\n  214    0 1.0000000000 -6.2583231072e+00 -6.1589997626e+00\n  215    0 1.0000000000 -6.2823405634e+00 -6.1691831287e+00\n  216    0 1.0000000000 -6.3061606548e+00 -6.1799320241e+00\n  217    0 1.0000000000 -6.3297804460e+00 -6.1912373627e+00\n  218    0 1.0000000000 -6.3531970101e+00 -6.2030895493e+00\n  219    0 1.0000000000 -6.3764074302e+00 -6.2154784820e+00\n  220    0 1.0000000000 -6.3994088000e+00 -6.2283935548e+00\n  221    0 1.0000000000 -6.4221982240e+00 -6.2418236613e+00\n  222    0 1.0000000000 -6.4447728191e+00 -6.2557571974e+00\n  223    0 1.0000000000 -6.4671297147e+00 -6.2701820661e+00\n  224    0 1.0000000000 -6.4892660538e+00 -6.2850856814e+00\n  225    0 1.0000000000 -6.5111789936e+00 -6.3004549732e+00\n  226    0 1.0000000000 -6.5328657063e+00 -6.3162763929e+00\n  227    0 1.0000000000 -6.5543233799e+00 -6.3325359190e+00\n  228    0 1.0000000000 -6.5755492190e+00 -6.3492190638e+00\n  229    0 1.0000000000 -6.5965404456e+00 -6.3663108801e+00\n  230    0 1.0000000000 -6.6172942996e+00 -6.3837959692e+00\n  231    0 1.0000000000 -6.6378080400e+00 -6.4016584886e+00\n  232    0 1.0000000000 -6.6580789453e+00 -6.4198821614e+00\n  233    0 1.0000000000 -6.6781043143e+00 -6.4384502853e+00\n  234    0 1.0000000000 -6.6978814673e+00 -6.4573457431e+00\n  235    0 1.0000000000 -6.7174077464e+00 -6.4765510136e+00\n  236    0 1.0000000000 -6.7366805164e+00 -6.4960481829e+00\n  237    0 1.0000000000 -6.7556971655e+00 -6.5158189570e+00\n  238    0 1.0000000000 -6.7744551065e+00 -6.5358446746e+00\n  239    0 1.0000000000 -6.7929517768e+00 -6.5561063212e+00\n  240    0 1.0000000000 -6.8111846399e+00 -6.5765845432e+00\n  241    0 1.0000000000 -6.8291511857e+00 -6.5972596633e+00\n  242    0 1.0000000000 -6.8468489314e+00 -6.6181116970e+00\n  243    0 1.0000000000 -6.8642754224e+00 -6.6391203684e+00\n  244    0 1.0000000000 -6.8814282326e+00 -6.6602651286e+00\n  245    0 1.0000000000 -6.8983049656e+00 -6.6815251737e+00\n  246    0 1.0000000000 -6.9149032554e+00 -6.7028794634e+00\n  247    0 1.0000000000 -6.9312207669e+00 -6.7243067412e+00\n  248    0 1.0000000000 -6.9472551965e+00 -6.7457855547e+00\n  249    0 1.0000000000 -6.9630042733e+00 -6.7672942765e+00\n  250    0 1.0000000000 -6.9784657596e+00 -6.7888111262e+00\n  251    0 1.0000000000 -6.9936374513e+00 -6.8103141927e+00\n  252    0 1.0000000000 -7.0085171792e+00 -6.8317814573e+00\n  253    0 1.0000000000 -7.0231028089e+00 -6.8531908174e+00\n  254    0 1.0000000000 -7.0373922424e+00 -6.8745201105e+00\n  255    0 1.0000000000 -7.0513834179e+00 -6.8957471392e+00\n  256    0 1.0000000000 -7.0650743112e+00 -6.9168496965e+00\n  257    0 1.0000000000 -7.0784629359e+00 -6.9378055912e+00\n  258    0 1.0000000000 -7.0915473440e+00 -6.9585926743e+00\n  259    0 1.0000000000 -7.1043256268e+00 -6.9791888653e+00\n  260    0 1.0000000000 -7.1167959157e+00 -6.9995721794e+00\n  261    0 1.0000000000 -7.1289563821e+00 -7.0197207543e+00\n  262    0 1.0000000000 -7.1408052388e+00 -7.0396128779e+00\n  263    0 1.0000000000 -7.1523407400e+00 -7.0592270157e+00\n  264    0 1.0000000000 -7.1635611823e+00 -7.0785418385e+00\n  265    0 1.0000000000 -7.1744649049e+00 -7.0975362505e+00\n  266    0 1.0000000000 -7.1850502904e+00 -7.1161894169e+00\n  267    0 1.0000000000 -7.1953157654e+00 -7.1344807919e+00\n  268    0 1.0000000000 -7.2052598008e+00 -7.1523901465e+00\n  269    0 1.0000000000 -7.2148809125e+00 -7.1698975961e+00\n  270    0 1.0000000000 -7.2241776617e+00 -7.1869836278e+00\n  271    0 1.0000000000 -7.2331486557e+00 -7.2036291283e+00\n  272    0 1.0000000000 -7.2417925481e+00 -7.2198154098e+00\n  273    0 1.0000000000 -7.2501080392e+00 -7.2355242377e+00\n  274    0 1.0000000000 -7.2580938769e+00 -7.2507378558e+00\n  275    0 1.0000000000 -7.2657488566e+00 -7.2654390125e+00\n  276    0 1.0000000000 -7.2730718220e+00 -7.2796109859e+00\n  277    0 1.0000000000 -7.2800616652e+00 -7.2932376083e+00\n  278    0 1.0000000000 -7.2867173272e+00 -7.3063032900e+00\n  279    0 1.0000000000 -7.2930377985e+00 -7.3187930429e+00\n  280    0 1.0000000000 -7.2990221191e+00 -7.3306925025e+00\n  281    0 1.0000000000 -7.3046693788e+00 -7.3419879499e+00\n  282    0 1.0000000000 -7.3099787181e+00 -7.3526663324e+00\n  283    0 1.0000000000 -7.3149493276e+00 -7.3627152835e+00\n  284    0 1.0000000000 -7.3195804492e+00 -7.3721231419e+00\n  285    0 1.0000000000 -7.3238713756e+00 -7.3808789695e+00\n  286    0 1.0000000000 -7.3278214512e+00 -7.3889725681e+00\n  287    0 1.0000000000 -7.3314300717e+00 -7.3963944952e+00\n  288    0 1.0000000000 -7.3346966848e+00 -7.4031360793e+00\n  289    0 1.0000000000 -7.3376207902e+00 -7.4091894325e+00\n  290    0 1.0000000000 -7.3402019397e+00 -7.4145474638e+00\n  291    0 1.0000000000 -7.3424397377e+00 -7.4192038897e+00\n  292    0 1.0000000000 -7.3443338406e+00 -7.4231532441e+00\n  293    0 1.0000000000 -7.3458839580e+00 -7.4263908873e+00\n  294    0 1.0000000000 -7.3470898518e+00 -7.4289130130e+00\n  295    0 1.0000000000 -7.3479513369e+00 -7.4307166544e+00\n  296    0 1.0000000000 -7.3484682808e+00 -7.4317996893e+00\n  297    0 1.0000000000 -7.3486406043e+00 -7.4321608426e+00\n