SINGLE-ORBITAL NN+NNN EFFECTIVE MODEL FIT

m=2
eon=0.0
t0=1.0
l_decay=0.5
dl=5.0
pairing=./m=2/pairing.txt
microscopic_orbitals=10

E_eff(k) = eps0 + 2*t1[cos(k.u1)+cos(k.u2)] + 4*t2*cos(k.u1)*cos(k.u2)

eps0     = -3.50522903493592e+00
t1       = -8.55845323740571e-01
t2       = -1.62048781099477e-01

RMSE=3.68607931066758e-01
MAE=3.15008897367818e-01
max_abs_error=7.49985403211198e-01
optimizer_success=True
optimizer_message=Linear least-squares solution
minimum_tracking_continuity=1.0000000000
mean_tracking_continuity=1.0000000000

# k_index idx continuity target fit\n    0    0 1.0000000000 -7.2378627612e+00 -7.5768054543e+00\n    1    0 1.0000000000 -7.2370786273e+00 -7.5756173518e+00\n    2    0 1.0000000000 -7.2347266862e+00 -7.5720542407e+00\n    3    0 1.0000000000 -7.2308083191e+00 -7.5661197088e+00\n    4    0 1.0000000000 -7.2253258265e+00 -7.5578197316e+00\n    5    0 1.0000000000 -7.2182824260e+00 -7.5471626664e+00\n    6    0 1.0000000000 -7.2096822484e+00 -7.5341592441e+00\n    7    0 1.0000000000 -7.1995303342e+00 -7.5188225580e+00\n    8    0 1.0000000000 -7.1878326281e+00 -7.5011680508e+00\n    9    0 1.0000000000 -7.1745959728e+00 -7.4812134991e+00\n   10    0 1.0000000000 -7.1598281023e+00 -7.4589789954e+00\n   11    0 1.0000000000 -7.1435376339e+00 -7.4344869281e+00\n   12    0 1.0000000000 -7.1257340591e+00 -7.4077619586e+00\n   13    0 1.0000000000 -7.1064277345e+00 -7.3788309966e+00\n   14    0 1.0000000000 -7.0856298709e+00 -7.3477231732e+00\n   15    0 1.0000000000 -7.0633525218e+00 -7.3144698112e+00\n   16    0 1.0000000000 -7.0396085715e+00 -7.2791043941e+00\n   17    0 1.0000000000 -7.0144117219e+00 -7.2416625318e+00\n   18    0 1.0000000000 -6.9877764782e+00 -7.2021819251e+00\n   19    0 1.0000000000 -6.9597181352e+00 -7.1607023276e+00\n   20    0 1.0000000000 -6.9302527608e+00 -7.1172655057e+00\n   21    0 1.0000000000 -6.8993971806e+00 -7.0719151966e+00\n   22    0 1.0000000000 -6.8671689606e+00 -7.0246970644e+00\n   23    0 1.0000000000 -6.8335863896e+00 -6.9756586535e+00\n   24    0 1.0000000000 -6.7986684610e+00 -6.9248493416e+00\n   25    0 1.0000000000 -6.7624348540e+00 -6.8723202892e+00\n   26    0 1.0000000000 -6.7249059136e+00 -6.8181243888e+00\n   27    0 1.0000000000 -6.6861026306e+00 -6.7623162110e+00\n   28    0 1.0000000000 -6.6460466211e+00 -6.7049519499e+00\n   29    0 1.0000000000 -6.6047601046e+00 -6.6460893664e+00\n   30    0 1.0000000000 -6.5622658825e+00 -6.5857877302e+00\n   31    0 1.0000000000 -6.5185873158e+00 -6.5241077599e+00\n   32    0 1.0000000000 -6.4737483019e+00 -6.4611115620e+00\n   33    0 1.0000000000 -6.4277732518e+00 -6.3968625684e+00\n   34    0 1.0000000000 -6.3806870660e+00 -6.3314254722e+00\n   35    0 1.0000000000 -6.3325151109e+00 -6.2648661633e+00\n   36    0 1.0000000000 -6.2832831940e+00 -6.1972516610e+00\n   37    0 1.0000000000 -6.2330175393e+00 -6.1286500476e+00\n   38    0 1.0000000000 -6.1817447626e+00 -6.0591303989e+00\n   39    0 1.0000000000 -6.1294918459e+00 -5.9887627155e+00\n   40    0 1.0000000000 -6.0762861123e+00 -5.9176178515e+00\n   41    0 1.0000000000 -6.0221552002e+00 -5.8457674439e+00\n   42    0 1.0000000000 -5.9671270376e+00 -5.7732838399e+00\n   43    0 1.0000000000 -5.9112298163e+00 -5.7002400244e+00\n   44    0 1.0000000000 -5.8544919659e+00 -5.6267095462e+00\n   45    0 1.0000000000 -5.7969421278e+00 -5.5527664444e+00\n   46    0 1.0000000000 -5.7386091296e+00 -5.4784851733e+00\n   47    0 1.0000000000 -5.6795219586e+00 -5.4039405280e+00\n   48    0 1.0000000000 -5.6197097363e+00 -5.3292075686e+00\n   49    0 1.0000000000 -5.5592016927e+00 -5.2543615447e+00\n   50    0 1.0000000000 -5.4980271403e+00 -5.1794778201e+00\n   51    0 1.0000000000 -5.4362154491e+00 -5.1046317963e+00\n   52    0 1.0000000000 -5.3737960210e+00 -5.0298988368e+00\n   53    0 1.0000000000 -5.3107982648e+00 -4.9553541915e+00\n   54    0 1.0000000000 -5.2472515718e+00 -4.8810729204e+00\n   55    0 1.0000000000 -5.1831852910e+00 -4.8071298186e+00\n   56    0 1.0000000000 -5.1186287052e+00 -4.7335993405e+00\n   57    0 1.0000000000 -5.0536110071e+00 -4.6605555249e+00\n   58    0 1.0000000000 -4.9881612763e+00 -4.5880719209e+00\n   59    0 1.0000000000 -4.9223084561e+00 -4.5162215133e+00\n   60    0 1.0000000000 -4.8560813312e+00 -4.4450766493e+00\n   61    0 1.0000000000 -4.7895085060e+00 -4.3747089659e+00\n   62    0 1.0000000000 -4.7226183831e+00 -4.3051893173e+00\n   63    0 1.0000000000 -4.6554391423e+00 -4.2365877038e+00\n   64    0 1.0000000000 -4.5879987211e+00 -4.1689732016e+00\n   65    0 1.0000000000 -4.5203247945e+00 -4.1024138926e+00\n   66    0 1.0000000000 -4.4524447566e+00 -4.0369767965e+00\n   67    0 1.0000000000 -4.3843857023e+00 -3.9727278028e+00\n   68    0 1.0000000000 -4.3161744105e+00 -3.9097316049e+00\n   69    0 1.0000000000 -4.2478373269e+00 -3.8480516346e+00\n   70    0 1.0000000000 -4.1794005493e+00 -3.7877499984e+00\n   71    0 1.0000000000 -4.1108898126e+00 -3.7288874149e+00\n   72    0 1.0000000000 -4.0423304754e+00 -3.6715231538e+00\n   73    0 1.0000000000 -3.9737475079e+00 -3.6157149760e+00\n   74    0 1.0000000000 -3.9051654810e+00 -3.5615190756e+00\n   75    0 1.0000000000 -3.8366085570e+00 -3.5089900233e+00\n   76    0 1.0000000000 -3.7681004820e+00 -3.4581807113e+00\n   77    0 1.0000000000 -3.6996645805e+00 -3.4091423005e+00\n   78    0 1.0000000000 -3.6313237533e+00 -3.3619241682e+00\n   79    0 1.0000000000 -3.5631004771e+00 -3.3165738592e+00\n   80    0 1.0000000000 -3.4950168103e+00 -3.2731370373e+00\n   81    0 1.0000000000 -3.4270944031e+00 -3.2316574397e+00\n   82    0 1.0000000000 -3.3593545156e+00 -3.1921768330e+00\n   83    0 1.0000000000 -3.2918180467e+00 -3.1547349707e+00\n   84    0 1.0000000000 -3.2245055779e+00 -3.1193695536e+00\n   85    0 1.0000000000 -3.1574374396e+00 -3.0861161917e+00\n   86    0 1.0000000000 -3.0906338118e+00 -3.0550083682e+00\n   87    0 1.0000000000 -3.0241148776e+00 -3.0260774062e+00\n   88    0 1.0000000000 -2.9579010644e+00 -2.9993524367e+00\n   89    0 1.0000000000 -2.8920134311e+00 -2.9748603694e+00\n   90    0 1.0000000000 -2.8264743165e+00 -2.9526258658e+00\n   91    0 1.0000000000 -2.7613084729e+00 -2.9326713141e+00\n   92    0 1.0000000000 -2.6965451681e+00 -2.9150168069e+00\n   93    0 1.0000000000 -2.6322223704e+00 -2.8996801207e+00\n   94    0 1.0000000000 -2.5683958878e+00 -2.8866766984e+00\n   95    0 1.0000000000 -2.5051619231e+00 -2.8760196333e+00\n   96    0 1.0000000000 -2.4427230817e+00 -2.8677196560e+00\n   97    0 1.0000000000 -2.3816378590e+00 -2.8617851241e+00\n   98    0 1.0000000000 -2.3242661544e+00 -2.8582220130e+00\n   99    0 1.0000000000 -2.2897775272e+00 -2.8570339105e+00\n  100    0 1.0000000000 -2.2894779597e+00 -2.8564984856e+00\n  101    0 1.0000000000 -2.2885794018e+00 -2.8548927500e+00\n  102    0 1.0000000000 -2.2870822876e+00 -2.8522183205e+00\n  103    0 1.0000000000 -2.2849873402e+00 -2.8484778900e+00\n  104    0 1.0000000000 -2.2822955711e+00 -2.8436752249e+00\n  105    0 1.0000000000 -2.2790082792e+00 -2.8378151610e+00\n  106    0 1.0000000000 -2.2751270499e+00 -2.8309035989e+00\n  107    0 1.0000000000 -2.2706537537e+00 -2.8229474980e+00\n  108    0 1.0000000000 -2.2655905447e+00 -2.8139548693e+00\n  109    0 1.0000000000 -2.2599398586e+00 -2.8039347678e+00\n  110    0 1.0000000000 -2.2537044113e+00 -2.7928972827e+00\n  111    0 1.0000000000 -2.2468871958e+00 -2.7808535280e+00\n  112    0 1.0000000000 -2.2394914807e+00 -2.7678156306e+00\n  113    0 1.0000000000 -2.2315208072e+00 -2.7537967186e+00\n  114    0 1.0000000000 -2.2229789865e+00 -2.7388109079e+00\n  115    0 1.0000000000 -2.2138700971e+00 -2.7228732878e+00\n  116    0 1.0000000000 -2.2041984815e+00 -2.7059999063e+00\n  117    0 1.0000000000 -2.1939687434e+00 -2.6882077534e+00\n  118    0 1.0000000000 -2.1831857446e+00 -2.6695147443e+00\n  119    0 1.0000000000 -2.1718546016e+00 -2.6499397012e+00\n  120    0 1.0000000000 -2.1599806821e+00 -2.6295023346e+00\n  121    0 1.0000000000 -2.1475696022e+00 -2.6082232232e+00\n  122    0 1.0000000000 -2.1346272221e+00 -2.5861237932e+00\n  123    0 1.0000000000 -2.1211596426e+00 -2.5632262969e+00\n  124    0 1.0000000000 -2.1071732005e+00 -2.5395537901e+00\n  125    0 1.0000000000 -2.0926744636e+00 -2.5151301090e+00\n  126    0 1.0000000000 -2.0776702239e+00 -2.4899798462e+00\n  127    0 1.0000000000 -2.0621674891e+00 -2.4641283260e+00\n  128    0 1.0000000000 -2.0461734717e+00 -2.4376015785e+00\n  129    0 1.0000000000 -2.0296955741e+00 -2.4104263139e+00\n  130    0 1.0000000000 -2.0127413700e+00 -2.3826298955e+00\n  131    0 1.0000000000 -1.9953185825e+00 -2.3542403119e+00\n  132    0 1.0000000000 -1.9774350583e+00 -2.3252861490e+00\n  133    0 1.0000000000 -1.9590987435e+00 -2.2957965612e+00\n  134    0 1.0000000000 -1.9403176606e+00 -2.2658012419e+00\n  135    0 1.0000000000 -1.9210998939e+00 -2.2353303940e+00\n  136    0 1.0000000000 -1.9014535828e+00 -2.2044146990e+00\n  137    0 1.0000000000 -1.8813869244e+00 -2.1730852864e+00\n  138    0 1.0000000000 -1.8609081836e+00 -2.1413737022e+00\n  139    0 1.0000000000 -1.8400257063e+00 -2.1093118773e+00\n  140    0 1.0000000000 -1.8187479329e+00 -2.0769320953e+00\n  141    0 1.0000000000 -1.7970834087e+00 -2.0442669599e+00\n  142    0 1.0000000000 -1.7750407901e+00 -2.0113493620e+00\n  143    0 1.0000000000 -1.7526288467e+00 -1.9782124470e+00\n  144    0 1.0000000000 -1.7298564595e+00 -1.9448895808e+00\n  145    0 1.0000000000 -1.7067326161e+00 -1.9114143168e+00\n  146    0 1.0000000000 -1.6832664037e+00 -1.8778203618e+00\n  147    0 1.0000000000 -1.6594670013e+00 -1.8441415419e+00\n  148    0 1.0000000000 -1.6353436709e+00 -1.8104117690e+00\n  149    0 1.0000000000 -1.6109057488e+00 -1.7766650059e+00\n  150    0 1.0000000000 -1.5861626366e+00 -1.7429352330e+00\n  151    0 1.0000000000 -1.5611237922e+00 -1.7092564131e+00\n  152    0 1.0000000000 -1.5357987219e+00 -1.6756624581e+00\n  153    0 1.0000000000 -1.5101969715e+00 -1.6421871941e+00\n  154    0 1.0000000000 -1.4843281189e+00 -1.6088643279e+00\n  155    0 1.0000000000 -1.4582017663e+00 -1.5757274129e+00\n  156    0 1.0000000000 -1.4318275326e+00 -1.5428098150e+00\n  157    0 1.0000000000 -1.4052150464e+00 -1.5101446796e+00\n  158    0 1.0000000000 -1.3783739395e+00 -1.4777648976e+00\n  159    0 1.0000000000 -1.3513138399e+00 -1.4457030727e+00\n  160    0 1.0000000000 -1.3240443653e+00 -1.4139914885e+00\n  161    0 1.0000000000 -1.2965751175e+00 -1.3826620759e+00\n  162    0 1.0000000000 -1.2689156762e+00 -1.3517463809e+00\n  163    0 1.0000000000 -1.2410755934e+00 -1.3212755330e+00\n  164    0 1.0000000000 -1.2130643881e+00 -1.2912802138e+00\n  165    0 1.0000000000 -1.1848915412e+00 -1.2617906259e+00\n  166    0 1.0000000000 -1.1565664908e+00 -1.2328364630e+00\n  167    0 1.0000000000 -1.1280986279e+00 -1.2044468794e+00\n  168    0 1.0000000000 -1.0994972919e+00 -1.1766504610e+00\n  169    0 1.0000000000 -1.0707717675e+00 -1.1494751964e+00\n  170    0 1.0000000000 -1.0419312812e+00 -1.1229484489e+00\n  171    0 1.0000000000 -1.0129849988e+00 -1.0970969287e+00\n  172    0 1.0000000000 -9.8394202325e-01 -1.0719466659e+00\n  173    0 1.0000000000 -9.5481139379e-01 -1.0475229848e+00\n  174    0 1.0000000000 -9.2560208524e-01 -1.0238504780e+00\n  175    0 1.0000000000 -8.9632300890e-01 -1.0009529817e+00\n  176    0 1.0000000000 -8.6698301466e-01 -9.7885355171e-01\n  177    0 1.0000000000 -8.3759089469e-01 -9.5757444029e-01\n  178    0 1.0000000000 -8.0815538929e-01 -9.3713707370e-01\n  179    0 1.0000000000 -7.7868519540e-01 -9.1756203064e-01\n  180    0 1.0000000000 -7.4918897847e-01 -8.9886902151e-01\n  181    0 1.0000000000 -7.1967538887e-01 -8.8107686860e-01\n  182    0 1.0000000000 -6.9015308410e-01 -8.6420348709e-01\n  183    0 1.0000000000 -6.6063075902e-01 -8.4826586705e-01\n  184    0 1.0000000000 -6.3111718665e-01 -8.3328005631e-01\n  185    0 1.0000000000 -6.0162127372e-01 -8.1926114432e-01\n  186    0 1.0000000000 -5.7215213693e-01 -8.0622324692e-01\n  187    0 1.0000000000 -5.4271920864e-01 -7.9417949217e-01\n  188    0 1.0000000000 -5.1333238593e-01 -7.8314200713e-01\n  189    0 1.0000000000 -4.8400224564e-01 -7.7312190559e-01\n  190    0 1.0000000000 -4.5474036408e-01 -7.6412927695e-01\n  191    0 1.0000000000 -4.2555981439e-01 -7.5617317602e-01\n  192    0 1.0000000000 -3.9647599279e-01 -7.4926161393e-01\n  193    0 1.0000000000 -3.6750813573e-01 -7.4340155003e-01\n  194    0 1.0000000000 -3.3868256044e-01 -7.3859888491e-01\n  195    0 1.0000000000 -3.1004130682e-01 -7.3485845444e-01\n  196    0 1.0000000000 -2.8167403083e-01 -7.3218402493e-01\n  197    0 1.0000000000 -2.5392148883e-01 -7.3057828929e-01\n  198    0 1.0000000000 -2.3303116250e-01 -7.3004286437e-01\n  199    0 1.0000000000 -2.7515750793e-01 -7.3111387851e-01\n  200    0 1.0000000000 -3.3156838988e-01 -7.3432781293e-01\n  201    0 1.0000000000 -3.8974743929e-01 -7.3968733477e-01\n  202    0 1.0000000000 -4.4920107940e-01 -7.4719685990e-01\n  203    0 1.0000000000 -5.0983478060e-01 -7.5686250890e-01\n  204    0 1.0000000000 -5.7161929431e-01 -7.6869204585e-01\n  205    0 1.0000000000 -6.3454330833e-01 -7.8269480007e-01\n  206    0 1.0000000000 -6.9860170007e-01 -7.9888157113e-01\n  207    0 1.0000000000 -7.6379162022e-01 -8.1726451780e-01\n  208    0 1.0000000000 -8.3011090603e-01 -8.3785703115e-01\n  209    0 1.0000000000 -8.9755733586e-01 -8.6067359267e-01\n  210    0 1.0000000000 -9.6612823189e-01 -8.8572961784e-01\n  211    0 1.0000000000 -1.0358202225e+00 -9.1304128602e-01\n  212    0 1.0000000000 -1.1066290837e+00 -9.4262535748e-01\n  213    0 1.0000000000 -1.1785496230e+00 -9.7449897824e-01\n  214    0 1.0000000000 -1.2515755857e+00 -1.0086794738e+00\n  215    0 1.0000000000 -1.3256995759e+00 -1.0451841329e+00\n  216    0 1.0000000000 -1.4009129848e+00 -1.0840299815e+00\n  217    0 1.0000000000 -1.4772059254e+00 -1.1252335496e+00\n  218    0 1.0000000000 -1.5545671701e+00 -1.1688106299e+00\n  219    0 1.0000000000 -1.6329840910e+00 -1.2147760320e+00\n  220    0 1.0000000000 -1.7124426032e+00 -1.2631433305e+00\n  221    0 1.0000000000 -1.7929271085e+00 -1.3139246107e+00\n  222    0 1.0000000000 -1.8744204424e+00 -1.3671302115e+00\n  223    0 1.0000000000 -1.9569038218e+00 -1.4227684675e+00\n  224    0 1.0000000000 -2.0403567949e+00 -1.4808454513e+00\n  225    0 1.0000000000 -2.1247571933e+00 -1.5413647176e+00\n  226    0 1.0000000000 -2.2100810860e+00 -1.6043270493e+00\n  227    0 1.0000000000 -2.2963027358e+00 -1.6697302087e+00\n  228    0 1.0000000000 -2.3833945583e+00 -1.7375686933e+00\n  229    0 1.0000000000 -2.4713270841e+00 -1.8078334982e+00\n  230    0 1.0000000000 -2.5600689230e+00 -1.8805118865e+00\n  231    0 1.0000000000 -2.6495867331e+00 -1.9555871686e+00\n  232    0 1.0000000000 -2.7398451915e+00 -2.0330384913e+00\n  233    0 1.0000000000 -2.8308069709e+00 -2.1128406386e+00\n  234    0 1.0000000000 -2.9224327182e+00 -2.1949638445e+00\n  235    0 1.0000000000 -3.0146810390e+00 -2.2793736194e+00\n  236    0 1.0000000000 -3.1075084859e+00 -2.3660305904e+00\n  237    0 1.0000000000 -3.2008695509e+00 -2.4548903576e+00\n  238    0 1.0000000000 -3.2947166646e+00 -2.5459033661e+00\n  239    0 1.0000000000 -3.3890001983e+00 -2.6390147951e+00\n  240    0 1.0000000000 -3.4836684735e+00 -2.7341644651e+00\n  241    0 1.0000000000 -3.5786677756e+00 -2.8312867628e+00\n  242    0 1.0000000000 -3.6739423736e+00 -2.9303105862e+00\n  243    0 1.0000000000 -3.7694345464e+00 -3.0311593081e+00\n  244    0 1.0000000000 -3.8650846143e+00 -3.1337507608e+00\n  245    0 1.0000000000 -3.9608309766e+00 -3.2379972406e+00\n  246    0 1.0000000000 -4.0566101561e+00 -3.3438055332e+00\n  247    0 1.0000000000 -4.1523568491e+00 -3.4510769605e+00\n  248    0 1.0000000000 -4.2480039826e+00 -3.5597074481e+00\n  249    0 1.0000000000 -4.3434827767e+00 -3.6695876144e+00\n  250    0 1.0000000000 -4.4387228145e+00 -3.7806028804e+00\n  251    0 1.0000000000 -4.5336521176e+00 -3.8926336014e+00\n  252    0 1.0000000000 -4.6281972283e+00 -4.0055552188e+00\n  253    0 1.0000000000 -4.7222832974e+00 -4.1192384329e+00\n  254    0 1.0000000000 -4.8158341793e+00 -4.2335493959e+00\n  255    0 1.0000000000 -4.9087725312e+00 -4.3483499250e+00\n  256    0 1.0000000000 -5.0010199203e+00 -4.4634977339e+00\n  257    0 1.0000000000 -5.0924969346e+00 -4.5788466840e+00\n  258    0 1.0000000000 -5.1831233009e+00 -4.6942470532e+00\n  259    0 1.0000000000 -5.2728180063e+00 -4.8095458212e+00\n  260    0 1.0000000000 -5.3614994261e+00 -4.9245869728e+00\n  261    0 1.0000000000 -5.4490854554e+00 -5.0392118148e+00\n  262    0 1.0000000000 -5.5354936456e+00 -5.1532593092e+00\n  263    0 1.0000000000 -5.6206413443e+00 -5.2665664183e+00\n  264    0 1.0000000000 -5.7044458394e+00 -5.3789684635e+00\n  265    0 1.0000000000 -5.7868245065e+00 -5.4902994946e+00\n  266    0 1.0000000000 -5.8676949586e+00 -5.6003926693e+00\n  267    0 1.0000000000 -5.9469751991e+00 -5.7090806418e+00\n  268    0 1.0000000000 -6.0245837759e+00 -5.8161959587e+00\n  269    0 1.0000000000 -6.1004399382e+00 -5.9215714613e+00\n  270    0 1.0000000000 -6.1744637935e+00 -6.0250406924e+00\n  271    0 1.0000000000 -6.2465764659e+00 -6.1264383073e+00\n  272    0 1.0000000000 -6.3167002544e+00 -6.2256004864e+00\n  273    0 1.0000000000 -6.3847587912e+00 -6.3223653486e+00\n  274    0 1.0000000000 -6.4506771985e+00 -6.4165733643e+00\n  275    0 1.0000000000 -6.5143822452e+00 -6.5080677659e+00\n  276    0 1.0000000000 -6.5758025011e+00 -6.5966949548e+00\n  277    0 1.0000000000 -6.6348684892e+00 -6.6823049040e+00\n  278    0 1.0000000000 -6.6915128348e+00 -6.7647515535e+00\n  279    0 1.0000000000 -6.7456704124e+00 -6.8438931988e+00\n  280    0 1.0000000000 -6.7972784880e+00 -6.9195928694e+00\n  281    0 1.0000000000 -6.8462768579e+00 -6.9917186980e+00\n  282    0 1.0000000000 -6.8926079823e+00 -7.0601442767e+00\n  283    0 1.0000000000 -6.9362171148e+00 -7.1247490013e+00\n  284    0 1.0000000000 -6.9770524253e+00 -7.1854184007e+00\n  285    0 1.0000000000 -7.0150651181e+00 -7.2420444513e+00\n  286    0 1.0000000000 -7.0502095430e+00 -7.2945258747e+00\n  287    0 1.0000000000 -7.0824433001e+00 -7.3427684179e+00\n  288    0 1.0000000000 -7.1117273376e+00 -7.3866851148e+00\n  289    0 1.0000000000 -7.1380260420e+00 -7.4261965288e+00\n  290    0 1.0000000000 -7.1613073210e+00 -7.4612309740e+00\n  291    0 1.0000000000 -7.1815426781e+00 -7.4917247162e+00\n  292    0 1.0000000000 -7.1987072796e+00 -7.5176221517e+00\n  293    0 1.0000000000 -7.2127800127e+00 -7.5388759633e+00\n  294    0 1.0000000000 -7.2237435347e+00 -7.5554472536e+00\n  295    0 1.0000000000 -7.2315843144e+00 -7.5673056546e+00\n  296    0 1.0000000000 -7.2362926639e+00 -7.5744294137e+00\n  297    0 1.0000000000 -7.2378627612e+00 -7.5768054543e+00\n