SINGLE-ORBITAL NN+NNN EFFECTIVE MODEL FIT

m=3
eon=0.0
t0=1.0
l_decay=0.5
dl=5.0
pairing=./m=3/pairing.txt
microscopic_orbitals=20

E_eff(k) = eps0 + 2*t1[cos(k.u1)+cos(k.u2)] + 4*t2*cos(k.u1)*cos(k.u2)

eps0     = -4.92657261980275e+00
t1       = -6.02694351954003e-01
t2       = -6.91262459058464e-02

RMSE=3.22160933733598e-01
MAE=2.70189764608220e-01
max_abs_error=6.78190873889379e-01
optimizer_success=True
optimizer_message=Linear least-squares solution
minimum_tracking_continuity=1.0000000000
mean_tracking_continuity=1.0000000000

# k_index idx continuity target fit\n    0    0 1.0000000000 -7.3382814679e+00 -7.6138550112e+00\n    1    0 1.0000000000 -7.3378580319e+00 -7.6131089406e+00\n    2    0 1.0000000000 -7.3365878746e+00 -7.6108714798e+00\n    3    0 1.0000000000 -7.3344714478e+00 -7.6071448819e+00\n    4    0 1.0000000000 -7.3315095041e+00 -7.6019328992e+00\n    5    0 1.0000000000 -7.3277030964e+00 -7.5952407797e+00\n    6    0 1.0000000000 -7.3230535772e+00 -7.5870752618e+00\n    7    0 1.0000000000 -7.3175625975e+00 -7.5774445675e+00\n    8    0 1.0000000000 -7.3112321057e+00 -7.5663583942e+00\n    9    0 1.0000000000 -7.3040643463e+00 -7.5538279045e+00\n   10    0 1.0000000000 -7.2960618580e+00 -7.5398657158e+00\n   11    0 1.0000000000 -7.2872274722e+00 -7.5244858867e+00\n   12    0 1.0000000000 -7.2775643106e+00 -7.5077039034e+00\n   13    0 1.0000000000 -7.2670757834e+00 -7.4895366639e+00\n   14    0 1.0000000000 -7.2557655868e+00 -7.4700024611e+00\n   15    0 1.0000000000 -7.2436376999e+00 -7.4491209643e+00\n   16    0 1.0000000000 -7.2306963824e+00 -7.4269131994e+00\n   17    0 1.0000000000 -7.2169461713e+00 -7.4034015278e+00\n   18    0 1.0000000000 -7.2023918780e+00 -7.3786096236e+00\n   19    0 1.0000000000 -7.1870385844e+00 -7.3525624503e+00\n   20    0 1.0000000000 -7.1708916397e+00 -7.3252862351e+00\n   21    0 1.0000000000 -7.1539566565e+00 -7.2968084429e+00\n   22    0 1.0000000000 -7.1362395068e+00 -7.2671577483e+00\n   23    0 1.0000000000 -7.1177463183e+00 -7.2363640072e+00\n   24    0 1.0000000000 -7.0984834693e+00 -7.2044582262e+00\n   25    0 1.0000000000 -7.0784575853e+00 -7.1714725318e+00\n   26    0 1.0000000000 -7.0576755333e+00 -7.1374401376e+00\n   27    0 1.0000000000 -7.0361444180e+00 -7.1023953116e+00\n   28    0 1.0000000000 -7.0138715765e+00 -7.0663733407e+00\n   29    0 1.0000000000 -6.9908645730e+00 -7.0294104962e+00\n   30    0 1.0000000000 -6.9671311942e+00 -6.9915439964e+00\n   31    0 1.0000000000 -6.9426794435e+00 -6.9528119698e+00\n   32    0 1.0000000000 -6.9175175359e+00 -6.9132534161e+00\n   33    0 1.0000000000 -6.8916538921e+00 -6.8729081675e+00\n   34    0 1.0000000000 -6.8650971333e+00 -6.8318168482e+00\n   35    0 1.0000000000 -6.8378560750e+00 -6.7900208338e+00\n   36    0 1.0000000000 -6.8099397213e+00 -6.7475622092e+00\n   37    0 1.0000000000 -6.7813572588e+00 -6.7044837267e+00\n   38    0 1.0000000000 -6.7521180509e+00 -6.6608287627e+00\n   39    0 1.0000000000 -6.7222316313e+00 -6.6166412739e+00\n   40    0 1.0000000000 -6.6917076976e+00 -6.5719657536e+00\n   41    0 1.0000000000 -6.6605561056e+00 -6.5268471861e+00\n   42    0 1.0000000000 -6.6287868625e+00 -6.4813310020e+00\n   43    0 1.0000000000 -6.5964101204e+00 -6.4354630323e+00\n   44    0 1.0000000000 -6.5634361704e+00 -6.3892894620e+00\n   45    0 1.0000000000 -6.5298754353e+00 -6.3428567842e+00\n   46    0 1.0000000000 -6.4957384635e+00 -6.2962117525e+00\n   47    0 1.0000000000 -6.4610359226e+00 -6.2494013345e+00\n   48    0 1.0000000000 -6.4257785920e+00 -6.2024726644e+00\n   49    0 1.0000000000 -6.3899773574e+00 -6.1554729954e+00\n   50    0 1.0000000000 -6.3536432029e+00 -6.1084496521e+00\n   51    0 1.0000000000 -6.3167872054e+00 -6.0614499830e+00\n   52    0 1.0000000000 -6.2794205272e+00 -6.0145213129e+00\n   53    0 1.0000000000 -6.2415544098e+00 -5.9677108949e+00\n   54    0 1.0000000000 -6.2032001670e+00 -5.9210658632e+00\n   55    0 1.0000000000 -6.1643691785e+00 -5.8746331854e+00\n   56    0 1.0000000000 -6.1250728828e+00 -5.8284596151e+00\n   57    0 1.0000000000 -6.0853227713e+00 -5.7825916454e+00\n   58    0 1.0000000000 -6.0451303814e+00 -5.7370754613e+00\n   59    0 1.0000000000 -6.0045072898e+00 -5.6919568938e+00\n   60    0 1.0000000000 -5.9634651065e+00 -5.6472813735e+00\n   61    0 1.0000000000 -5.9220154681e+00 -5.6030938848e+00\n   62    0 1.0000000000 -5.8801700314e+00 -5.5594389207e+00\n   63    0 1.0000000000 -5.8379404674e+00 -5.5163604382e+00\n   64    0 1.0000000000 -5.7953384549e+00 -5.4739018136e+00\n   65    0 1.0000000000 -5.7523756745e+00 -5.4321057992e+00\n   66    0 1.0000000000 -5.7090638022e+00 -5.3910144799e+00\n   67    0 1.0000000000 -5.6654145039e+00 -5.3506692314e+00\n   68    0 1.0000000000 -5.6214394293e+00 -5.3111106777e+00\n   69    0 1.0000000000 -5.5771502059e+00 -5.2723786510e+00\n   70    0 1.0000000000 -5.5325584339e+00 -5.2345121512e+00\n   71    0 1.0000000000 -5.4876756799e+00 -5.1975493067e+00\n   72    0 1.0000000000 -5.4425134721e+00 -5.1615273359e+00\n   73    0 1.0000000000 -5.3970832945e+00 -5.1264825098e+00\n   74    0 1.0000000000 -5.3513965820e+00 -5.0924501157e+00\n   75    0 1.0000000000 -5.3054647151e+00 -5.0594644212e+00\n   76    0 1.0000000000 -5.2592990151e+00 -5.0275586402e+00\n   77    0 1.0000000000 -5.2129107394e+00 -4.9967648991e+00\n   78    0 1.0000000000 -5.1663110768e+00 -4.9671142045e+00\n   79    0 1.0000000000 -5.1195111430e+00 -4.9386364123e+00\n   80    0 1.0000000000 -5.0725219770e+00 -4.9113601971e+00\n   81    0 1.0000000000 -5.0253545364e+00 -4.8853130238e+00\n   82    0 1.0000000000 -4.9780196945e+00 -4.8605211196e+00\n   83    0 1.0000000000 -4.9305282370e+00 -4.8370094480e+00\n   84    0 1.0000000000 -4.8828908593e+00 -4.8148016831e+00\n   85    0 1.0000000000 -4.8351181647e+00 -4.7939201863e+00\n   86    0 1.0000000000 -4.7872206640e+00 -4.7743859835e+00\n   87    0 1.0000000000 -4.7392087763e+00 -4.7562187441e+00\n   88    0 1.0000000000 -4.6910928324e+00 -4.7394367607e+00\n   89    0 1.0000000000 -4.6428830836e+00 -4.7240569316e+00\n   90    0 1.0000000000 -4.5945897169e+00 -4.7100947429e+00\n   91    0 1.0000000000 -4.5462228855e+00 -4.6975642533e+00\n   92    0 1.0000000000 -4.4977927682e+00 -4.6864780799e+00\n   93    0 1.0000000000 -4.4493096903e+00 -4.6768473856e+00\n   94    0 1.0000000000 -4.4007843935e+00 -4.6686818678e+00\n   95    0 1.0000000000 -4.3522287150e+00 -4.6619897483e+00\n   96    0 1.0000000000 -4.3036576260e+00 -4.6567777655e+00\n   97    0 1.0000000000 -4.2550973778e+00 -4.6530511676e+00\n   98    0 1.0000000000 -4.2066420894e+00 -4.6508137068e+00\n   99    0 1.0000000000 -4.1634581105e+00 -4.6500676362e+00\n  100    0 1.0000000000 -4.1632145741e+00 -4.6495999826e+00\n  101    0 1.0000000000 -4.1624840369e+00 -4.6481974927e+00\n  102    0 1.0000000000 -4.1612667143e+00 -4.6458615788e+00\n  103    0 1.0000000000 -4.1595629658e+00 -4.6425945928e+00\n  104    0 1.0000000000 -4.1573732938e+00 -4.6383998244e+00\n  105    0 1.0000000000 -4.1546983440e+00 -4.6332814973e+00\n  106    0 1.0000000000 -4.1515389049e+00 -4.6272447652e+00\n  107    0 1.0000000000 -4.1478959069e+00 -4.6202957067e+00\n  108    0 1.0000000000 -4.1437704225e+00 -4.6124413188e+00\n  109    0 1.0000000000 -4.1391636647e+00 -4.6036895103e+00\n  110    0 1.0000000000 -4.1340769873e+00 -4.5940490934e+00\n  111    0 1.0000000000 -4.1285118830e+00 -4.5835297753e+00\n  112    0 1.0000000000 -4.1224699837e+00 -4.5721421480e+00\n  113    0 1.0000000000 -4.1159530582e+00 -4.5598976779e+00\n  114    0 1.0000000000 -4.1089630125e+00 -4.5468086942e+00\n  115    0 1.0000000000 -4.1015018875e+00 -4.5328883762e+00\n  116    0 1.0000000000 -4.0935718584e+00 -4.5181507407e+00\n  117    0 1.0000000000 -4.0851752335e+00 -4.5026106272e+00\n  118    0 1.0000000000 -4.0763144522e+00 -4.4862836832e+00\n  119    0 1.0000000000 -4.0669920842e+00 -4.4691863485e+00\n  120    0 1.0000000000 -4.0572108277e+00 -4.4513358389e+00\n  121    0 1.0000000000 -4.0469735077e+00 -4.4327501281e+00\n  122    0 1.0000000000 -4.0362830746e+00 -4.4134479305e+00\n  123    0 1.0000000000 -4.0251426021e+00 -4.3934486817e+00\n  124    0 1.0000000000 -4.0135552857e+00 -4.3727725193e+00\n  125    0 1.0000000000 -4.0015244407e+00 -4.3514402624e+00\n  126    0 1.0000000000 -3.9890535004e+00 -4.3294733907e+00\n  127    0 1.0000000000 -3.9761460138e+00 -4.3068940231e+00\n  128    0 1.0000000000 -3.9628056438e+00 -4.2837248951e+00\n  129    0 1.0000000000 -3.9490361648e+00 -4.2599893360e+00\n  130    0 1.0000000000 -3.9348414609e+00 -4.2357112456e+00\n  131    0 1.0000000000 -3.9202255234e+00 -4.2109150697e+00\n  132    0 1.0000000000 -3.9051924485e+00 -4.1856257760e+00\n  133    0 1.0000000000 -3.8897464351e+00 -4.1598688288e+00\n  134    0 1.0000000000 -3.8738917822e+00 -4.1336701631e+00\n  135    0 1.0000000000 -3.8576328867e+00 -4.1070561586e+00\n  136    0 1.0000000000 -3.8409742407e+00 -4.0800536136e+00\n  137    0 1.0000000000 -3.8239204291e+00 -4.0526897171e+00\n  138    0 1.0000000000 -3.8064761272e+00 -4.0249920224e+00\n  139    0 1.0000000000 -3.7886460975e+00 -3.9969884188e+00\n  140    0 1.0000000000 -3.7704351878e+00 -3.9687071033e+00\n  141    0 1.0000000000 -3.7518483281e+00 -3.9401765530e+00\n  142    0 1.0000000000 -3.7328905280e+00 -3.9114254957e+00\n  143    0 1.0000000000 -3.7135668739e+00 -3.8824828812e+00\n  144    0 1.0000000000 -3.6938825263e+00 -3.8533778523e+00\n  145    0 1.0000000000 -3.6738427172e+00 -3.8241397154e+00\n  146    0 1.0000000000 -3.6534527471e+00 -3.7947979107e+00\n  147    0 1.0000000000 -3.6327179820e+00 -3.7653819829e+00\n  148    0 1.0000000000 -3.6116438511e+00 -3.7359215514e+00\n  149    0 1.0000000000 -3.5902358436e+00 -3.7064462804e+00\n  150    0 1.0000000000 -3.5684995059e+00 -3.6769858489e+00\n  151    0 1.0000000000 -3.5464404389e+00 -3.6475699211e+00\n  152    0 1.0000000000 -3.5240642949e+00 -3.6182281164e+00\n  153    0 1.0000000000 -3.5013767750e+00 -3.5889899795e+00\n  154    0 1.0000000000 -3.4783836262e+00 -3.5598849506e+00\n  155    0 1.0000000000 -3.4550906384e+00 -3.5309423361e+00\n  156    0 1.0000000000 -3.4315036420e+00 -3.5021912788e+00\n  157    0 1.0000000000 -3.4076285044e+00 -3.4736607285e+00\n  158    0 1.0000000000 -3.3834711281e+00 -3.4453794130e+00\n  159    0 1.0000000000 -3.3590374470e+00 -3.4173758093e+00\n  160    0 1.0000000000 -3.3343334245e+00 -3.3896781147e+00\n  161    0 1.0000000000 -3.3093650502e+00 -3.3623142182e+00\n  162    0 1.0000000000 -3.2841383376e+00 -3.3353116732e+00\n  163    0 1.0000000000 -3.2586593214e+00 -3.3086976687e+00\n  164    0 1.0000000000 -3.2329340548e+00 -3.2824990030e+00\n  165    0 1.0000000000 -3.2069686071e+00 -3.2567420558e+00\n  166    0 1.0000000000 -3.1807690612e+00 -3.2314527621e+00\n  167    0 1.0000000000 -3.1543415114e+00 -3.2066565862e+00\n  168    0 1.0000000000 -3.1276920608e+00 -3.1823784958e+00\n  169    0 1.0000000000 -3.1008268197e+00 -3.1586429367e+00\n  170    0 1.0000000000 -3.0737519026e+00 -3.1354738087e+00\n  171    0 1.0000000000 -3.0464734273e+00 -3.1128944411e+00\n  172    0 1.0000000000 -3.0189975123e+00 -3.0909275694e+00\n  173    0 1.0000000000 -2.9913302757e+00 -3.0695953125e+00\n  174    0 1.0000000000 -2.9634778336e+00 -3.0489191501e+00\n  175    0 1.0000000000 -2.9354462991e+00 -3.0289199013e+00\n  176    0 1.0000000000 -2.9072417812e+00 -3.0096177037e+00\n  177    0 1.0000000000 -2.8788703844e+00 -2.9910319929e+00\n  178    0 1.0000000000 -2.8503382090e+00 -2.9731814832e+00\n  179    0 1.0000000000 -2.8216513510e+00 -2.9560841486e+00\n  180    0 1.0000000000 -2.7928159035e+00 -2.9397572046e+00\n  181    0 1.0000000000 -2.7638379585e+00 -2.9242170911e+00\n  182    0 1.0000000000 -2.7347236100e+00 -2.9094794556e+00\n  183    0 1.0000000000 -2.7054789574e+00 -2.8955591376e+00\n  184    0 1.0000000000 -2.6761101116e+00 -2.8824701539e+00\n  185    0 1.0000000000 -2.6466232025e+00 -2.8702256838e+00\n  186    0 1.0000000000 -2.6170243884e+00 -2.8588380565e+00\n  187    0 1.0000000000 -2.5873198695e+00 -2.8483187384e+00\n  188    0 1.0000000000 -2.5575159050e+00 -2.8386783215e+00\n  189    0 1.0000000000 -2.5276188360e+00 -2.8299265130e+00\n  190    0 1.0000000000 -2.4976351169e+00 -2.8220721251e+00\n  191    0 1.0000000000 -2.4675713593e+00 -2.8151230666e+00\n  192    0 1.0000000000 -2.4374343988e+00 -2.8090863345e+00\n  193    0 1.0000000000 -2.4072314115e+00 -2.8039680074e+00\n  194    0 1.0000000000 -2.3769701558e+00 -2.7997732390e+00\n  195    0 1.0000000000 -2.3466596307e+00 -2.7965062530e+00\n  196    0 1.0000000000 -2.3163126089e+00 -2.7941703391e+00\n  197    0 1.0000000000 -2.2859631744e+00 -2.7927678492e+00\n  198    0 1.0000000000 -2.2579549754e+00 -2.7923001956e+00\n  199    0 1.0000000000 -2.3145858954e+00 -2.7932355729e+00\n  200    0 1.0000000000 -2.3759845428e+00 -2.7960416033e+00\n  201    0 1.0000000000 -2.4378728996e+00 -2.8007179797e+00\n  202    0 1.0000000000 -2.5002064119e+00 -2.8072641792e+00\n  203    0 1.0000000000 -2.5629685464e+00 -2.8156794466e+00\n  204    0 1.0000000000 -2.6261469801e+00 -2.8259627722e+00\n  205    0 1.0000000000 -2.6897302236e+00 -2.8381128623e+00\n  206    0 1.0000000000 -2.7537067744e+00 -2.8521281042e+00\n  207    0 1.0000000000 -2.8180648293e+00 -2.8680065250e+00\n  208    0 1.0000000000 -2.8827921654e+00 -2.8857457448e+00\n  209    0 1.0000000000 -2.9478760818e+00 -2.9053429242e+00\n  210    0 1.0000000000 -3.0133033666e+00 -2.9267947067e+00\n  211    0 1.0000000000 -3.0790602767e+00 -2.9500971562e+00\n  212    0 1.0000000000 -3.1451325235e+00 -2.9752456896e+00\n  213    0 1.0000000000 -3.2115052623e+00 -3.0022350059e+00\n  214    0 1.0000000000 -3.2781630840e+00 -3.0310590102e+00\n  215    0 1.0000000000 -3.3450900082e+00 -3.0617107356e+00\n  216    0 1.0000000000 -3.4122694782e+00 -3.0941822611e+00\n  217    0 1.0000000000 -3.4796843560e+00 -3.1284646272e+00\n  218    0 1.0000000000 -3.5473169194e+00 -3.1645477493e+00\n  219    0 1.0000000000 -3.6151488592e+00 -3.2024203298e+00\n  220    0 1.0000000000 -3.6831612772e+00 -3.2420697680e+00\n  221    0 1.0000000000 -3.7513346860e+00 -3.2834820708e+00\n  222    0 1.0000000000 -3.8196490084e+00 -3.3266417617e+00\n  223    0 1.0000000000 -3.8880835789e+00 -3.3715317911e+00\n  224    0 1.0000000000 -3.9566171451e+00 -3.4181334472e+00\n  225    0 1.0000000000 -4.0252278710e+00 -3.4664262679e+00\n  226    0 1.0000000000 -4.0938933401e+00 -3.5163879552e+00\n  227    0 1.0000000000 -4.1625905607e+00 -3.5679942912e+00\n  228    0 1.0000000000 -4.2312959714e+00 -3.6212190579e+00\n  229    0 1.0000000000 -4.2999854478e+00 -3.6760339596e+00\n  230    0 1.0000000000 -4.3686343104e+00 -3.7324085498e+00\n  231    0 1.0000000000 -4.4372173337e+00 -3.7903101618e+00\n  232    0 1.0000000000 -4.5057087556e+00 -3.8497038451e+00\n  233    0 1.0000000000 -4.5740822891e+00 -3.9105523061e+00\n  234    0 1.0000000000 -4.6423111341e+00 -3.9728158551e+00\n  235    0 1.0000000000 -4.7103679907e+00 -4.0364523598e+00\n  236    0 1.0000000000 -4.7782250741e+00 -4.1014172042e+00\n  237    0 1.0000000000 -4.8458541297e+00 -4.1676632558e+00\n  238    0 1.0000000000 -4.9132264499e+00 -4.2351408390e+00\n  239    0 1.0000000000 -4.9803128924e+00 -4.3037977170e+00\n  240    0 1.0000000000 -5.0470838989e+00 -4.3735790806e+00\n  241    0 1.0000000000 -5.1135095155e+00 -4.4444275463e+00\n  242    0 1.0000000000 -5.1795594139e+00 -4.5162831616e+00\n  243    0 1.0000000000 -5.2452029141e+00 -4.5890834202e+00\n  244    0 1.0000000000 -5.3104090078e+00 -4.6627632847e+00\n  245    0 1.0000000000 -5.3751463834e+00 -4.7372552192e+00\n  246    0 1.0000000000 -5.4393834514e+00 -4.8124892301e+00\n  247    0 1.0000000000 -5.5030883715e+00 -4.8883929169e+00\n  248    0 1.0000000000 -5.5662290807e+00 -4.9648915312e+00\n  249    0 1.0000000000 -5.6287733218e+00 -5.0419080455e+00\n  250    0 1.0000000000 -5.6906886736e+00 -5.1193632303e+00\n  251    0 1.0000000000 -5.7519425816e+00 -5.1971757412e+00\n  252    0 1.0000000000 -5.8125023897e+00 -5.2752622140e+00\n  253    0 1.0000000000 -5.8723353729e+00 -5.3535373689e+00\n  254    0 1.0000000000 -5.9314087707e+00 -5.4319141229e+00\n  255    0 1.0000000000 -5.9896898212e+00 -5.5103037114e+00\n  256    0 1.0000000000 -6.0471457957e+00 -5.5886158166e+00\n  257    0 1.0000000000 -6.1037440351e+00 -5.6667587045e+00\n  258    0 1.0000000000 -6.1594519850e+00 -5.7446393694e+00\n  259    0 1.0000000000 -6.2142372331e+00 -5.8221636846e+00\n  260    0 1.0000000000 -6.2680675461e+00 -5.8992365611e+00\n  261    0 1.0000000000 -6.3209109072e+00 -5.9757621116e+00\n  262    0 1.0000000000 -6.3727355542e+00 -6.0516438205e+00\n  263    0 1.0000000000 -6.4235100177e+00 -6.1267847199e+00\n  264    0 1.0000000000 -6.4732031594e+00 -6.2010875696e+00\n  265    0 1.0000000000 -6.5217842107e+00 -6.2744550420e+00\n  266    0 1.0000000000 -6.5692228110e+00 -6.3467899110e+00\n  267    0 1.0000000000 -6.6154890469e+00 -6.4179952435e+00\n  268    0 1.0000000000 -6.6605534901e+00 -6.4879745946e+00\n  269    0 1.0000000000 -6.7043872360e+00 -6.5566322037e+00\n  270    0 1.0000000000 -6.7469619415e+00 -6.6238731933e+00\n  271    0 1.0000000000 -6.7882498629e+00 -6.6896037680e+00\n  272    0 1.0000000000 -6.8282238933e+00 -6.7537314140e+00\n  273    0 1.0000000000 -6.8668575989e+00 -6.8161650984e+00\n  274    0 1.0000000000 -6.9041252558e+00 -6.8768154671e+00\n  275    0 1.0000000000 -6.9400018851e+00 -6.9355950417e+00\n  276    0 1.0000000000 -6.9744632879e+00 -6.9924184141e+00\n  277    0 1.0000000000 -7.0074860794e+00 -7.0472024374e+00\n  278    0 1.0000000000 -7.0390477219e+00 -7.0998664149e+00\n  279    0 1.0000000000 -7.0691265566e+00 -7.1503322835e+00\n  280    0 1.0000000000 -7.0977018355e+00 -7.1985247934e+00\n  281    0 1.0000000000 -7.1247537506e+00 -7.2443716823e+00\n  282    0 1.0000000000 -7.1502634630e+00 -7.2878038436e+00\n  283    0 1.0000000000 -7.1742131306e+00 -7.3287554885e+00\n  284    0 1.0000000000 -7.1965859341e+00 -7.3671643008e+00\n  285    0 1.0000000000 -7.2173661018e+00 -7.4029715848e+00\n  286    0 1.0000000000 -7.2365389334e+00 -7.4361224052e+00\n  287    0 1.0000000000 -7.2540908212e+00 -7.4665657178e+00\n  288    0 1.0000000000 -7.2700092712e+00 -7.4942544925e+00\n  289    0 1.0000000000 -7.2842829214e+00 -7.5191458267e+00\n  290    0 1.0000000000 -7.2969015591e+00 -7.5412010486e+00\n  291    0 1.0000000000 -7.3078561363e+00 -7.5603858111e+00\n  292    0 1.0000000000 -7.3171387833e+00 -7.5766701755e+00\n  293    0 1.0000000000 -7.3247428207e+00 -7.5900286839e+00\n  294    0 1.0000000000 -7.3306627698e+00 -7.6004404218e+00\n  295    0 1.0000000000 -7.3348943605e+00 -7.6078890692e+00\n  296    0 1.0000000000 -7.3374345381e+00 -7.6123629400e+00\n  297    0 1.0000000000 -7.3382814679e+00 -7.6138550112e+00\n