SINGLE-ORBITAL NN+NNN EFFECTIVE MODEL FIT

m=4
eon=0.0
t0=1.0
l_decay=0.5
dl=5.0
pairing=./m=4/pairing.txt
microscopic_orbitals=34

E_eff(k) = eps0 + 2*t1[cos(k.u1)+cos(k.u2)] + 4*t2*cos(k.u1)*cos(k.u2)

eps0     = -5.75601609018476e+00
t1       = -4.17544493055113e-01
t2       = -3.13669986368308e-02

RMSE=2.46059205167993e-01
MAE=2.03262955176970e-01
max_abs_error=5.27189873296551e-01
optimizer_success=True
optimizer_message=Linear least-squares solution
minimum_tracking_continuity=1.0000000000
mean_tracking_continuity=1.0000000000

# k_index idx continuity target fit\n    0    0 1.0000000000 -7.3515888407e+00 -7.5516620570e+00\n    1    0 1.0000000000 -7.3513361857e+00 -7.5511784572e+00\n    2    0 1.0000000000 -7.3505782771e+00 -7.5497281450e+00\n    3    0 1.0000000000 -7.3493152837e+00 -7.5473125806e+00\n    4    0 1.0000000000 -7.3475474869e+00 -7.5439341963e+00\n    5    0 1.0000000000 -7.3452752804e+00 -7.5395963938e+00\n    6    0 1.0000000000 -7.3424991700e+00 -7.5343035410e+00\n    7    0 1.0000000000 -7.3392197737e+00 -7.5280609672e+00\n    8    0 1.0000000000 -7.3354378207e+00 -7.5208749583e+00\n    9    0 1.0000000000 -7.3311541518e+00 -7.5127527500e+00\n   10    0 1.0000000000 -7.3263697185e+00 -7.5037025206e+00\n   11    0 1.0000000000 -7.3210855830e+00 -7.4937333829e+00\n   12    0 1.0000000000 -7.3153029171e+00 -7.4828553750e+00\n   13    0 1.0000000000 -7.3090230021e+00 -7.4710794501e+00\n   14    0 1.0000000000 -7.3022472281e+00 -7.4584174657e+00\n   15    0 1.0000000000 -7.2949770932e+00 -7.4448821712e+00\n   16    0 1.0000000000 -7.2872142030e+00 -7.4304871955e+00\n   17    0 1.0000000000 -7.2789602695e+00 -7.4152470332e+00\n   18    0 1.0000000000 -7.2702171108e+00 -7.3991770298e+00\n   19    0 1.0000000000 -7.2609866499e+00 -7.3822933664e+00\n   20    0 1.0000000000 -7.2512709136e+00 -7.3646130435e+00\n   21    0 1.0000000000 -7.2410720322e+00 -7.3461538636e+00\n   22    0 1.0000000000 -7.2303922377e+00 -7.3269344136e+00\n   23    0 1.0000000000 -7.2192338636e+00 -7.3069740459e+00\n   24    0 1.0000000000 -7.2075993431e+00 -7.2862928587e+00\n   25    0 1.0000000000 -7.1954912082e+00 -7.2649116764e+00\n   26    0 1.0000000000 -7.1829120887e+00 -7.2428520280e+00\n   27    0 1.0000000000 -7.1698647110e+00 -7.2201361256e+00\n   28    0 1.0000000000 -7.1563518963e+00 -7.1967868423e+00\n   29    0 1.0000000000 -7.1423765602e+00 -7.1728276888e+00\n   30    0 1.0000000000 -7.1279417104e+00 -7.1482827900e+00\n   31    0 1.0000000000 -7.1130504462e+00 -7.1231768604e+00\n   32    0 1.0000000000 -7.0977059564e+00 -7.0975351796e+00\n   33    0 1.0000000000 -7.0819115182e+00 -7.0713835666e+00\n   34    0 1.0000000000 -7.0656704957e+00 -7.0447483539e+00\n   35    0 1.0000000000 -7.0489863385e+00 -7.0176563609e+00\n   36    0 1.0000000000 -7.0318625796e+00 -6.9901348669e+00\n   37    0 1.0000000000 -7.0143028347e+00 -6.9622115837e+00\n   38    0 1.0000000000 -6.9963107997e+00 -6.9339146277e+00\n   39    0 1.0000000000 -6.9778902496e+00 -6.9052724916e+00\n   40    0 1.0000000000 -6.9590450369e+00 -6.8763140155e+00\n   41    0 1.0000000000 -6.9397790894e+00 -6.8470683582e+00\n   42    0 1.0000000000 -6.9200964091e+00 -6.8175649676e+00\n   43    0 1.0000000000 -6.9000010699e+00 -6.7878335510e+00\n   44    0 1.0000000000 -6.8794972162e+00 -6.7579040455e+00\n   45    0 1.0000000000 -6.8585890610e+00 -6.7278065876e+00\n   46    0 1.0000000000 -6.8372808840e+00 -6.6975714829e+00\n   47    0 1.0000000000 -6.8155770300e+00 -6.6672291756e+00\n   48    0 1.0000000000 -6.7934819069e+00 -6.6368102177e+00\n   49    0 1.0000000000 -6.7709999836e+00 -6.6063452386e+00\n   50    0 1.0000000000 -6.7481357888e+00 -6.5758649140e+00\n   51    0 1.0000000000 -6.7248939083e+00 -6.5453999349e+00\n   52    0 1.0000000000 -6.7012789835e+00 -6.5149809770e+00\n   53    0 1.0000000000 -6.6772957097e+00 -6.4846386697e+00\n   54    0 1.0000000000 -6.6529488336e+00 -6.4544035649e+00\n   55    0 1.0000000000 -6.6282431519e+00 -6.4243061071e+00\n   56    0 1.0000000000 -6.6031835087e+00 -6.3943766016e+00\n   57    0 1.0000000000 -6.5777747944e+00 -6.3646451850e+00\n   58    0 1.0000000000 -6.5520219430e+00 -6.3351417944e+00\n   59    0 1.0000000000 -6.5259299303e+00 -6.3058961371e+00\n   60    0 1.0000000000 -6.4995037721e+00 -6.2769376610e+00\n   61    0 1.0000000000 -6.4727485219e+00 -6.2482955248e+00\n   62    0 1.0000000000 -6.4456692694e+00 -6.2199985689e+00\n   63    0 1.0000000000 -6.4182711378e+00 -6.1920752857e+00\n   64    0 1.0000000000 -6.3905592823e+00 -6.1645537917e+00\n   65    0 1.0000000000 -6.3625388880e+00 -6.1374617987e+00\n   66    0 1.0000000000 -6.3342151677e+00 -6.1108265860e+00\n   67    0 1.0000000000 -6.3055933600e+00 -6.0846749730e+00\n   68    0 1.0000000000 -6.2766787274e+00 -6.0590332922e+00\n   69    0 1.0000000000 -6.2474765541e+00 -6.0339273626e+00\n   70    0 1.0000000000 -6.2179921439e+00 -6.0093824638e+00\n   71    0 1.0000000000 -6.1882308185e+00 -5.9854233103e+00\n   72    0 1.0000000000 -6.1581979153e+00 -5.9620740269e+00\n   73    0 1.0000000000 -6.1278987853e+00 -5.9393581246e+00\n   74    0 1.0000000000 -6.0973387914e+00 -5.9172984762e+00\n   75    0 1.0000000000 -6.0665233059e+00 -5.8959172939e+00\n   76    0 1.0000000000 -6.0354577091e+00 -5.8752361067e+00\n   77    0 1.0000000000 -6.0041473869e+00 -5.8552757390e+00\n   78    0 1.0000000000 -5.9725977290e+00 -5.8360562890e+00\n   79    0 1.0000000000 -5.9408141270e+00 -5.8175971091e+00\n   80    0 1.0000000000 -5.9088019725e+00 -5.7999167862e+00\n   81    0 1.0000000000 -5.8765666547e+00 -5.7830331228e+00\n   82    0 1.0000000000 -5.8441135595e+00 -5.7669631194e+00\n   83    0 1.0000000000 -5.8114480666e+00 -5.7517229571e+00\n   84    0 1.0000000000 -5.7785755484e+00 -5.7373279814e+00\n   85    0 1.0000000000 -5.7455013680e+00 -5.7237926869e+00\n   86    0 1.0000000000 -5.7122308773e+00 -5.7111307025e+00\n   87    0 1.0000000000 -5.6787694156e+00 -5.6993547776e+00\n   88    0 1.0000000000 -5.6451223082e+00 -5.6884767697e+00\n   89    0 1.0000000000 -5.6112948643e+00 -5.6785076320e+00\n   90    0 1.0000000000 -5.5772923766e+00 -5.6694574026e+00\n   91    0 1.0000000000 -5.5431201201e+00 -5.6613351943e+00\n   92    0 1.0000000000 -5.5087833515e+00 -5.6541491854e+00\n   93    0 1.0000000000 -5.4742873112e+00 -5.6479066116e+00\n   94    0 1.0000000000 -5.4396372269e+00 -5.6426137588e+00\n   95    0 1.0000000000 -5.4048383271e+00 -5.6382759563e+00\n   96    0 1.0000000000 -5.3698958805e+00 -5.6348975720e+00\n   97    0 1.0000000000 -5.3348153527e+00 -5.6324820076e+00\n   98    0 1.0000000000 -5.2996033981e+00 -5.6310316954e+00\n   99    0 1.0000000000 -5.2643214604e+00 -5.6305480956e+00\n  100    0 1.0000000000 -5.2641584089e+00 -5.6301908315e+00\n  101    0 1.0000000000 -5.2636373294e+00 -5.6291193990e+00\n  102    0 1.0000000000 -5.2627583247e+00 -5.6273348768e+00\n  103    0 1.0000000000 -5.2615215679e+00 -5.6248390619e+00\n  104    0 1.0000000000 -5.2599273024e+00 -5.6216344674e+00\n  105    0 1.0000000000 -5.2579758419e+00 -5.6177243199e+00\n  106    0 1.0000000000 -5.2556675700e+00 -5.6131125566e+00\n  107    0 1.0000000000 -5.2530029404e+00 -5.6078038213e+00\n  108    0 1.0000000000 -5.2499824763e+00 -5.6018034594e+00\n  109    0 1.0000000000 -5.2466067705e+00 -5.5951175127e+00\n  110    0 1.0000000000 -5.2428764846e+00 -5.5877527134e+00\n  111    0 1.0000000000 -5.2387923496e+00 -5.5797164772e+00\n  112    0 1.0000000000 -5.2343551645e+00 -5.5710168960e+00\n  113    0 1.0000000000 -5.2295657970e+00 -5.5616627295e+00\n  114    0 1.0000000000 -5.2244251824e+00 -5.5516633965e+00\n  115    0 1.0000000000 -5.2189343232e+00 -5.5410289655e+00\n  116    0 1.0000000000 -5.2130942891e+00 -5.5297701445e+00\n  117    0 1.0000000000 -5.2069062164e+00 -5.5178982702e+00\n  118    0 1.0000000000 -5.2003713071e+00 -5.5054252965e+00\n  119    0 1.0000000000 -5.1934908290e+00 -5.4923637827e+00\n  120    0 1.0000000000 -5.1862661146e+00 -5.4787268806e+00\n  121    0 1.0000000000 -5.1786985610e+00 -5.4645283214e+00\n  122    0 1.0000000000 -5.1707896289e+00 -5.4497824018e+00\n  123    0 1.0000000000 -5.1625408423e+00 -5.4345039698e+00\n  124    0 1.0000000000 -5.1539537875e+00 -5.4187084094e+00\n  125    0 1.0000000000 -5.1450301129e+00 -5.4024116255e+00\n  126    0 1.0000000000 -5.1357715279e+00 -5.3856300274e+00\n  127    0 1.0000000000 -5.1261798023e+00 -5.3683805129e+00\n  128    0 1.0000000000 -5.1162567657e+00 -5.3506804508e+00\n  129    0 1.0000000000 -5.1060043066e+00 -5.3325476634e+00\n  130    0 1.0000000000 -5.0954243714e+00 -5.3140004090e+00\n  131    0 1.0000000000 -5.0845189643e+00 -5.2950573632e+00\n  132    0 1.0000000000 -5.0732901455e+00 -5.2757375999e+00\n  133    0 1.0000000000 -5.0617400311e+00 -5.2560605724e+00\n  134    0 1.0000000000 -5.0498707919e+00 -5.2360460940e+00\n  135    0 1.0000000000 -5.0376846528e+00 -5.2157143175e+00\n  136    0 1.0000000000 -5.0251838915e+00 -5.1950857153e+00\n  137    0 1.0000000000 -5.0123708376e+00 -5.1741810585e+00\n  138    0 1.0000000000 -4.9992478722e+00 -5.1530213965e+00\n  139    0 1.0000000000 -4.9858174263e+00 -5.1316280352e+00\n  140    0 1.0000000000 -4.9720819802e+00 -5.1100225160e+00\n  141    0 1.0000000000 -4.9580440623e+00 -5.0882265937e+00\n  142    0 1.0000000000 -4.9437062483e+00 -5.0662622149e+00\n  143    0 1.0000000000 -4.9290711600e+00 -5.0441514961e+00\n  144    0 1.0000000000 -4.9141414645e+00 -5.0219167007e+00\n  145    0 1.0000000000 -4.8989198727e+00 -4.9995802174e+00\n  146    0 1.0000000000 -4.8834091390e+00 -4.9771645370e+00\n  147    0 1.0000000000 -4.8676120592e+00 -4.9546922304e+00\n  148    0 1.0000000000 -4.8515314705e+00 -4.9321859251e+00\n  149    0 1.0000000000 -4.8351702496e+00 -4.9096682831e+00\n  150    0 1.0000000000 -4.8185313122e+00 -4.8871619778e+00\n  151    0 1.0000000000 -4.8016176112e+00 -4.8646896711e+00\n  152    0 1.0000000000 -4.7844321364e+00 -4.8422739908e+00\n  153    0 1.0000000000 -4.7669779127e+00 -4.8199375074e+00\n  154    0 1.0000000000 -4.7492579994e+00 -4.7977027121e+00\n  155    0 1.0000000000 -4.7312754887e+00 -4.7755919932e+00\n  156    0 1.0000000000 -4.7130335049e+00 -4.7536276145e+00\n  157    0 1.0000000000 -4.6945352032e+00 -4.7318316922e+00\n  158    0 1.0000000000 -4.6757837684e+00 -4.7102261729e+00\n  159    0 1.0000000000 -4.6567824137e+00 -4.6888328116e+00\n  160    0 1.0000000000 -4.6375343799e+00 -4.6676731496e+00\n  161    0 1.0000000000 -4.6180429337e+00 -4.6467684929e+00\n  162    0 1.0000000000 -4.5983113671e+00 -4.6261398906e+00\n  163    0 1.0000000000 -4.5783429959e+00 -4.6058081141e+00\n  164    0 1.0000000000 -4.5581411586e+00 -4.5857936357e+00\n  165    0 1.0000000000 -4.5377092155e+00 -4.5661166083e+00\n  166    0 1.0000000000 -4.5170505471e+00 -4.5467968450e+00\n  167    0 1.0000000000 -4.4961685531e+00 -4.5278537991e+00\n  168    0 1.0000000000 -4.4750666515e+00 -4.5093065447e+00\n  169    0 1.0000000000 -4.4537482773e+00 -4.4911737574e+00\n  170    0 1.0000000000 -4.4322168812e+00 -4.4734736952e+00\n  171    0 1.0000000000 -4.4104759286e+00 -4.4562241807e+00\n  172    0 1.0000000000 -4.3885288985e+00 -4.4394425827e+00\n  173    0 1.0000000000 -4.3663792823e+00 -4.4231457987e+00\n  174    0 1.0000000000 -4.3440305828e+00 -4.4073502383e+00\n  175    0 1.0000000000 -4.3214863129e+00 -4.3920718063e+00\n  176    0 1.0000000000 -4.2987499947e+00 -4.3773258868e+00\n  177    0 1.0000000000 -4.2758251580e+00 -4.3631273276e+00\n  178    0 1.0000000000 -4.2527153398e+00 -4.3494904254e+00\n  179    0 1.0000000000 -4.2294240829e+00 -4.3364289116e+00\n  180    0 1.0000000000 -4.2059549346e+00 -4.3239559380e+00\n  181    0 1.0000000000 -4.1823114462e+00 -4.3120840636e+00\n  182    0 1.0000000000 -4.1584971715e+00 -4.3008252426e+00\n  183    0 1.0000000000 -4.1345156660e+00 -4.2901908117e+00\n  184    0 1.0000000000 -4.1103704856e+00 -4.2801914787e+00\n  185    0 1.0000000000 -4.0860651862e+00 -4.2708373121e+00\n  186    0 1.0000000000 -4.0616033219e+00 -4.2621377309e+00\n  187    0 1.0000000000 -4.0369884449e+00 -4.2541014947e+00\n  188    0 1.0000000000 -4.0122241041e+00 -4.2467366954e+00\n  189    0 1.0000000000 -3.9873138444e+00 -4.2400507487e+00\n  190    0 1.0000000000 -3.9622612060e+00 -4.2340503868e+00\n  191    0 1.0000000000 -3.9370697242e+00 -4.2287416515e+00\n  192    0 1.0000000000 -3.9117429293e+00 -4.2241298883e+00\n  193    0 1.0000000000 -3.8862843477e+00 -4.2202197408e+00\n  194    0 1.0000000000 -3.8606975066e+00 -4.2170151462e+00\n  195    0 1.0000000000 -3.8349859479e+00 -4.2145193313e+00\n  196    0 1.0000000000 -3.8091532830e+00 -4.2127348091e+00\n  197    0 1.0000000000 -3.7832035214e+00 -4.2116633766e+00\n  198    0 1.0000000000 -3.7571508174e+00 -4.2113061125e+00\n  199    0 1.0000000000 -3.8093101291e+00 -4.2120206725e+00\n  200    0 1.0000000000 -3.8615772182e+00 -4.2141640144e+00\n  201    0 1.0000000000 -3.9139135025e+00 -4.2177351226e+00\n  202    0 1.0000000000 -3.9663085909e+00 -4.2227323008e+00\n  203    0 1.0000000000 -4.0187527155e+00 -4.2291531656e+00\n  204    0 1.0000000000 -4.0712360612e+00 -4.2369946384e+00\n  205    0 1.0000000000 -4.1237486585e+00 -4.2462529349e+00\n  206    0 1.0000000000 -4.1762803551e+00 -4.2569235526e+00\n  207    0 1.0000000000 -4.2288208073e+00 -4.2690012553e+00\n  208    0 1.0000000000 -4.2813594767e+00 -4.2824800567e+00\n  209    0 1.0000000000 -4.3338856297e+00 -4.2973532016e+00\n  210    0 1.0000000000 -4.3863883380e+00 -4.3136131448e+00\n  211    0 1.0000000000 -4.4388564798e+00 -4.3312515293e+00\n  212    0 1.0000000000 -4.4912787411e+00 -4.3502591620e+00\n  213    0 1.0000000000 -4.5436436175e+00 -4.3706259888e+00\n  214    0 1.0000000000 -4.5959394167e+00 -4.3923410679e+00\n  215    0 1.0000000000 -4.6481542600e+00 -4.4153925425e+00\n  216    0 1.0000000000 -4.7002760852e+00 -4.4397676122e+00\n  217    0 1.0000000000 -4.7522926495e+00 -4.4654525042e+00\n  218    0 1.0000000000 -4.8041915317e+00 -4.4924324437e+00\n  219    0 1.0000000000 -4.8559601362e+00 -4.5206916240e+00\n  220    0 1.0000000000 -4.9075856954e+00 -4.5502131771e+00\n  221    0 1.0000000000 -4.9590552740e+00 -4.5809791435e+00\n  222    0 1.0000000000 -5.0103557724e+00 -4.6129704430e+00\n  223    0 1.0000000000 -5.0614739309e+00 -4.6461668466e+00\n  224    0 1.0000000000 -5.1123963339e+00 -4.6805469478e+00\n  225    0 1.0000000000 -5.1631094147e+00 -4.7160881361e+00\n  226    0 1.0000000000 -5.2135994603e+00 -4.7527665716e+00\n  227    0 1.0000000000 -5.2638526166e+00 -4.7905571607e+00\n  228    0 1.0000000000 -5.3138548942e+00 -4.8294335337e+00\n  229    0 1.0000000000 -5.3635921739e+00 -4.8693680244e+00\n  230    0 1.0000000000 -5.4130502134e+00 -4.9103316514e+00\n  231    0 1.0000000000 -5.4622146536e+00 -4.9522941027e+00\n  232    0 1.0000000000 -5.5110710256e+00 -4.9952237217e+00\n  233    0 1.0000000000 -5.5596047583e+00 -5.0390874964e+00\n  234    0 1.0000000000 -5.6078011858e+00 -5.0838510519e+00\n  235    0 1.0000000000 -5.6556455556e+00 -5.1294786452e+00\n  236    0 1.0000000000 -5.7031230369e+00 -5.1759331636e+00\n  237    0 1.0000000000 -5.7502187294e+00 -5.2231761270e+00\n  238    0 1.0000000000 -5.7969176723e+00 -5.2711676927e+00\n  239    0 1.0000000000 -5.8432048535e+00 -5.3198666646e+00\n  240    0 1.0000000000 -5.8890652194e+00 -5.3692305060e+00\n  241    0 1.0000000000 -5.9344836842e+00 -5.4192153564e+00\n  242    0 1.0000000000 -5.9794451408e+00 -5.4697760519e+00\n  243    0 1.0000000000 -6.0239344702e+00 -5.5208661499e+00\n  244    0 1.0000000000 -6.0679365523e+00 -5.5724379579e+00\n  245    0 1.0000000000 -6.1114362766e+00 -5.6244425667e+00\n  246    0 1.0000000000 -6.1544185527e+00 -5.6768298869e+00\n  247    0 1.0000000000 -6.1968683212e+00 -5.7295486908e+00\n  248    0 1.0000000000 -6.2387705648e+00 -5.7825466574e+00\n  249    0 1.0000000000 -6.2801103193e+00 -5.8357704223e+00\n  250    0 1.0000000000 -6.3208726844e+00 -5.8891656311e+00\n  251    0 1.0000000000 -6.3610428356e+00 -5.9426769978e+00\n  252    0 1.0000000000 -6.4006060347e+00 -5.9962483659e+00\n  253    0 1.0000000000 -6.4395476417e+00 -6.0498227744e+00\n  254    0 1.0000000000 -6.4778531256e+00 -6.1033425276e+00\n  255    0 1.0000000000 -6.5155080762e+00 -6.1567492677e+00\n  256    0 1.0000000000 -6.5524982152e+00 -6.2099840522e+00\n  257    0 1.0000000000 -6.5888094077e+00 -6.2629874334e+00\n  258    0 1.0000000000 -6.6244276733e+00 -6.3156995425e+00\n  259    0 1.0000000000 -6.6593391976e+00 -6.3680601754e+00\n  260    0 1.0000000000 -6.6935303436e+00 -6.4200088824e+00\n  261    0 1.0000000000 -6.7269876624e+00 -6.4714850600e+00\n  262    0 1.0000000000 -6.7596979052e+00 -6.5224280456e+00\n  263    0 1.0000000000 -6.7916480335e+00 -6.5727772137e+00\n  264    0 1.0000000000 -6.8228252308e+00 -6.6224720749e+00\n  265    0 1.0000000000 -6.8532169131e+00 -6.6714523762e+00\n  266    0 1.0000000000 -6.8828107399e+00 -6.7196582024e+00\n  267    0 1.0000000000 -6.9115946249e+00 -6.7670300797e+00\n  268    0 1.0000000000 -6.9395567463e+00 -6.8135090792e+00\n  269    0 1.0000000000 -6.9666855575e+00 -6.8590369214e+00\n  270    0 1.0000000000 -6.9929697970e+00 -6.9035560815e+00\n  271    0 1.0000000000 -7.0183984986e+00 -6.9470098940e+00\n  272    0 1.0000000000 -7.0429610014e+00 -6.9893426576e+00\n  273    0 1.0000000000 -7.0666469590e+00 -7.0304997394e+00\n  274    0 1.0000000000 -7.0894463493e+00 -7.0704276781e+00\n  275    0 1.0000000000 -7.1113494836e+00 -7.1090742864e+00\n  276    0 1.0000000000 -7.1323470152e+00 -7.1463887517e+00\n  277    0 1.0000000000 -7.1524299484e+00 -7.1823217353e+00\n  278    0 1.0000000000 -7.1715896468e+00 -7.2168254692e+00\n  279    0 1.0000000000 -7.1898178412e+00 -7.2498538513e+00\n  280    0 1.0000000000 -7.2071066376e+00 -7.2813625371e+00\n  281    0 1.0000000000 -7.2234485246e+00 -7.3113090291e+00\n  282    0 1.0000000000 -7.2388363802e+00 -7.3396527633e+00\n  283    0 1.0000000000 -7.2532634792e+00 -7.3663551915e+00\n  284    0 1.0000000000 -7.2667234990e+00 -7.3913798608e+00\n  285    0 1.0000000000 -7.2792105261e+00 -7.4146924885e+00\n  286    0 1.0000000000 -7.2907190617e+00 -7.4362610334e+00\n  287    0 1.0000000000 -7.3012440269e+00 -7.4560557625e+00\n  288    0 1.0000000000 -7.3107807675e+00 -7.4740493133e+00\n  289    0 1.0000000000 -7.3193250589e+00 -7.4902167512e+00\n  290    0 1.0000000000 -7.3268731101e+00 -7.5045356220e+00\n  291    0 1.0000000000 -7.3334215672e+00 -7.5169859993e+00\n  292    0 1.0000000000 -7.3389675167e+00 -7.5275505271e+00\n  293    0 1.0000000000 -7.3435084886e+00 -7.5362144565e+00\n  294    0 1.0000000000 -7.3470424587e+00 -7.5429656767e+00\n  295    0 1.0000000000 -7.3495678505e+00 -7.5477947416e+00\n  296    0 1.0000000000 -7.3510835367e+00 -7.5506948893e+00\n  297    0 1.0000000000 -7.3515888407e+00 -7.5516620570e+00\n