SINGLE-ORBITAL NN+NNN EFFECTIVE MODEL FIT

m=5
eon=0.0
t0=1.0
l_decay=0.5
dl=5.0
pairing=./m=5/pairing.txt
microscopic_orbitals=52

E_eff(k) = eps0 + 2*t1[cos(k.u1)+cos(k.u2)] + 4*t2*cos(k.u1)*cos(k.u2)

eps0     = -6.24110268648883e+00
t1       = -2.98818570009125e-01
t2       = -1.56793466818595e-02

RMSE=1.85461326517538e-01
MAE=1.51609987952726e-01
max_abs_error=4.01311260416814e-01
optimizer_success=True
optimizer_message=Linear least-squares solution
minimum_tracking_continuity=1.0000000000
mean_tracking_continuity=1.0000000000

# k_index idx continuity target fit\n    0    0 1.0000000000 -7.3532691661e+00 -7.4990943533e+00\n    1    0 1.0000000000 -7.3531033851e+00 -7.4987618927e+00\n    2    0 1.0000000000 -7.3526060666e+00 -7.4977648459e+00\n    3    0 1.0000000000 -7.3517772840e+00 -7.4961042168e+00\n    4    0 1.0000000000 -7.3506171601e+00 -7.4937816775e+00\n    5    0 1.0000000000 -7.3491258664e+00 -7.4907995665e+00\n    6    0 1.0000000000 -7.3473036233e+00 -7.4871608867e+00\n    7    0 1.0000000000 -7.3451507001e+00 -7.4828693018e+00\n    8    0 1.0000000000 -7.3426674148e+00 -7.4779291331e+00\n    9    0 1.0000000000 -7.3398541343e+00 -7.4723453550e+00\n   10    0 1.0000000000 -7.3367112737e+00 -7.4661235898e+00\n   11    0 1.0000000000 -7.3332392966e+00 -7.4592701024e+00\n   12    0 1.0000000000 -7.3294387149e+00 -7.4517917936e+00\n   13    0 1.0000000000 -7.3253100885e+00 -7.4436961934e+00\n   14    0 1.0000000000 -7.3208540253e+00 -7.4349914534e+00\n   15    0 1.0000000000 -7.3160711808e+00 -7.4256863386e+00\n   16    0 1.0000000000 -7.3109622578e+00 -7.4157902183e+00\n   17    0 1.0000000000 -7.3055280067e+00 -7.4053130573e+00\n   18    0 1.0000000000 -7.2997692246e+00 -7.3942654051e+00\n   19    0 1.0000000000 -7.2936867555e+00 -7.3826583856e+00\n   20    0 1.0000000000 -7.2872814897e+00 -7.3705036863e+00\n   21    0 1.0000000000 -7.2805543637e+00 -7.3578135459e+00\n   22    0 1.0000000000 -7.2735063601e+00 -7.3446007422e+00\n   23    0 1.0000000000 -7.2661385067e+00 -7.3308785795e+00\n   24    0 1.0000000000 -7.2584518767e+00 -7.3166608747e+00\n   25    0 1.0000000000 -7.2504475881e+00 -7.3019619440e+00\n   26    0 1.0000000000 -7.2421268034e+00 -7.2867965879e+00\n   27    0 1.0000000000 -7.2334907293e+00 -7.2711800766e+00\n   28    0 1.0000000000 -7.2245406160e+00 -7.2551281346e+00\n   29    0 1.0000000000 -7.2152777574e+00 -7.2386569248e+00\n   30    0 1.0000000000 -7.2057034900e+00 -7.2217830325e+00\n   31    0 1.0000000000 -7.1958191930e+00 -7.2045234481e+00\n   32    0 1.0000000000 -7.1856262873e+00 -7.1868955507e+00\n   33    0 1.0000000000 -7.1751262359e+00 -7.1689170899e+00\n   34    0 1.0000000000 -7.1643205425e+00 -7.1506061686e+00\n   35    0 1.0000000000 -7.1532107517e+00 -7.1319812243e+00\n   36    0 1.0000000000 -7.1417984482e+00 -7.1130610108e+00\n   37    0 1.0000000000 -7.1300852563e+00 -7.0938645791e+00\n   38    0 1.0000000000 -7.1180728396e+00 -7.0744112585e+00\n   39    0 1.0000000000 -7.1057629002e+00 -7.0547206366e+00\n   40    0 1.0000000000 -7.0931571783e+00 -7.0348125404e+00\n   41    0 1.0000000000 -7.0802574518e+00 -7.0147070156e+00\n   42    0 1.0000000000 -7.0670655356e+00 -6.9944243068e+00\n   43    0 1.0000000000 -7.0535832808e+00 -6.9739848369e+00\n   44    0 1.0000000000 -7.0398125748e+00 -6.9534091867e+00\n   45    0 1.0000000000 -7.0257553399e+00 -6.9327180742e+00\n   46    0 1.0000000000 -7.0114135334e+00 -6.9119323335e+00\n   47    0 1.0000000000 -6.9967891466e+00 -6.8910728943e+00\n   48    0 1.0000000000 -6.9818842044e+00 -6.8701607600e+00\n   49    0 1.0000000000 -6.9667007644e+00 -6.8492169875e+00\n   50    0 1.0000000000 -6.9512409169e+00 -6.8282626655e+00\n   51    0 1.0000000000 -6.9355067834e+00 -6.8073188930e+00\n   52    0 1.0000000000 -6.9195005167e+00 -6.7864067588e+00\n   53    0 1.0000000000 -6.9032243000e+00 -6.7655473195e+00\n   54    0 1.0000000000 -6.8866803461e+00 -6.7447615788e+00\n   55    0 1.0000000000 -6.8698708972e+00 -6.7240704663e+00\n   56    0 1.0000000000 -6.8527982235e+00 -6.7034948161e+00\n   57    0 1.0000000000 -6.8354646234e+00 -6.6830553462e+00\n   58    0 1.0000000000 -6.8178724222e+00 -6.6627726374e+00\n   59    0 1.0000000000 -6.8000239717e+00 -6.6426671126e+00\n   60    0 1.0000000000 -6.7819216495e+00 -6.6227590164e+00\n   61    0 1.0000000000 -6.7635678583e+00 -6.6030683945e+00\n   62    0 1.0000000000 -6.7449650252e+00 -6.5836150739e+00\n   63    0 1.0000000000 -6.7261156010e+00 -6.5644186422e+00\n   64    0 1.0000000000 -6.7070220596e+00 -6.5454984287e+00\n   65    0 1.0000000000 -6.6876868973e+00 -6.5268734844e+00\n   66    0 1.0000000000 -6.6681126321e+00 -6.5085625631e+00\n   67    0 1.0000000000 -6.6483018027e+00 -6.4905841024e+00\n   68    0 1.0000000000 -6.6282569685e+00 -6.4729562049e+00\n   69    0 1.0000000000 -6.6079807081e+00 -6.4556966205e+00\n   70    0 1.0000000000 -6.5874756192e+00 -6.4388227282e+00\n   71    0 1.0000000000 -6.5667443178e+00 -6.4223515184e+00\n   72    0 1.0000000000 -6.5457894372e+00 -6.4062995765e+00\n   73    0 1.0000000000 -6.5246136275e+00 -6.3906830651e+00\n   74    0 1.0000000000 -6.5032195550e+00 -6.3755177090e+00\n   75    0 1.0000000000 -6.4816099014e+00 -6.3608187783e+00\n   76    0 1.0000000000 -6.4597873630e+00 -6.3466010735e+00\n   77    0 1.0000000000 -6.4377546505e+00 -6.3328789108e+00\n   78    0 1.0000000000 -6.4155144873e+00 -6.3196661071e+00\n   79    0 1.0000000000 -6.3930696100e+00 -6.3069759667e+00\n   80    0 1.0000000000 -6.3704227670e+00 -6.2948212674e+00\n   81    0 1.0000000000 -6.3475767177e+00 -6.2832142480e+00\n   82    0 1.0000000000 -6.3245342325e+00 -6.2721665957e+00\n   83    0 1.0000000000 -6.3012980914e+00 -6.2616894347e+00\n   84    0 1.0000000000 -6.2778710837e+00 -6.2517933145e+00\n   85    0 1.0000000000 -6.2542560074e+00 -6.2424881996e+00\n   86    0 1.0000000000 -6.2304556683e+00 -6.2337834597e+00\n   87    0 1.0000000000 -6.2064728793e+00 -6.2256878595e+00\n   88    0 1.0000000000 -6.1823104599e+00 -6.2182095506e+00\n   89    0 1.0000000000 -6.1579712358e+00 -6.2113560632e+00\n   90    0 1.0000000000 -6.1334580377e+00 -6.2051342980e+00\n   91    0 1.0000000000 -6.1087737009e+00 -6.1995505199e+00\n   92    0 1.0000000000 -6.0839210649e+00 -6.1946103512e+00\n   93    0 1.0000000000 -6.0589029726e+00 -6.1903187663e+00\n   94    0 1.0000000000 -6.0337222699e+00 -6.1866800865e+00\n   95    0 1.0000000000 -6.0083818052e+00 -6.1836979755e+00\n   96    0 1.0000000000 -5.9828844305e+00 -6.1813754362e+00\n   97    0 1.0000000000 -5.9572330043e+00 -6.1797148071e+00\n   98    0 1.0000000000 -5.9314304208e+00 -6.1787177603e+00\n   99    0 1.0000000000 -5.9054843281e+00 -6.1783852998e+00\n  100    0 1.0000000000 -5.9053537385e+00 -6.1781159903e+00\n  101    0 1.0000000000 -5.9049599582e+00 -6.1773083332e+00\n  102    0 1.0000000000 -5.9043030421e+00 -6.1759631417e+00\n  103    0 1.0000000000 -5.9033830813e+00 -6.1740817702e+00\n  104    0 1.0000000000 -5.9022002024e+00 -6.1716661132e+00\n  105    0 1.0000000000 -5.9007545675e+00 -6.1687186030e+00\n  106    0 1.0000000000 -5.8990463746e+00 -6.1652422074e+00\n  107    0 1.0000000000 -5.8970758570e+00 -6.1612404270e+00\n  108    0 1.0000000000 -5.8948432839e+00 -6.1567172912e+00\n  109    0 1.0000000000 -5.8923489593e+00 -6.1516773544e+00\n  110    0 1.0000000000 -5.8895932229e+00 -6.1461256914e+00\n  111    0 1.0000000000 -5.8865764496e+00 -6.1400678922e+00\n  112    0 1.0000000000 -5.8832990491e+00 -6.1335100565e+00\n  113    0 1.0000000000 -5.8797614664e+00 -6.1264587876e+00\n  114    0 1.0000000000 -5.8759641810e+00 -6.1189211854e+00\n  115    0 1.0000000000 -5.8719077072e+00 -6.1109048397e+00\n  116    0 1.0000000000 -5.8675925939e+00 -6.1024178222e+00\n  117    0 1.0000000000 -5.8630194242e+00 -6.0934686787e+00\n  118    0 1.0000000000 -5.8581888154e+00 -6.0840664202e+00\n  119    0 1.0000000000 -5.8531014188e+00 -6.0742205140e+00\n  120    0 1.0000000000 -5.8477579196e+00 -6.0639408740e+00\n  121    0 1.0000000000 -5.8421590362e+00 -6.0532378510e+00\n  122    0 1.0000000000 -5.8363055208e+00 -6.0421222220e+00\n  123    0 1.0000000000 -5.8301981583e+00 -6.0306051796e+00\n  124    0 1.0000000000 -5.8238377669e+00 -6.0186983203e+00\n  125    0 1.0000000000 -5.8172251972e+00 -6.0064136335e+00\n  126    0 1.0000000000 -5.8103613322e+00 -5.9937634887e+00\n  127    0 1.0000000000 -5.8032470870e+00 -5.9807606236e+00\n  128    0 1.0000000000 -5.7958834087e+00 -5.9674181309e+00\n  129    0 1.0000000000 -5.7882712758e+00 -5.9537494454e+00\n  130    0 1.0000000000 -5.7804116982e+00 -5.9397683304e+00\n  131    0 1.0000000000 -5.7723057167e+00 -5.9254888635e+00\n  132    0 1.0000000000 -5.7639544028e+00 -5.9109254231e+00\n  133    0 1.0000000000 -5.7553588583e+00 -5.8960926733e+00\n  134    0 1.0000000000 -5.7465202151e+00 -5.8810055493e+00\n  135    0 1.0000000000 -5.7374396347e+00 -5.8656792427e+00\n  136    0 1.0000000000 -5.7281183081e+00 -5.8501291858e+00\n  137    0 1.0000000000 -5.7185574552e+00 -5.8343710361e+00\n  138    0 1.0000000000 -5.7087583245e+00 -5.8184206607e+00\n  139    0 1.0000000000 -5.6987221930e+00 -5.8022941204e+00\n  140    0 1.0000000000 -5.6884503654e+00 -5.7860076531e+00\n  141    0 1.0000000000 -5.6779441740e+00 -5.7695776581e+00\n  142    0 1.0000000000 -5.6672049784e+00 -5.7530206788e+00\n  143    0 1.0000000000 -5.6562341648e+00 -5.7363533868e+00\n  144    0 1.0000000000 -5.6450331457e+00 -5.7195925646e+00\n  145    0 1.0000000000 -5.6336033599e+00 -5.7027550890e+00\n  146    0 1.0000000000 -5.6219462716e+00 -5.6858579138e+00\n  147    0 1.0000000000 -5.6100633699e+00 -5.6689180531e+00\n  148    0 1.0000000000 -5.5979561691e+00 -5.6519525639e+00\n  149    0 1.0000000000 -5.5856262074e+00 -5.6349785290e+00\n  150    0 1.0000000000 -5.5730750471e+00 -5.6180130398e+00\n  151    0 1.0000000000 -5.5603042739e+00 -5.6010731791e+00\n  152    0 1.0000000000 -5.5473154966e+00 -5.5841760039e+00\n  153    0 1.0000000000 -5.5341103463e+00 -5.5673385283e+00\n  154    0 1.0000000000 -5.5206904765e+00 -5.5505777061e+00\n  155    0 1.0000000000 -5.5070575621e+00 -5.5339104141e+00\n  156    0 1.0000000000 -5.4932132995e+00 -5.5173534349e+00\n  157    0 1.0000000000 -5.4791594056e+00 -5.5009234398e+00\n  158    0 1.0000000000 -5.4648976177e+00 -5.4846369726e+00\n  159    0 1.0000000000 -5.4504296930e+00 -5.4685104322e+00\n  160    0 1.0000000000 -5.4357574079e+00 -5.4525600569e+00\n  161    0 1.0000000000 -5.4208825576e+00 -5.4368019071e+00\n  162    0 1.0000000000 -5.4058069560e+00 -5.4212518502e+00\n  163    0 1.0000000000 -5.3905324348e+00 -5.4059255436e+00\n  164    0 1.0000000000 -5.3750608430e+00 -5.3908384197e+00\n  165    0 1.0000000000 -5.3593940468e+00 -5.3760056698e+00\n  166    0 1.0000000000 -5.3435339287e+00 -5.3614422294e+00\n  167    0 1.0000000000 -5.3274823873e+00 -5.3471627626e+00\n  168    0 1.0000000000 -5.3112413368e+00 -5.3331816475e+00\n  169    0 1.0000000000 -5.2948127062e+00 -5.3195129620e+00\n  170    0 1.0000000000 -5.2781984394e+00 -5.3061704694e+00\n  171    0 1.0000000000 -5.2614004939e+00 -5.2931676042e+00\n  172    0 1.0000000000 -5.2444208413e+00 -5.2805174594e+00\n  173    0 1.0000000000 -5.2272614658e+00 -5.2682327726e+00\n  174    0 1.0000000000 -5.2099243644e+00 -5.2563259134e+00\n  175    0 1.0000000000 -5.1924115464e+00 -5.2448088709e+00\n  176    0 1.0000000000 -5.1747250325e+00 -5.2336932419e+00\n  177    0 1.0000000000 -5.1568668544e+00 -5.2229902190e+00\n  178    0 1.0000000000 -5.1388390549e+00 -5.2127105790e+00\n  179    0 1.0000000000 -5.1206436865e+00 -5.2028646727e+00\n  180    0 1.0000000000 -5.1022828116e+00 -5.1934624142e+00\n  181    0 1.0000000000 -5.0837585018e+00 -5.1845132707e+00\n  182    0 1.0000000000 -5.0650728374e+00 -5.1760262533e+00\n  183    0 1.0000000000 -5.0462279070e+00 -5.1680099076e+00\n  184    0 1.0000000000 -5.0272258067e+00 -5.1604723054e+00\n  185    0 1.0000000000 -5.0080686403e+00 -5.1534210364e+00\n  186    0 1.0000000000 -4.9887585181e+00 -5.1468632008e+00\n  187    0 1.0000000000 -4.9692975567e+00 -5.1408054016e+00\n  188    0 1.0000000000 -4.9496878790e+00 -5.1352537386e+00\n  189    0 1.0000000000 -4.9299316128e+00 -5.1302138017e+00\n  190    0 1.0000000000 -4.9100308913e+00 -5.1256906659e+00\n  191    0 1.0000000000 -4.8899878519e+00 -5.1216888855e+00\n  192    0 1.0000000000 -4.8698046363e+00 -5.1182124900e+00\n  193    0 1.0000000000 -4.8494833899e+00 -5.1152649798e+00\n  194    0 1.0000000000 -4.8290262615e+00 -5.1128493227e+00\n  195    0 1.0000000000 -4.8084354038e+00 -5.1109679512e+00\n  196    0 1.0000000000 -4.7877129750e+00 -5.1096227597e+00\n  197    0 1.0000000000 -4.7668611561e+00 -5.1088151026e+00\n  198    0 1.0000000000 -4.7467288306e+00 -5.1085457932e+00\n  199    0 1.0000000000 -4.7879063415e+00 -5.1090844279e+00\n  200    0 1.0000000000 -4.8298493816e+00 -5.1106999805e+00\n  201    0 1.0000000000 -4.8717039021e+00 -5.1133913952e+00\n  202    0 1.0000000000 -4.9134630375e+00 -5.1171569116e+00\n  203    0 1.0000000000 -4.9551198819e+00 -5.1219940620e+00\n  204    0 1.0000000000 -4.9966674630e+00 -5.1278996685e+00\n  205    0 1.0000000000 -5.0380987400e+00 -5.1348698401e+00\n  206    0 1.0000000000 -5.0794066037e+00 -5.1428999673e+00\n  207    0 1.0000000000 -5.1205838788e+00 -5.1519847182e+00\n  208    0 1.0000000000 -5.1616233251e+00 -5.1621180317e+00\n  209    0 1.0000000000 -5.2025176403e+00 -5.1732931119e+00\n  210    0 1.0000000000 -5.2432594612e+00 -5.1855024209e+00\n  211    0 1.0000000000 -5.2838413667e+00 -5.1987376715e+00\n  212    0 1.0000000000 -5.3242558800e+00 -5.2129898196e+00\n  213    0 1.0000000000 -5.3644954705e+00 -5.2282490557e+00\n  214    0 1.0000000000 -5.4045525569e+00 -5.2445047966e+00\n  215    0 1.0000000000 -5.4444195094e+00 -5.2617456771e+00\n  216    0 1.0000000000 -5.4840886523e+00 -5.2799595411e+00\n  217    0 1.0000000000 -5.5235522666e+00 -5.2991334326e+00\n  218    0 1.0000000000 -5.5628025929e+00 -5.3192535876e+00\n  219    0 1.0000000000 -5.6018318341e+00 -5.3403054251e+00\n  220    0 1.0000000000 -5.6406321583e+00 -5.3622735396e+00\n  221    0 1.0000000000 -5.6791957013e+00 -5.3851416925e+00\n  222    0 1.0000000000 -5.7175145701e+00 -5.4088928052e+00\n  223    0 1.0000000000 -5.7555808455e+00 -5.4335089526e+00\n  224    0 1.0000000000 -5.7933865853e+00 -5.4589713564e+00\n  225    0 1.0000000000 -5.8309238272e+00 -5.4852603802e+00\n  226    0 1.0000000000 -5.8681845924e+00 -5.5123555252e+00\n  227    0 1.0000000000 -5.9051608883e+00 -5.5402354265e+00\n  228    0 1.0000000000 -5.9418447120e+00 -5.5688778509e+00\n  229    0 1.0000000000 -5.9782280536e+00 -5.5982596960e+00\n  230    0 1.0000000000 -6.0143028994e+00 -5.6283569899e+00\n  231    0 1.0000000000 -6.0500612354e+00 -5.6591448932e+00\n  232    0 1.0000000000 -6.0854950510e+00 -5.6905977015e+00\n  233    0 1.0000000000 -6.1205963419e+00 -5.7226888507e+00\n  234    0 1.0000000000 -6.1553571142e+00 -5.7553909223e+00\n  235    0 1.0000000000 -6.1897693876e+00 -5.7886756520e+00\n  236    0 1.0000000000 -6.2238251993e+00 -5.8225139389e+00\n  237    0 1.0000000000 -6.2575166075e+00 -5.8568758575e+00\n  238    0 1.0000000000 -6.2908356950e+00 -5.8917306707e+00\n  239    0 1.0000000000 -6.3237745731e+00 -5.9270468453e+00\n  240    0 1.0000000000 -6.3563253854e+00 -5.9627920697e+00\n  241    0 1.0000000000 -6.3884803113e+00 -5.9989332729e+00\n  242    0 1.0000000000 -6.4202315703e+00 -6.0354366466e+00\n  243    0 1.0000000000 -6.4515714253e+00 -6.0722676681e+00\n  244    0 1.0000000000 -6.4824921868e+00 -6.1093911267e+00\n  245    0 1.0000000000 -6.5129862168e+00 -6.1467711514e+00\n  246    0 1.0000000000 -6.5430459326e+00 -6.1843712409e+00\n  247    0 1.0000000000 -6.5726638107e+00 -6.2221542958e+00\n  248    0 1.0000000000 -6.6018323908e+00 -6.2600826528e+00\n  249    0 1.0000000000 -6.6305442797e+00 -6.2981181213e+00\n  250    0 1.0000000000 -6.6587921552e+00 -6.3362220217e+00\n  251    0 1.0000000000 -6.6865687701e+00 -6.3743552259e+00\n  252    0 1.0000000000 -6.7138669562e+00 -6.4124781998e+00\n  253    0 1.0000000000 -6.7406796280e+00 -6.4505510476e+00\n  254    0 1.0000000000 -6.7669997870e+00 -6.4885335584e+00\n  255    0 1.0000000000 -6.7928205251e+00 -6.5263852535e+00\n  256    0 1.0000000000 -6.8181350289e+00 -6.5640654369e+00\n  257    0 1.0000000000 -6.8429365835e+00 -6.6015332464e+00\n  258    0 1.0000000000 -6.8672185762e+00 -6.6387477063e+00\n  259    0 1.0000000000 -6.8909745004e+00 -6.6756677821e+00\n  260    0 1.0000000000 -6.9141979592e+00 -6.7122524359e+00\n  261    0 1.0000000000 -6.9368826697e+00 -6.7484606835e+00\n  262    0 1.0000000000 -6.9590224659e+00 -6.7842516520e+00\n  263    0 1.0000000000 -6.9806113031e+00 -6.8195846393e+00\n  264    0 1.0000000000 -7.0016432610e+00 -6.8544191732e+00\n  265    0 1.0000000000 -7.0221125476e+00 -6.8887150723e+00\n  266    0 1.0000000000 -7.0420135025e+00 -6.9224325071e+00\n  267    0 1.0000000000 -7.0613406003e+00 -6.9555320608e+00\n  268    0 1.0000000000 -7.0800884543e+00 -6.9879747920e+00\n  269    0 1.0000000000 -7.0982518196e+00 -7.0197222955e+00\n  270    0 1.0000000000 -7.1158255963e+00 -7.0507367648e+00\n  271    0 1.0000000000 -7.1328048326e+00 -7.0809810532e+00\n  272    0 1.0000000000 -7.1491847285e+00 -7.1104187353e+00\n  273    0 1.0000000000 -7.1649606379e+00 -7.1390141679e+00\n  274    0 1.0000000000 -7.1801280723e+00 -7.1667325495e+00\n  275    0 1.0000000000 -7.1946827033e+00 -7.1935399800e+00\n  276    0 1.0000000000 -7.2086203653e+00 -7.2194035189e+00\n  277    0 1.0000000000 -7.2219370586e+00 -7.2442912422e+00\n  278    0 1.0000000000 -7.2346289514e+00 -7.2681722983e+00\n  279    0 1.0000000000 -7.2466923826e+00 -7.2910169626e+00\n  280    0 1.0000000000 -7.2581238641e+00 -7.3127966902e+00\n  281    0 1.0000000000 -7.2689200833e+00 -7.3334841667e+00\n  282    0 1.0000000000 -7.2790779047e+00 -7.3530533576e+00\n  283    0 1.0000000000 -7.2885943726e+00 -7.3714795556e+00\n  284    0 1.0000000000 -7.2974667125e+00 -7.3887394253e+00\n  285    0 1.0000000000 -7.3056923333e+00 -7.4048110464e+00\n  286    0 1.0000000000 -7.3132688289e+00 -7.4196739534e+00\n  287    0 1.0000000000 -7.3201939796e+00 -7.4333091742e+00\n  288    0 1.0000000000 -7.3264657538e+00 -7.4456992647e+00\n  289    0 1.0000000000 -7.3320823094e+00 -7.4568283417e+00\n  290    0 1.0000000000 -7.3370419947e+00 -7.4666821125e+00\n  291    0 1.0000000000 -7.3413433499e+00 -7.4752479019e+00\n  292    0 1.0000000000 -7.3449851077e+00 -7.4825146755e+00\n  293    0 1.0000000000 -7.3479661944e+00 -7.4884730611e+00\n  294    0 1.0000000000 -7.3502857306e+00 -7.4931153663e+00\n  295    0 1.0000000000 -7.3519430316e+00 -7.4964355929e+00\n  296    0 1.0000000000 -7.3529376080e+00 -7.4984294481e+00\n  297    0 1.0000000000 -7.3532691661e+00 -7.4990943533e+00\n