SINGLE-ORBITAL NN+NNN EFFECTIVE MODEL FIT

m=6
eon=0.0
t0=1.0
l_decay=0.5
dl=5.0
pairing=./m=6/pairing.txt
microscopic_orbitals=74

E_eff(k) = eps0 + 2*t1[cos(k.u1)+cos(k.u2)] + 4*t2*cos(k.u1)*cos(k.u2)

eps0     = -6.54183494310231e+00
t1       = -2.21591867503967e-01
t2       = -8.54807687297493e-03

RMSE=1.41653419339986e-01
MAE=1.14975264299588e-01
max_abs_error=3.08341335538311e-01
optimizer_success=True
optimizer_message=Linear least-squares solution
minimum_tracking_continuity=1.0000000000
mean_tracking_continuity=1.0000000000

# k_index idx continuity target fit\n    0    0 1.0000000000 -7.3534824163e+00 -7.4623947206e+00\n    1    0 1.0000000000 -7.3533657510e+00 -7.4621543820e+00\n    2    0 1.0000000000 -7.3530157670e+00 -7.4614336082e+00\n    3    0 1.0000000000 -7.3524325010e+00 -7.4602331249e+00\n    4    0 1.0000000000 -7.3516160138e+00 -7.4585541410e+00\n    5    0 1.0000000000 -7.3505663905e+00 -7.4563983470e+00\n    6    0 1.0000000000 -7.3492837406e+00 -7.4537679136e+00\n    7    0 1.0000000000 -7.3477681977e+00 -7.4506654895e+00\n    8    0 1.0000000000 -7.3460199198e+00 -7.4470941985e+00\n    9    0 1.0000000000 -7.3440390891e+00 -7.4430576367e+00\n   10    0 1.0000000000 -7.3418259118e+00 -7.4385598684e+00\n   11    0 1.0000000000 -7.3393806183e+00 -7.4336054226e+00\n   12    0 1.0000000000 -7.3367034631e+00 -7.4281992880e+00\n   13    0 1.0000000000 -7.3337947247e+00 -7.4223469080e+00\n   14    0 1.0000000000 -7.3306547054e+00 -7.4160541756e+00\n   15    0 1.0000000000 -7.3272837314e+00 -7.4093274270e+00\n   16    0 1.0000000000 -7.3236821527e+00 -7.4021734355e+00\n   17    0 1.0000000000 -7.3198503431e+00 -7.3945994045e+00\n   18    0 1.0000000000 -7.3157886998e+00 -7.3866129604e+00\n   19    0 1.0000000000 -7.3114976436e+00 -7.3782221449e+00\n   20    0 1.0000000000 -7.3069776188e+00 -7.3694354068e+00\n   21    0 1.0000000000 -7.3022290930e+00 -7.3602615937e+00\n   22    0 1.0000000000 -7.2972525568e+00 -7.3507099427e+00\n   23    0 1.0000000000 -7.2920485241e+00 -7.3407900717e+00\n   24    0 1.0000000000 -7.2866175317e+00 -7.3305119690e+00\n   25    0 1.0000000000 -7.2809601393e+00 -7.3198859839e+00\n   26    0 1.0000000000 -7.2750769291e+00 -7.3089228158e+00\n   27    0 1.0000000000 -7.2689685062e+00 -7.2976335037e+00\n   28    0 1.0000000000 -7.2626354978e+00 -7.2860294149e+00\n   29    0 1.0000000000 -7.2560785537e+00 -7.2741222339e+00\n   30    0 1.0000000000 -7.2492983456e+00 -7.2619239500e+00\n   31    0 1.0000000000 -7.2422955673e+00 -7.2494468461e+00\n   32    0 1.0000000000 -7.2350709343e+00 -7.2367034853e+00\n   33    0 1.0000000000 -7.2276251840e+00 -7.2237066994e+00\n   34    0 1.0000000000 -7.2199590751e+00 -7.2104695748e+00\n   35    0 1.0000000000 -7.2120733877e+00 -7.1970054402e+00\n   36    0 1.0000000000 -7.2039689229e+00 -7.1833278530e+00\n   37    0 1.0000000000 -7.1956465029e+00 -7.1694505853e+00\n   38    0 1.0000000000 -7.1871069707e+00 -7.1553876102e+00\n   39    0 1.0000000000 -7.1783511896e+00 -7.1411530881e+00\n   40    0 1.0000000000 -7.1693800437e+00 -7.1267613518e+00\n   41    0 1.0000000000 -7.1601944369e+00 -7.1122268927e+00\n   42    0 1.0000000000 -7.1507952933e+00 -7.0975643457e+00\n   43    0 1.0000000000 -7.1411835567e+00 -7.0827884748e+00\n   44    0 1.0000000000 -7.1313601903e+00 -7.0679141580e+00\n   45    0 1.0000000000 -7.1213261770e+00 -7.0529563724e+00\n   46    0 1.0000000000 -7.1110825186e+00 -7.0379301793e+00\n   47    0 1.0000000000 -7.1006302357e+00 -7.0228507089e+00\n   48    0 1.0000000000 -7.0899703676e+00 -7.0077331448e+00\n   49    0 1.0000000000 -7.0791039724e+00 -6.9925927091e+00\n   50    0 1.0000000000 -7.0680321259e+00 -6.9774446471e+00\n   51    0 1.0000000000 -7.0567559221e+00 -6.9623042114e+00\n   52    0 1.0000000000 -7.0452764728e+00 -6.9471866473e+00\n   53    0 1.0000000000 -7.0335949073e+00 -6.9321071769e+00\n   54    0 1.0000000000 -7.0217123719e+00 -6.9170809838e+00\n   55    0 1.0000000000 -7.0096300301e+00 -6.9021231983e+00\n   56    0 1.0000000000 -6.9973490620e+00 -6.8872488814e+00\n   57    0 1.0000000000 -6.9848706645e+00 -6.8724730105e+00\n   58    0 1.0000000000 -6.9721960503e+00 -6.8578104635e+00\n   59    0 1.0000000000 -6.9593264483e+00 -6.8432760044e+00\n   60    0 1.0000000000 -6.9462631031e+00 -6.8288842682e+00\n   61    0 1.0000000000 -6.9330072747e+00 -6.8146497460e+00\n   62    0 1.0000000000 -6.9195602384e+00 -6.8005867710e+00\n   63    0 1.0000000000 -6.9059232842e+00 -6.7867095032e+00\n   64    0 1.0000000000 -6.8920977168e+00 -6.7730319160e+00\n   65    0 1.0000000000 -6.8780848553e+00 -6.7595677814e+00\n   66    0 1.0000000000 -6.8638860330e+00 -6.7463306569e+00\n   67    0 1.0000000000 -6.8495025968e+00 -6.7333338709e+00\n   68    0 1.0000000000 -6.8349359073e+00 -6.7205905102e+00\n   69    0 1.0000000000 -6.8201873382e+00 -6.7081134062e+00\n   70    0 1.0000000000 -6.8052582763e+00 -6.6959151224e+00\n   71    0 1.0000000000 -6.7901501210e+00 -6.6840079413e+00\n   72    0 1.0000000000 -6.7748642842e+00 -6.6724038526e+00\n   73    0 1.0000000000 -6.7594021899e+00 -6.6611145404e+00\n   74    0 1.0000000000 -6.7437652739e+00 -6.6501513723e+00\n   75    0 1.0000000000 -6.7279549835e+00 -6.6395253872e+00\n   76    0 1.0000000000 -6.7119727773e+00 -6.6292472845e+00\n   77    0 1.0000000000 -6.6958201250e+00 -6.6193274135e+00\n   78    0 1.0000000000 -6.6794985068e+00 -6.6097757625e+00\n   79    0 1.0000000000 -6.6630094134e+00 -6.6006019494e+00\n   80    0 1.0000000000 -6.6463543455e+00 -6.5918152114e+00\n   81    0 1.0000000000 -6.6295348138e+00 -6.5834243959e+00\n   82    0 1.0000000000 -6.6125523383e+00 -6.5754379518e+00\n   83    0 1.0000000000 -6.5954084483e+00 -6.5678639207e+00\n   84    0 1.0000000000 -6.5781046822e+00 -6.5607099292e+00\n   85    0 1.0000000000 -6.5606425869e+00 -6.5539831806e+00\n   86    0 1.0000000000 -6.5430237175e+00 -6.5476904482e+00\n   87    0 1.0000000000 -6.5252496376e+00 -6.5418380683e+00\n   88    0 1.0000000000 -6.5073219181e+00 -6.5364319336e+00\n   89    0 1.0000000000 -6.4892421377e+00 -6.5314774878e+00\n   90    0 1.0000000000 -6.4710118822e+00 -6.5269797196e+00\n   91    0 1.0000000000 -6.4526327443e+00 -6.5229431577e+00\n   92    0 1.0000000000 -6.4341063232e+00 -6.5193718667e+00\n   93    0 1.0000000000 -6.4154342247e+00 -6.5162694426e+00\n   94    0 1.0000000000 -6.3966180604e+00 -6.5136390092e+00\n   95    0 1.0000000000 -6.3776594479e+00 -6.5114832152e+00\n   96    0 1.0000000000 -6.3585600099e+00 -6.5098042313e+00\n   97    0 1.0000000000 -6.3393213750e+00 -6.5086037480e+00\n   98    0 1.0000000000 -6.3199451771e+00 -6.5078829742e+00\n   99    0 1.0000000000 -6.3012609386e+00 -6.5076426356e+00\n  100    0 1.0000000000 -6.3011316761e+00 -6.5074367258e+00\n  101    0 1.0000000000 -6.3008046427e+00 -6.5068192035e+00\n  102    0 1.0000000000 -6.3002798703e+00 -6.5057906908e+00\n  103    0 1.0000000000 -6.2995574104e+00 -6.5043522230e+00\n  104    0 1.0000000000 -6.2986373339e+00 -6.5025052488e+00\n  105    0 1.0000000000 -6.2975197307e+00 -6.5002516277e+00\n  106    0 1.0000000000 -6.2962047103e+00 -6.4975936291e+00\n  107    0 1.0000000000 -6.2946924017e+00 -6.4945339292e+00\n  108    0 1.0000000000 -6.2929829528e+00 -6.4910756091e+00\n  109    0 1.0000000000 -6.2910765310e+00 -6.4872221508e+00\n  110    0 1.0000000000 -6.2889733228e+00 -6.4829774345e+00\n  111    0 1.0000000000 -6.2866735341e+00 -6.4783457343e+00\n  112    0 1.0000000000 -6.2841773897e+00 -6.4733317139e+00\n  113    0 1.0000000000 -6.2814851337e+00 -6.4679404219e+00\n  114    0 1.0000000000 -6.2785970291e+00 -6.4621772871e+00\n  115    0 1.0000000000 -6.2755133580e+00 -6.4560481123e+00\n  116    0 1.0000000000 -6.2722344216e+00 -6.4495590691e+00\n  117    0 1.0000000000 -6.2687605397e+00 -6.4427166914e+00\n  118    0 1.0000000000 -6.2650920514e+00 -6.4355278689e+00\n  119    0 1.0000000000 -6.2612293144e+00 -6.4279998403e+00\n  120    0 1.0000000000 -6.2571727053e+00 -6.4201401854e+00\n  121    0 1.0000000000 -6.2529226197e+00 -6.4119568184e+00\n  122    0 1.0000000000 -6.2484794720e+00 -6.4034579792e+00\n  123    0 1.0000000000 -6.2438436961e+00 -6.3946522255e+00\n  124    0 1.0000000000 -6.2390157450e+00 -6.3855484238e+00\n  125    0 1.0000000000 -6.2339960920e+00 -6.3761557409e+00\n  126    0 1.0000000000 -6.2287852320e+00 -6.3664836345e+00\n  127    0 1.0000000000 -6.2233836837e+00 -6.3565418435e+00\n  128    0 1.0000000000 -6.2177919951e+00 -6.3463403786e+00\n  129    0 1.0000000000 -6.2120107565e+00 -6.3358895116e+00\n  130    0 1.0000000000 -6.2060406331e+00 -6.3251997657e+00\n  131    0 1.0000000000 -6.1998824665e+00 -6.3142819047e+00\n  132    0 1.0000000000 -6.1935376296e+00 -6.3031469219e+00\n  133    0 1.0000000000 -6.1870089949e+00 -6.2918060291e+00\n  134    0 1.0000000000 -6.1802996245e+00 -6.2802706459e+00\n  135    0 1.0000000000 -6.1734079066e+00 -6.2685523873e+00\n  136    0 1.0000000000 -6.1663319247e+00 -6.2566630526e+00\n  137    0 1.0000000000 -6.1590714374e+00 -6.2446146133e+00\n  138    0 1.0000000000 -6.1516268304e+00 -6.2324192013e+00\n  139    0 1.0000000000 -6.1439986906e+00 -6.2200890963e+00\n  140    0 1.0000000000 -6.1361876871e+00 -6.2076367136e+00\n  141    0 1.0000000000 -6.1281945319e+00 -6.1950745917e+00\n  142    0 1.0000000000 -6.1200199662e+00 -6.1824153796e+00\n  143    0 1.0000000000 -6.1116647532e+00 -6.1696718242e+00\n  144    0 1.0000000000 -6.1031296759e+00 -6.1568567570e+00\n  145    0 1.0000000000 -6.0944155349e+00 -6.1439830817e+00\n  146    0 1.0000000000 -6.0855231475e+00 -6.1310637611e+00\n  147    0 1.0000000000 -6.0764533472e+00 -6.1181118038e+00\n  148    0 1.0000000000 -6.0672069832e+00 -6.1051402513e+00\n  149    0 1.0000000000 -6.0577849198e+00 -6.0921621649e+00\n  150    0 1.0000000000 -6.0481880366e+00 -6.0791906124e+00\n  151    0 1.0000000000 -6.0384172277e+00 -6.0662386551e+00\n  152    0 1.0000000000 -6.0284734019e+00 -6.0533193345e+00\n  153    0 1.0000000000 -6.0183574822e+00 -6.0404456592e+00\n  154    0 1.0000000000 -6.0080704058e+00 -6.0276305920e+00\n  155    0 1.0000000000 -5.9976131236e+00 -6.0148870366e+00\n  156    0 1.0000000000 -5.9869866004e+00 -6.0022278245e+00\n  157    0 1.0000000000 -5.9761918143e+00 -5.9896657026e+00\n  158    0 1.0000000000 -5.9652297568e+00 -5.9772133199e+00\n  159    0 1.0000000000 -5.9541014323e+00 -5.9648832149e+00\n  160    0 1.0000000000 -5.9428078584e+00 -5.9526878029e+00\n  161    0 1.0000000000 -5.9313500649e+00 -5.9406393636e+00\n  162    0 1.0000000000 -5.9197290945e+00 -5.9287500289e+00\n  163    0 1.0000000000 -5.9079460020e+00 -5.9170317703e+00\n  164    0 1.0000000000 -5.8960018541e+00 -5.9054963870e+00\n  165    0 1.0000000000 -5.8838977298e+00 -5.8941554943e+00\n  166    0 1.0000000000 -5.8716347192e+00 -5.8830205115e+00\n  167    0 1.0000000000 -5.8592139242e+00 -5.8721026504e+00\n  168    0 1.0000000000 -5.8466364578e+00 -5.8614129046e+00\n  169    0 1.0000000000 -5.8339034441e+00 -5.8509620376e+00\n  170    0 1.0000000000 -5.8210160179e+00 -5.8407605727e+00\n  171    0 1.0000000000 -5.8079753246e+00 -5.8308187817e+00\n  172    0 1.0000000000 -5.7947825202e+00 -5.8211466753e+00\n  173    0 1.0000000000 -5.7814387705e+00 -5.8117539924e+00\n  174    0 1.0000000000 -5.7679452516e+00 -5.8026501907e+00\n  175    0 1.0000000000 -5.7543031492e+00 -5.7938444369e+00\n  176    0 1.0000000000 -5.7405136584e+00 -5.7853455978e+00\n  177    0 1.0000000000 -5.7265779837e+00 -5.7771622308e+00\n  178    0 1.0000000000 -5.7124973388e+00 -5.7693025759e+00\n  179    0 1.0000000000 -5.6982729461e+00 -5.7617745472e+00\n  180    0 1.0000000000 -5.6839060366e+00 -5.7545857248e+00\n  181    0 1.0000000000 -5.6693978501e+00 -5.7477433471e+00\n  182    0 1.0000000000 -5.6547496340e+00 -5.7412543039e+00\n  183    0 1.0000000000 -5.6399626443e+00 -5.7351251291e+00\n  184    0 1.0000000000 -5.6250381443e+00 -5.7293619943e+00\n  185    0 1.0000000000 -5.6099774051e+00 -5.7239707023e+00\n  186    0 1.0000000000 -5.5947817049e+00 -5.7189566819e+00\n  187    0 1.0000000000 -5.5794523293e+00 -5.7143249817e+00\n  188    0 1.0000000000 -5.5639905704e+00 -5.7100802654e+00\n  189    0 1.0000000000 -5.5483977273e+00 -5.7062268071e+00\n  190    0 1.0000000000 -5.5326751052e+00 -5.7027684869e+00\n  191    0 1.0000000000 -5.5168240157e+00 -5.6997087871e+00\n  192    0 1.0000000000 -5.5008457762e+00 -5.6970507885e+00\n  193    0 1.0000000000 -5.4847417101e+00 -5.6947971674e+00\n  194    0 1.0000000000 -5.4685131461e+00 -5.6929501932e+00\n  195    0 1.0000000000 -5.4521614183e+00 -5.6915117254e+00\n  196    0 1.0000000000 -5.4356878659e+00 -5.6904832126e+00\n  197    0 1.0000000000 -5.4190938340e+00 -5.6898656904e+00\n  198    0 1.0000000000 -5.4068617563e+00 -5.6896597806e+00\n  199    0 1.0000000000 -5.4358654758e+00 -5.6900716089e+00\n  200    0 1.0000000000 -5.4692116170e+00 -5.6913067833e+00\n  201    0 1.0000000000 -5.5024144338e+00 -5.6933643713e+00\n  202    0 1.0000000000 -5.5354693678e+00 -5.6962428188e+00\n  203    0 1.0000000000 -5.5683718429e+00 -5.6999399492e+00\n  204    0 1.0000000000 -5.6011172653e+00 -5.7044529626e+00\n  205    0 1.0000000000 -5.6337010244e+00 -5.7097784354e+00\n  206    0 1.0000000000 -5.6661184942e+00 -5.7159123186e+00\n  207    0 1.0000000000 -5.6983650344e+00 -5.7228499371e+00\n  208    0 1.0000000000 -5.7304359912e+00 -5.7305859880e+00\n  209    0 1.0000000000 -5.7623266991e+00 -5.7391145395e+00\n  210    0 1.0000000000 -5.7940324818e+00 -5.7484290292e+00\n  211    0 1.0000000000 -5.8255486534e+00 -5.7585222624e+00\n  212    0 1.0000000000 -5.8568705199e+00 -5.7693864108e+00\n  213    0 1.0000000000 -5.8879933803e+00 -5.7810130111e+00\n  214    0 1.0000000000 -5.9189125281e+00 -5.7933929630e+00\n  215    0 1.0000000000 -5.9496232524e+00 -5.8065165284e+00\n  216    0 1.0000000000 -5.9801208395e+00 -5.8203733302e+00\n  217    0 1.0000000000 -6.0104005742e+00 -5.8349523510e+00\n  218    0 1.0000000000 -6.0404577408e+00 -5.8502419324e+00\n  219    0 1.0000000000 -6.0702876254e+00 -5.8662297750e+00\n  220    0 1.0000000000 -6.0998855162e+00 -5.8829029378e+00\n  221    0 1.0000000000 -6.1292467060e+00 -5.9002478390e+00\n  222    0 1.0000000000 -6.1583664929e+00 -5.9182502563e+00\n  223    0 1.0000000000 -6.1872401820e+00 -5.9368953284e+00\n  224    0 1.0000000000 -6.2158630872e+00 -5.9561675569e+00\n  225    0 1.0000000000 -6.2442305322e+00 -5.9760508085e+00\n  226    0 1.0000000000 -6.2723378523e+00 -5.9965283183e+00\n  227    0 1.0000000000 -6.3001803960e+00 -6.0175826934e+00\n  228    0 1.0000000000 -6.3277535263e+00 -6.0391959173e+00\n  229    0 1.0000000000 -6.3550526225e+00 -6.0613493556e+00\n  230    0 1.0000000000 -6.3820730815e+00 -6.0840237619e+00\n  231    0 1.0000000000 -6.4088103198e+00 -6.1071992850e+00\n  232    0 1.0000000000 -6.4352597746e+00 -6.1308554766e+00\n  233    0 1.0000000000 -6.4614169057e+00 -6.1549713006e+00\n  234    0 1.0000000000 -6.4872771970e+00 -6.1795251430e+00\n  235    0 1.0000000000 -6.5128361582e+00 -6.2044948227e+00\n  236    0 1.0000000000 -6.5380893264e+00 -6.2298576039e+00\n  237    0 1.0000000000 -6.5630322676e+00 -6.2555902091e+00\n  238    0 1.0000000000 -6.5876605783e+00 -6.2816688335e+00\n  239    0 1.0000000000 -6.6119698876e+00 -6.3080691604e+00\n  240    0 1.0000000000 -6.6359558581e+00 -6.3347663782e+00\n  241    0 1.0000000000 -6.6596141882e+00 -6.3617351976e+00\n  242    0 1.0000000000 -6.6829406133e+00 -6.3889498714e+00\n  243    0 1.0000000000 -6.7059309077e+00 -6.4163842143e+00\n  244    0 1.0000000000 -6.7285808860e+00 -6.4440116244e+00\n  245    0 1.0000000000 -6.7508864050e+00 -6.4718051060e+00\n  246    0 1.0000000000 -6.7728433651e+00 -6.4997372935e+00\n  247    0 1.0000000000 -6.7944477119e+00 -6.5277804761e+00\n  248    0 1.0000000000 -6.8156954382e+00 -6.5559066245e+00\n  249    0 1.0000000000 -6.8365825852e+00 -6.5840874182e+00\n  250    0 1.0000000000 -6.8571052441e+00 -6.6122942736e+00\n  251    0 1.0000000000 -6.8772595580e+00 -6.6404983741e+00\n  252    0 1.0000000000 -6.8970417232e+00 -6.6686707006e+00\n  253    0 1.0000000000 -6.9164479911e+00 -6.6967820632e+00\n  254    0 1.0000000000 -6.9354746692e+00 -6.7248031340e+00\n  255    0 1.0000000000 -6.9541181232e+00 -6.7527044806e+00\n  256    0 1.0000000000 -6.9723747782e+00 -6.7804566006e+00\n  257    0 1.0000000000 -6.9902411205e+00 -6.8080299573e+00\n  258    0 1.0000000000 -7.0077136987e+00 -6.8353950155e+00\n  259    0 1.0000000000 -7.0247891255e+00 -6.8625222786e+00\n  260    0 1.0000000000 -7.0414640790e+00 -6.8893823259e+00\n  261    0 1.0000000000 -7.0577353041e+00 -6.9159458511e+00\n  262    0 1.0000000000 -7.0735996143e+00 -6.9421837005e+00\n  263    0 1.0000000000 -7.0890538923e+00 -6.9680669120e+00\n  264    0 1.0000000000 -7.1040950924e+00 -6.9935667550e+00\n  265    0 1.0000000000 -7.1187202408e+00 -7.0186547696e+00\n  266    0 1.0000000000 -7.1329264377e+00 -7.0433028068e+00\n  267    0 1.0000000000 -7.1467108584e+00 -7.0674830681e+00\n  268    0 1.0000000000 -7.1600707541e+00 -7.0911681458e+00\n  269    0 1.0000000000 -7.1730034537e+00 -7.1143310628e+00\n  270    0 1.0000000000 -7.1855063650e+00 -7.1369453125e+00\n  271    0 1.0000000000 -7.1975769752e+00 -7.1589848979e+00\n  272    0 1.0000000000 -7.2092128530e+00 -7.1804243714e+00\n  273    0 1.0000000000 -7.2204116489e+00 -7.2012388729e+00\n  274    0 1.0000000000 -7.2311710968e+00 -7.2214041685e+00\n  275    0 1.0000000000 -7.2414890145e+00 -7.2408966878e+00\n  276    0 1.0000000000 -7.2513633054e+00 -7.2596935607e+00\n  277    0 1.0000000000 -7.2607919590e+00 -7.2777726541e+00\n  278    0 1.0000000000 -7.2697730518e+00 -7.2951126062e+00\n  279    0 1.0000000000 -7.2783047483e+00 -7.3116928613e+00\n  280    0 1.0000000000 -7.2863853022e+00 -7.3274937031e+00\n  281    0 1.0000000000 -7.2940130565e+00 -7.3424962860e+00\n  282    0 1.0000000000 -7.3011864449e+00 -7.3566826668e+00\n  283    0 1.0000000000 -7.3079039922e+00 -7.3700358335e+00\n  284    0 1.0000000000 -7.3141643151e+00 -7.3825397337e+00\n  285    0 1.0000000000 -7.3199661228e+00 -7.3941793013e+00\n  286    0 1.0000000000 -7.3253082177e+00 -7.4049404813e+00\n  287    0 1.0000000000 -7.3301894960e+00 -7.4148102539e+00\n  288    0 1.0000000000 -7.3346089479e+00 -7.4237766561e+00\n  289    0 1.0000000000 -7.3385656586e+00 -7.4318288017e+00\n  290    0 1.0000000000 -7.3420588081e+00 -7.4389569001e+00\n  291    0 1.0000000000 -7.3450876721e+00 -7.4451522729e+00\n  292    0 1.0000000000 -7.3476516224e+00 -7.4504073683e+00\n  293    0 1.0000000000 -7.3497501265e+00 -7.4547157745e+00\n  294    0 1.0000000000 -7.3513827488e+00 -7.4580722303e+00\n  295    0 1.0000000000 -7.3525491499e+00 -7.4604726344e+00\n  296    0 1.0000000000 -7.3532490876e+00 -7.4619140521e+00\n  297    0 1.0000000000 -7.3534824163e+00 -7.4623947206e+00\n