SINGLE-ORBITAL NN+NNN EFFECTIVE MODEL FIT

m=7
eon=0.0
t0=1.0
l_decay=0.5
dl=5.0
pairing=./m=7/pairing.txt
microscopic_orbitals=100

E_eff(k) = eps0 + 2*t1[cos(k.u1)+cos(k.u2)] + 4*t2*cos(k.u1)*cos(k.u2)

eps0     = -6.73898634752621e+00
t1       = -1.69464425517997e-01
t2       = -5.07626842038997e-03

RMSE=1.10452561907712e-01
MAE=8.91856305516893e-02
max_abs_error=2.41169294734551e-01
optimizer_success=True
optimizer_message=Linear least-squares solution
minimum_tracking_continuity=1.0000000000
mean_tracking_continuity=1.0000000000

# k_index idx continuity target fit\n    0    0 1.0000000000 -7.3535106552e+00 -7.4371491233e+00\n    1    0 1.0000000000 -7.3534243494e+00 -7.4369682642e+00\n    2    0 1.0000000000 -7.3531654385e+00 -7.4364258692e+00\n    3    0 1.0000000000 -7.3527339427e+00 -7.4355224843e+00\n    4    0 1.0000000000 -7.3521298951e+00 -7.4342590191e+00\n    5    0 1.0000000000 -7.3513533426e+00 -7.4326367460e+00\n    6    0 1.0000000000 -7.3504043450e+00 -7.4306572983e+00\n    7    0 1.0000000000 -7.3492829757e+00 -7.4283226692e+00\n    8    0 1.0000000000 -7.3479893212e+00 -7.4256352095e+00\n    9    0 1.0000000000 -7.3465234814e+00 -7.4225976252e+00\n   10    0 1.0000000000 -7.3448855694e+00 -7.4192129749e+00\n   11    0 1.0000000000 -7.3430757117e+00 -7.4154846668e+00\n   12    0 1.0000000000 -7.3410940477e+00 -7.4114164547e+00\n   13    0 1.0000000000 -7.3389407303e+00 -7.4070124352e+00\n   14    0 1.0000000000 -7.3366159254e+00 -7.4022770426e+00\n   15    0 1.0000000000 -7.3341198121e+00 -7.3972150452e+00\n   16    0 1.0000000000 -7.3314525825e+00 -7.3918315399e+00\n   17    0 1.0000000000 -7.3286144421e+00 -7.3861319474e+00\n   18    0 1.0000000000 -7.3256056090e+00 -7.3801220068e+00\n   19    0 1.0000000000 -7.3224263146e+00 -7.3738077696e+00\n   20    0 1.0000000000 -7.3190768031e+00 -7.3671955936e+00\n   21    0 1.0000000000 -7.3155573318e+00 -7.3602921368e+00\n   22    0 1.0000000000 -7.3118681706e+00 -7.3531043504e+00\n   23    0 1.0000000000 -7.3080096025e+00 -7.3456394718e+00\n   24    0 1.0000000000 -7.3039819231e+00 -7.3379050175e+00\n   25    0 1.0000000000 -7.2997854408e+00 -7.3299087756e+00\n   26    0 1.0000000000 -7.2954204766e+00 -7.3216587974e+00\n   27    0 1.0000000000 -7.2908873642e+00 -7.3131633902e+00\n   28    0 1.0000000000 -7.2861864497e+00 -7.3044311079e+00\n   29    0 1.0000000000 -7.2813180920e+00 -7.2954707433e+00\n   30    0 1.0000000000 -7.2762826621e+00 -7.2862913187e+00\n   31    0 1.0000000000 -7.2710805435e+00 -7.2769020771e+00\n   32    0 1.0000000000 -7.2657121322e+00 -7.2673124725e+00\n   33    0 1.0000000000 -7.2601778360e+00 -7.2575321609e+00\n   34    0 1.0000000000 -7.2544780752e+00 -7.2475709903e+00\n   35    0 1.0000000000 -7.2486132822e+00 -7.2374389906e+00\n   36    0 1.0000000000 -7.2425839012e+00 -7.2271463641e+00\n   37    0 1.0000000000 -7.2363903885e+00 -7.2167034744e+00\n   38    0 1.0000000000 -7.2300332122e+00 -7.2061208366e+00\n   39    0 1.0000000000 -7.2235128523e+00 -7.1954091067e+00\n   40    0 1.0000000000 -7.2168298003e+00 -7.1845790703e+00\n   41    0 1.0000000000 -7.2099845595e+00 -7.1736416325e+00\n   42    0 1.0000000000 -7.2029776446e+00 -7.1626078063e+00\n   43    0 1.0000000000 -7.1958095818e+00 -7.1514887017e+00\n   44    0 1.0000000000 -7.1884809086e+00 -7.1402955149e+00\n   45    0 1.0000000000 -7.1809921740e+00 -7.1290395165e+00\n   46    0 1.0000000000 -7.1733439379e+00 -7.1177320401e+00\n   47    0 1.0000000000 -7.1655367713e+00 -7.1063844716e+00\n   48    0 1.0000000000 -7.1575712563e+00 -7.0950082369e+00\n   49    0 1.0000000000 -7.1494479859e+00 -7.0836147910e+00\n   50    0 1.0000000000 -7.1411675637e+00 -7.0722156061e+00\n   51    0 1.0000000000 -7.1327306041e+00 -7.0608221602e+00\n   52    0 1.0000000000 -7.1241377322e+00 -7.0494459255e+00\n   53    0 1.0000000000 -7.1153895834e+00 -7.0380983570e+00\n   54    0 1.0000000000 -7.1064868036e+00 -7.0267908807e+00\n   55    0 1.0000000000 -7.0974300487e+00 -7.0155348822e+00\n   56    0 1.0000000000 -7.0882199852e+00 -7.0043416954e+00\n   57    0 1.0000000000 -7.0788572892e+00 -6.9932225909e+00\n   58    0 1.0000000000 -7.0693426471e+00 -6.9821887646e+00\n   59    0 1.0000000000 -7.0596767548e+00 -6.9712513268e+00\n   60    0 1.0000000000 -7.0498603183e+00 -6.9604212905e+00\n   61    0 1.0000000000 -7.0398940528e+00 -6.9497095605e+00\n   62    0 1.0000000000 -7.0297786832e+00 -6.9391269228e+00\n   63    0 1.0000000000 -7.0195149437e+00 -6.9286840331e+00\n   64    0 1.0000000000 -7.0091035778e+00 -6.9183914065e+00\n   65    0 1.0000000000 -6.9985453381e+00 -6.9082594068e+00\n   66    0 1.0000000000 -6.9878409862e+00 -6.8982982362e+00\n   67    0 1.0000000000 -6.9769912925e+00 -6.8885179246e+00\n   68    0 1.0000000000 -6.9659970363e+00 -6.8789283200e+00\n   69    0 1.0000000000 -6.9548590055e+00 -6.8695390784e+00\n   70    0 1.0000000000 -6.9435779964e+00 -6.8603596538e+00\n   71    0 1.0000000000 -6.9321548139e+00 -6.8513992892e+00\n   72    0 1.0000000000 -6.9205902710e+00 -6.8426670070e+00\n   73    0 1.0000000000 -6.9088851887e+00 -6.8341715997e+00\n   74    0 1.0000000000 -6.8970403965e+00 -6.8259216216e+00\n   75    0 1.0000000000 -6.8850567311e+00 -6.8179253796e+00\n   76    0 1.0000000000 -6.8729350376e+00 -6.8101909254e+00\n   77    0 1.0000000000 -6.8606761682e+00 -6.8027260468e+00\n   78    0 1.0000000000 -6.8482809830e+00 -6.7955382603e+00\n   79    0 1.0000000000 -6.8357503491e+00 -6.7886348035e+00\n   80    0 1.0000000000 -6.8230851410e+00 -6.7820226275e+00\n   81    0 1.0000000000 -6.8102862403e+00 -6.7757083903e+00\n   82    0 1.0000000000 -6.7973545356e+00 -6.7696984497e+00\n   83    0 1.0000000000 -6.7842909221e+00 -6.7639988572e+00\n   84    0 1.0000000000 -6.7710963019e+00 -6.7586153519e+00\n   85    0 1.0000000000 -6.7577715836e+00 -6.7535533545e+00\n   86    0 1.0000000000 -6.7443176822e+00 -6.7488179619e+00\n   87    0 1.0000000000 -6.7307355189e+00 -6.7444139424e+00\n   88    0 1.0000000000 -6.7170260213e+00 -6.7403457304e+00\n   89    0 1.0000000000 -6.7031901228e+00 -6.7366174222e+00\n   90    0 1.0000000000 -6.6892287626e+00 -6.7332327719e+00\n   91    0 1.0000000000 -6.6751428858e+00 -6.7301951876e+00\n   92    0 1.0000000000 -6.6609334431e+00 -6.7275077279e+00\n   93    0 1.0000000000 -6.6466013906e+00 -6.7251730989e+00\n   94    0 1.0000000000 -6.6321476897e+00 -6.7231936512e+00\n   95    0 1.0000000000 -6.6175733071e+00 -6.7215713780e+00\n   96    0 1.0000000000 -6.6028792144e+00 -6.7203079129e+00\n   97    0 1.0000000000 -6.5880663883e+00 -6.7194045280e+00\n   98    0 1.0000000000 -6.5731358101e+00 -6.7188621329e+00\n   99    0 1.0000000000 -6.5580901429e+00 -6.7186812738e+00\n  100    0 1.0000000000 -6.5580137809e+00 -6.7185208603e+00\n  101    0 1.0000000000 -6.5577847007e+00 -6.7180397811e+00\n  102    0 1.0000000000 -6.5574029190e+00 -6.7172385207e+00\n  103    0 1.0000000000 -6.5568684641e+00 -6.7161178859e+00\n  104    0 1.0000000000 -6.5561813754e+00 -6.7146790051e+00\n  105    0 1.0000000000 -6.5553417034e+00 -6.7129233271e+00\n  106    0 1.0000000000 -6.5543495102e+00 -6.7108526197e+00\n  107    0 1.0000000000 -6.5532048688e+00 -6.7084689680e+00\n  108    0 1.0000000000 -6.5519078635e+00 -6.7057747721e+00\n  109    0 1.0000000000 -6.5504585900e+00 -6.7027727448e+00\n  110    0 1.0000000000 -6.5488571549e+00 -6.6994659089e+00\n  111    0 1.0000000000 -6.5471036761e+00 -6.6958575941e+00\n  112    0 1.0000000000 -6.5451982828e+00 -6.6919514337e+00\n  113    0 1.0000000000 -6.5431411149e+00 -6.6877513608e+00\n  114    0 1.0000000000 -6.5409323239e+00 -6.6832616046e+00\n  115    0 1.0000000000 -6.5385720720e+00 -6.6784866859e+00\n  116    0 1.0000000000 -6.5360605328e+00 -6.6734314125e+00\n  117    0 1.0000000000 -6.5333978905e+00 -6.6681008748e+00\n  118    0 1.0000000000 -6.5305843407e+00 -6.6625004402e+00\n  119    0 1.0000000000 -6.5276200897e+00 -6.6566357477e+00\n  120    0 1.0000000000 -6.5245053548e+00 -6.6505127027e+00\n  121    0 1.0000000000 -6.5212403642e+00 -6.6441374706e+00\n  122    0 1.0000000000 -6.5178253569e+00 -6.6375164706e+00\n  123    0 1.0000000000 -6.5142605829e+00 -6.6306563695e+00\n  124    0 1.0000000000 -6.5105463026e+00 -6.6235640749e+00\n  125    0 1.0000000000 -6.5066827875e+00 -6.6162467282e+00\n  126    0 1.0000000000 -6.5026703197e+00 -6.6087116972e+00\n  127    0 1.0000000000 -6.4985091917e+00 -6.6009665691e+00\n  128    0 1.0000000000 -6.4941997068e+00 -6.5930191426e+00\n  129    0 1.0000000000 -6.4897421788e+00 -6.5848774201e+00\n  130    0 1.0000000000 -6.4851369320e+00 -6.5765495996e+00\n  131    0 1.0000000000 -6.4803843010e+00 -6.5680440665e+00\n  132    0 1.0000000000 -6.4754846311e+00 -6.5593693852e+00\n  133    0 1.0000000000 -6.4704382775e+00 -6.5505342903e+00\n  134    0 1.0000000000 -6.4652456059e+00 -6.5415476780e+00\n  135    0 1.0000000000 -6.4599069922e+00 -6.5324185971e+00\n  136    0 1.0000000000 -6.4544228223e+00 -6.5231562398e+00\n  137    0 1.0000000000 -6.4487934925e+00 -6.5137699325e+00\n  138    0 1.0000000000 -6.4430194087e+00 -6.5042691264e+00\n  139    0 1.0000000000 -6.4371009870e+00 -6.4946633881e+00\n  140    0 1.0000000000 -6.4310386533e+00 -6.4849623896e+00\n  141    0 1.0000000000 -6.4248328434e+00 -6.4751758991e+00\n  142    0 1.0000000000 -6.4184840027e+00 -6.4653137707e+00\n  143    0 1.0000000000 -6.4119925864e+00 -6.4553859348e+00\n  144    0 1.0000000000 -6.4053590592e+00 -6.4454023878e+00\n  145    0 1.0000000000 -6.3985838953e+00 -6.4353731824e+00\n  146    0 1.0000000000 -6.3916675785e+00 -6.4253084171e+00\n  147    0 1.0000000000 -6.3846106018e+00 -6.4152182262e+00\n  148    0 1.0000000000 -6.3774134675e+00 -6.4051127698e+00\n  149    0 1.0000000000 -6.3700766874e+00 -6.3950022232e+00\n  150    0 1.0000000000 -6.3626007819e+00 -6.3848967667e+00\n  151    0 1.0000000000 -6.3549862809e+00 -6.3748065759e+00\n  152    0 1.0000000000 -6.3472337231e+00 -6.3647418106e+00\n  153    0 1.0000000000 -6.3393436560e+00 -6.3547126051e+00\n  154    0 1.0000000000 -6.3313166360e+00 -6.3447290582e+00\n  155    0 1.0000000000 -6.3231532282e+00 -6.3348012223e+00\n  156    0 1.0000000000 -6.3148540062e+00 -6.3249390939e+00\n  157    0 1.0000000000 -6.3064195522e+00 -6.3151526034e+00\n  158    0 1.0000000000 -6.2978504570e+00 -6.3054516049e+00\n  159    0 1.0000000000 -6.2891473194e+00 -6.2958458666e+00\n  160    0 1.0000000000 -6.2803107467e+00 -6.2863450605e+00\n  161    0 1.0000000000 -6.2713413543e+00 -6.2769587532e+00\n  162    0 1.0000000000 -6.2622397656e+00 -6.2676963959e+00\n  163    0 1.0000000000 -6.2530066121e+00 -6.2585673150e+00\n  164    0 1.0000000000 -6.2436425329e+00 -6.2495807027e+00\n  165    0 1.0000000000 -6.2341481753e+00 -6.2407456078e+00\n  166    0 1.0000000000 -6.2245241938e+00 -6.2320709265e+00\n  167    0 1.0000000000 -6.2147712509e+00 -6.2235653934e+00\n  168    0 1.0000000000 -6.2048900162e+00 -6.2152375729e+00\n  169    0 1.0000000000 -6.1948811669e+00 -6.2070958504e+00\n  170    0 1.0000000000 -6.1847453875e+00 -6.1991484239e+00\n  171    0 1.0000000000 -6.1744833695e+00 -6.1914032958e+00\n  172    0 1.0000000000 -6.1640958116e+00 -6.1838682648e+00\n  173    0 1.0000000000 -6.1535834194e+00 -6.1765509180e+00\n  174    0 1.0000000000 -6.1429469053e+00 -6.1694586235e+00\n  175    0 1.0000000000 -6.1321869886e+00 -6.1625985224e+00\n  176    0 1.0000000000 -6.1213043952e+00 -6.1559775224e+00\n  177    0 1.0000000000 -6.1102998575e+00 -6.1496022902e+00\n  178    0 1.0000000000 -6.0991741144e+00 -6.1434792452e+00\n  179    0 1.0000000000 -6.0879279109e+00 -6.1376145528e+00\n  180    0 1.0000000000 -6.0765619985e+00 -6.1320141181e+00\n  181    0 1.0000000000 -6.0650771348e+00 -6.1266835805e+00\n  182    0 1.0000000000 -6.0534740832e+00 -6.1216283071e+00\n  183    0 1.0000000000 -6.0417536131e+00 -6.1168533884e+00\n  184    0 1.0000000000 -6.0299164998e+00 -6.1123636322e+00\n  185    0 1.0000000000 -6.0179635241e+00 -6.1081635593e+00\n  186    0 1.0000000000 -6.0058954724e+00 -6.1042573989e+00\n  187    0 1.0000000000 -5.9937131366e+00 -6.1006490841e+00\n  188    0 1.0000000000 -5.9814173140e+00 -6.0973422482e+00\n  189    0 1.0000000000 -5.9690088069e+00 -6.0943402209e+00\n  190    0 1.0000000000 -5.9564884232e+00 -6.0916460250e+00\n  191    0 1.0000000000 -5.9438569752e+00 -6.0892623732e+00\n  192    0 1.0000000000 -5.9311152805e+00 -6.0871916659e+00\n  193    0 1.0000000000 -5.9182641614e+00 -6.0854359879e+00\n  194    0 1.0000000000 -5.9053044449e+00 -6.0839971071e+00\n  195    0 1.0000000000 -5.8922369625e+00 -6.0828764723e+00\n  196    0 1.0000000000 -5.8790625502e+00 -6.0820752119e+00\n  197    0 1.0000000000 -5.8657820484e+00 -6.0815941327e+00\n  198    0 1.0000000000 -5.8523981314e+00 -6.0814337191e+00\n  199    0 1.0000000000 -5.8791972373e+00 -6.0817545514e+00\n  200    0 1.0000000000 -5.9058498257e+00 -6.0827167869e+00\n  201    0 1.0000000000 -5.9323497202e+00 -6.0843196417e+00\n  202    0 1.0000000000 -5.9586939293e+00 -6.0865618092e+00\n  203    0 1.0000000000 -5.9848794599e+00 -6.0894414604e+00\n  204    0 1.0000000000 -6.0109033181e+00 -6.0929562437e+00\n  205    0 1.0000000000 -6.0367625095e+00 -6.0971032854e+00\n  206    0 1.0000000000 -6.0624540402e+00 -6.1018791899e+00\n  207    0 1.0000000000 -6.0879749175e+00 -6.1072800396e+00\n  208    0 1.0000000000 -6.1133221501e+00 -6.1133013956e+00\n  209    0 1.0000000000 -6.1384927495e+00 -6.1199382982e+00\n  210    0 1.0000000000 -6.1634837300e+00 -6.1271852671e+00\n  211    0 1.0000000000 -6.1882921099e+00 -6.1350363024e+00\n  212    0 1.0000000000 -6.2129149121e+00 -6.1434848852e+00\n  213    0 1.0000000000 -6.2373491646e+00 -6.1525239788e+00\n  214    0 1.0000000000 -6.2615919014e+00 -6.1621460297e+00\n  215    0 1.0000000000 -6.2856401632e+00 -6.1723429689e+00\n  216    0 1.0000000000 -6.3094909983e+00 -6.1831062140e+00\n  217    0 1.0000000000 -6.3331414630e+00 -6.1944266701e+00\n  218    0 1.0000000000 -6.3565886224e+00 -6.2062947331e+00\n  219    0 1.0000000000 -6.3798295516e+00 -6.2187002911e+00\n  220    0 1.0000000000 -6.4028613357e+00 -6.2316327280e+00\n  221    0 1.0000000000 -6.4256810714e+00 -6.2450809260e+00\n  222    0 1.0000000000 -6.4482858669e+00 -6.2590332695e+00\n  223    0 1.0000000000 -6.4706728433e+00 -6.2734776491e+00\n  224    0 1.0000000000 -6.4928391352e+00 -6.2884014657e+00\n  225    0 1.0000000000 -6.5147818912e+00 -6.3037916354e+00\n  226    0 1.0000000000 -6.5364982752e+00 -6.3196345952e+00\n  227    0 1.0000000000 -6.5579854665e+00 -6.3359163083e+00\n  228    0 1.0000000000 -6.5792406612e+00 -6.3526222710e+00\n  229    0 1.0000000000 -6.6002610725e+00 -6.3697375196e+00\n  230    0 1.0000000000 -6.6210439319e+00 -6.3872466378e+00\n  231    0 1.0000000000 -6.6415864895e+00 -6.4051337649e+00\n  232    0 1.0000000000 -6.6618860152e+00 -6.4233826050e+00\n  233    0 1.0000000000 -6.6819397993e+00 -6.4419764361e+00\n  234    0 1.0000000000 -6.7017451532e+00 -6.4608981205e+00\n  235    0 1.0000000000 -6.7212994104e+00 -6.4801301156e+00\n  236    0 1.0000000000 -6.7405999269e+00 -6.4996544855e+00\n  237    0 1.0000000000 -6.7596440823e+00 -6.5194529133e+00\n  238    0 1.0000000000 -6.7784292807e+00 -6.5395067142e+00\n  239    0 1.0000000000 -6.7969529510e+00 -6.5597968491e+00\n  240    0 1.0000000000 -6.8152125478e+00 -6.5803039395e+00\n  241    0 1.0000000000 -6.8332055526e+00 -6.6010082821e+00\n  242    0 1.0000000000 -6.8509294740e+00 -6.6218898657e+00\n  243    0 1.0000000000 -6.8683818488e+00 -6.6429283874e+00\n  244    0 1.0000000000 -6.8855602424e+00 -6.6641032700e+00\n  245    0 1.0000000000 -6.9024622500e+00 -6.6853936810e+00\n  246    0 1.0000000000 -6.9190854972e+00 -6.7067785509e+00\n  247    0 1.0000000000 -6.9354276404e+00 -6.7282365931e+00\n  248    0 1.0000000000 -6.9514863680e+00 -6.7497463247e+00\n  249    0 1.0000000000 -6.9672594007e+00 -6.7712860871e+00\n  250    0 1.0000000000 -6.9827444926e+00 -6.7928340683e+00\n  251    0 1.0000000000 -6.9979394317e+00 -6.8143683250e+00\n  252    0 1.0000000000 -7.0128420406e+00 -6.8358668058e+00\n  253    0 1.0000000000 -7.0274501772e+00 -6.8573073751e+00\n  254    0 1.0000000000 -7.0417617355e+00 -6.8786678369e+00\n  255    0 1.0000000000 -7.0557746462e+00 -6.8999259600e+00\n  256    0 1.0000000000 -7.0694868773e+00 -6.9210595032e+00\n  257    0 1.0000000000 -7.0828964348e+00 -6.9420462408e+00\n  258    0 1.0000000000 -7.0960013636e+00 -6.9628639894e+00\n  259    0 1.0000000000 -7.1087997475e+00 -6.9834906337e+00\n  260    0 1.0000000000 -7.1212897107e+00 -7.0039041538e+00\n  261    0 1.0000000000 -7.1334694176e+00 -7.0240826528e+00\n  262    0 1.0000000000 -7.1453370740e+00 -7.0440043833e+00\n  263    0 1.0000000000 -7.1568909275e+00 -7.0636477760e+00\n  264    0 1.0000000000 -7.1681292677e+00 -7.0829914670e+00\n  265    0 1.0000000000 -7.1790504277e+00 -7.1020143257e+00\n  266    0 1.0000000000 -7.1896527834e+00 -7.1206954829e+00\n  267    0 1.0000000000 -7.1999347554e+00 -7.1390143586e+00\n  268    0 1.0000000000 -7.2098948084e+00 -7.1569506900e+00\n  269    0 1.0000000000 -7.2195314523e+00 -7.1744845591e+00\n  270    0 1.0000000000 -7.2288432428e+00 -7.1915964200e+00\n  271    0 1.0000000000 -7.2378287814e+00 -7.2082671268e+00\n  272    0 1.0000000000 -7.2464867163e+00 -7.2244779600e+00\n  273    0 1.0000000000 -7.2548157427e+00 -7.2402106535e+00\n  274    0 1.0000000000 -7.2628146033e+00 -7.2554474206e+00\n  275    0 1.0000000000 -7.2704820887e+00 -7.2701709798e+00\n  276    0 1.0000000000 -7.2778170377e+00 -7.2843645802e+00\n  277    0 1.0000000000 -7.2848183381e+00 -7.2980120257e+00\n  278    0 1.0000000000 -7.2914849265e+00 -7.3110976996e+00\n  279    0 1.0000000000 -7.2978157893e+00 -7.3236065872e+00\n  280    0 1.0000000000 -7.3038099623e+00 -7.3355242988e+00\n  281    0 1.0000000000 -7.3094665319e+00 -7.3468370910e+00\n  282    0 1.0000000000 -7.3147846348e+00 -7.3575318883e+00\n  283    0 1.0000000000 -7.3197634585e+00 -7.3675963019e+00\n  284    0 1.0000000000 -7.3244022414e+00 -7.3770186500e+00\n  285    0 1.0000000000 -7.3287002737e+00 -7.3857879746e+00\n  286    0 1.0000000000 -7.3326568967e+00 -7.3938940594e+00\n  287    0 1.0000000000 -7.3362715038e+00 -7.4013274450e+00\n  288    0 1.0000000000 -7.3395435403e+00 -7.4080794441e+00\n  289    0 1.0000000000 -7.3424725038e+00 -7.4141421548e+00\n  290    0 1.0000000000 -7.3450579444e+00 -7.4195084732e+00\n  291    0 1.0000000000 -7.3472994646e+00 -7.4241721043e+00\n  292    0 1.0000000000 -7.3491967196e+00 -7.4281275724e+00\n  293    0 1.0000000000 -7.3507494176e+00 -7.4313702292e+00\n  294    0 1.0000000000 -7.3519573195e+00 -7.4338962616e+00\n  295    0 1.0000000000 -7.3528202395e+00 -7.4357026974e+00\n  296    0 1.0000000000 -7.3533380447e+00 -7.4367874103e+00\n  297    0 1.0000000000 -7.3535106552e+00 -7.4371491233e+00\n