SINGLE-ORBITAL NN+NNN EFFECTIVE MODEL FIT

m=2
eon=0.0
t0=1.0
l_decay=0.5
dl=1.5
pairing=./m=2/pairing.txt
microscopic_orbitals=10

E_eff(k) = eps0 + 2*t1[cos(k.u1)+cos(k.u2)] + 4*t2*cos(k.u1)*cos(k.u2)

eps0     = -4.64417719863474e+00
t1       = -1.09531053843032e+00
t2       = -2.20016844719508e-01

RMSE=4.53070133013660e-01
MAE=3.88266751545567e-01
max_abs_error=9.16963639169206e-01
optimizer_success=True
optimizer_message=Linear least-squares solution
minimum_tracking_continuity=1.0000000000
mean_tracking_continuity=1.0000000000

# k_index idx continuity target fit\n    0    0 1.0000000000 -9.4853657602e+00 -9.9054867312e+00\n    1    0 1.0000000000 -9.4843213317e+00 -9.9039407697e+00\n    2    0 1.0000000000 -9.4811886946e+00 -9.8993044419e+00\n    3    0 1.0000000000 -9.4759697941e+00 -9.8915824162e+00\n    4    0 1.0000000000 -9.4686678696e+00 -9.8807824679e+00\n    5    0 1.0000000000 -9.4592874516e+00 -9.8669154717e+00\n    6    0 1.0000000000 -9.4478343569e+00 -9.8499953905e+00\n    7    0 1.0000000000 -9.4343156824e+00 -9.8300392615e+00\n    8    0 1.0000000000 -9.4187397976e+00 -9.8070671786e+00\n    9    0 1.0000000000 -9.4011163358e+00 -9.7811022729e+00\n   10    0 1.0000000000 -9.3814561842e+00 -9.7521706889e+00\n   11    0 1.0000000000 -9.3597714722e+00 -9.7203015581e+00\n   12    0 1.0000000000 -9.3360755586e+00 -9.6855269701e+00\n   13    0 1.0000000000 -9.3103830179e+00 -9.6478819399e+00\n   14    0 1.0000000000 -9.2827096248e+00 -9.6074043730e+00\n   15    0 1.0000000000 -9.2530723379e+00 -9.5641350267e+00\n   16    0 1.0000000000 -9.2214892816e+00 -9.5181174697e+00\n   17    0 1.0000000000 -9.1879797273e+00 -9.4693980377e+00\n   18    0 1.0000000000 -9.1525640738e+00 -9.4180257871e+00\n   19    0 1.0000000000 -9.1152638252e+00 -9.3640524454e+00\n   20    0 1.0000000000 -9.0761015692e+00 -9.3075323590e+00\n   21    0 1.0000000000 -9.0351009534e+00 -9.2485224391e+00\n   22    0 1.0000000000 -8.9922866606e+00 -9.1870821036e+00\n   23    0 1.0000000000 -8.9476843838e+00 -9.1232732176e+00\n   24    0 1.0000000000 -8.9013207991e+00 -9.0571600313e+00\n   25    0 1.0000000000 -8.8532235386e+00 -8.9888091152e+00\n   26    0 1.0000000000 -8.8034211618e+00 -8.9182892927e+00\n   27    0 1.0000000000 -8.7519431263e+00 -8.8456715713e+00\n   28    0 1.0000000000 -8.6988197580e+00 -8.7710290710e+00\n   29    0 1.0000000000 -8.6440822197e+00 -8.6944369505e+00\n   30    0 1.0000000000 -8.5877624796e+00 -8.6159723314e+00\n   31    0 1.0000000000 -8.5298932793e+00 -8.5357142210e+00\n   32    0 1.0000000000 -8.4705080999e+00 -8.4537434325e+00\n   33    0 1.0000000000 -8.4096411289e+00 -8.3701425034e+00\n   34    0 1.0000000000 -8.3473272257e+00 -8.2849956128e+00\n   35    0 1.0000000000 -8.2836018869e+00 -8.1983884964e+00\n   36    0 1.0000000000 -8.2185012105e+00 -8.1104083603e+00\n   37    0 1.0000000000 -8.1520618608e+00 -8.0211437929e+00\n   38    0 1.0000000000 -8.0843210316e+00 -7.9306846761e+00\n   39    0 1.0000000000 -8.0153164102e+00 -7.8391220947e+00\n   40    0 1.0000000000 -7.9450861399e+00 -7.7465482443e+00\n   41    0 1.0000000000 -7.8736687838e+00 -7.6530563390e+00\n   42    0 1.0000000000 -7.8011032865e+00 -7.5587405171e+00\n   43    0 1.0000000000 -7.7274289378e+00 -7.4636957468e+00\n   44    0 1.0000000000 -7.6526853342e+00 -7.3680177300e+00\n   45    0 1.0000000000 -7.5769123419e+00 -7.2718028065e+00\n   46    0 1.0000000000 -7.5001500591e+00 -7.1751478564e+00\n   47    0 1.0000000000 -7.4224387783e+00 -7.0781502031e+00\n   48    0 1.0000000000 -7.3438189493e+00 -6.9809075151e+00\n   49    0 1.0000000000 -7.2643311417e+00 -6.8835177075e+00\n   50    0 1.0000000000 -7.1840160081e+00 -6.7860788435e+00\n   51    0 1.0000000000 -7.1029142470e+00 -6.6886890359e+00\n   52    0 1.0000000000 -7.0210665667e+00 -6.5914463479e+00\n   53    0 1.0000000000 -6.9385136493e+00 -6.4944486946e+00\n   54    0 1.0000000000 -6.8552961148e+00 -6.3977937445e+00\n   55    0 1.0000000000 -6.7714544860e+00 -6.3015788210e+00\n   56    0 1.0000000000 -6.6870291540e+00 -6.2059008042e+00\n   57    0 1.0000000000 -6.6020603440e+00 -6.1108560339e+00\n   58    0 1.0000000000 -6.5165880820e+00 -6.0165402120e+00\n   59    0 1.0000000000 -6.4306521621e+00 -5.9230483067e+00\n   60    0 1.0000000000 -6.3442921140e+00 -5.8304744563e+00\n   61    0 1.0000000000 -6.2575471725e+00 -5.7389118748e+00\n   62    0 1.0000000000 -6.1704562464e+00 -5.6484527581e+00\n   63    0 1.0000000000 -6.0830578895e+00 -5.5591881907e+00\n   64    0 1.0000000000 -5.9953902718e+00 -5.4712080546e+00\n   65    0 1.0000000000 -5.9074911518e+00 -5.3846009382e+00\n   66    0 1.0000000000 -5.8193978506e+00 -5.2994540476e+00\n   67    0 1.0000000000 -5.7311472260e+00 -5.2158531185e+00\n   68    0 1.0000000000 -5.6427756488e+00 -5.1338823300e+00\n   69    0 1.0000000000 -5.5543189798e+00 -5.0536242196e+00\n   70    0 1.0000000000 -5.4658125490e+00 -4.9751596005e+00\n   71    0 1.0000000000 -5.3772911354e+00 -4.8985674799e+00\n   72    0 1.0000000000 -5.2887889493e+00 -4.8239249797e+00\n   73    0 1.0000000000 -5.2003396165e+00 -4.7513072583e+00\n   74    0 1.0000000000 -5.1119761641e+00 -4.6807874358e+00\n   75    0 1.0000000000 -5.0237310098e+00 -4.6124365197e+00\n   76    0 1.0000000000 -4.9356359535e+00 -4.5463233334e+00\n   77    0 1.0000000000 -4.8477221730e+00 -4.4825144474e+00\n   78    0 1.0000000000 -4.7600202238e+00 -4.4210741119e+00\n   79    0 1.0000000000 -4.6725600451e+00 -4.3620641919e+00\n   80    0 1.0000000000 -4.5853709726e+00 -4.3055441056e+00\n   81    0 1.0000000000 -4.4984817619e+00 -4.2515707639e+00\n   82    0 1.0000000000 -4.4119206241e+00 -4.2001985133e+00\n   83    0 1.0000000000 -4.3257152809e+00 -4.1514790813e+00\n   84    0 1.0000000000 -4.2398930464e+00 -4.1054615243e+00\n   85    0 1.0000000000 -4.1544809482e+00 -4.0621921780e+00\n   86    0 1.0000000000 -4.0695059084e+00 -4.0217146111e+00\n   87    0 1.0000000000 -3.9849950191e+00 -3.9840695809e+00\n   88    0 1.0000000000 -3.9009759710e+00 -3.9492949929e+00\n   89    0 1.0000000000 -3.8174777406e+00 -3.9174258621e+00\n   90    0 1.0000000000 -3.7345317334e+00 -3.8884942781e+00\n   91    0 1.0000000000 -3.6521737789e+00 -3.8625293724e+00\n   92    0 1.0000000000 -3.5704478115e+00 -3.8395572895e+00\n   93    0 1.0000000000 -3.4894131659e+00 -3.8196011605e+00\n   94    0 1.0000000000 -3.4091604063e+00 -3.8026810793e+00\n   95    0 1.0000000000 -3.3298500324e+00 -3.7888140831e+00\n   96    0 1.0000000000 -3.2518241189e+00 -3.7780141348e+00\n   97    0 1.0000000000 -3.1760170703e+00 -3.7702921091e+00\n   98    0 1.0000000000 -3.1061788473e+00 -3.7656557812e+00\n   99    0 1.0000000000 -3.0667579701e+00 -3.7641098198e+00\n  100    0 1.0000000000 -3.0663830747e+00 -3.7634500115e+00\n  101    0 1.0000000000 -3.0652585777e+00 -3.7614712512e+00\n  102    0 1.0000000000 -3.0633850465e+00 -3.7581755311e+00\n  103    0 1.0000000000 -3.0607634262e+00 -3.7535661700e+00\n  104    0 1.0000000000 -3.0573950388e+00 -3.7476478089e+00\n  105    0 1.0000000000 -3.0532815819e+00 -3.7404264071e+00\n  106    0 1.0000000000 -3.0484251272e+00 -3.7319092361e+00\n  107    0 1.0000000000 -3.0428281185e+00 -3.7221048718e+00\n  108    0 1.0000000000 -3.0364933698e+00 -3.7110231865e+00\n  109    0 1.0000000000 -3.0294240622e+00 -3.6986753385e+00\n  110    0 1.0000000000 -3.0216237418e+00 -3.6850737609e+00\n  111    0 1.0000000000 -3.0130963155e+00 -3.6702321495e+00\n  112    0 1.0000000000 -3.0038460484e+00 -3.6541654484e+00\n  113    0 1.0000000000 -2.9938775592e+00 -3.6368898355e+00\n  114    0 1.0000000000 -2.9831958166e+00 -3.6184227059e+00\n  115    0 1.0000000000 -2.9718061344e+00 -3.5987826544e+00\n  116    0 1.0000000000 -2.9597141670e+00 -3.5779894568e+00\n  117    0 1.0000000000 -2.9469259041e+00 -3.5560640502e+00\n  118    0 1.0000000000 -2.9334476655e+00 -3.5330285115e+00\n  119    0 1.0000000000 -2.9192860953e+00 -3.5089060357e+00\n  120    0 1.0000000000 -2.9044481561e+00 -3.4837209119e+00\n  121    0 1.0000000000 -2.8889411227e+00 -3.4574984995e+00\n  122    0 1.0000000000 -2.8727725757e+00 -3.4302652023e+00\n  123    0 1.0000000000 -2.8559503948e+00 -3.4020484418e+00\n  124    0 1.0000000000 -2.8384827517e+00 -3.3728766299e+00\n  125    0 1.0000000000 -2.8203781030e+00 -3.3427791402e+00\n  126    0 1.0000000000 -2.8016451828e+00 -3.3117862783e+00\n  127    0 1.0000000000 -2.7822929951e+00 -3.2799292514e+00\n  128    0 1.0000000000 -2.7623308058e+00 -3.2472401368e+00\n  129    0 1.0000000000 -2.7417681348e+00 -3.2137518497e+00\n  130    0 1.0000000000 -2.7206147475e+00 -3.1794981099e+00\n  131    0 1.0000000000 -2.6988806469e+00 -3.1445134080e+00\n  132    0 1.0000000000 -2.6765760645e+00 -3.1088329708e+00\n  133    0 1.0000000000 -2.6537114517e+00 -3.0724927253e+00\n  134    0 1.0000000000 -2.6302974712e+00 -3.0355292631e+00\n  135    0 1.0000000000 -2.6063449875e+00 -2.9979798033e+00\n  136    0 1.0000000000 -2.5818650583e+00 -2.9598821549e+00\n  137    0 1.0000000000 -2.5568689249e+00 -2.9212746792e+00\n  138    0 1.0000000000 -2.5313680026e+00 -2.8821962506e+00\n  139    0 1.0000000000 -2.5053738721e+00 -2.8426862177e+00\n  140    0 1.0000000000 -2.4788982690e+00 -2.8027843637e+00\n  141    0 1.0000000000 -2.4519530750e+00 -2.7625308665e+00\n  142    0 1.0000000000 -2.4245503078e+00 -2.7219662580e+00\n  143    0 1.0000000000 -2.3967021115e+00 -2.6811313832e+00\n  144    0 1.0000000000 -2.3684207472e+00 -2.6400673594e+00\n  145    0 1.0000000000 -2.3397185827e+00 -2.5988155345e+00\n  146    0 1.0000000000 -2.3106080833e+00 -2.5574174458e+00\n  147    0 1.0000000000 -2.2811018020e+00 -2.5159147775e+00\n  148    0 1.0000000000 -2.2512123693e+00 -2.4743493193e+00\n  149    0 1.0000000000 -2.2209524844e+00 -2.4327629242e+00\n  150    0 1.0000000000 -2.1903349046e+00 -2.3911974660e+00\n  151    0 1.0000000000 -2.1593724365e+00 -2.3496947978e+00\n  152    0 1.0000000000 -2.1280779260e+00 -2.3082967090e+00\n  153    0 1.0000000000 -2.0964642492e+00 -2.2670448842e+00\n  154    0 1.0000000000 -2.0645443028e+00 -2.2259808604e+00\n  155    0 1.0000000000 -2.0323309950e+00 -2.1851459856e+00\n  156    0 1.0000000000 -1.9998372363e+00 -2.1445813770e+00\n  157    0 1.0000000000 -1.9670759306e+00 -2.1043278798e+00\n  158    0 1.0000000000 -1.9340599661e+00 -2.0644260259e+00\n  159    0 1.0000000000 -1.9008022069e+00 -2.0249159930e+00\n  160    0 1.0000000000 -1.8673154843e+00 -1.9858375643e+00\n  161    0 1.0000000000 -1.8336125881e+00 -1.9472300886e+00\n  162    0 1.0000000000 -1.7997062589e+00 -1.9091324403e+00\n  163    0 1.0000000000 -1.7656091799e+00 -1.8715829805e+00\n  164    0 1.0000000000 -1.7313339688e+00 -1.8346195183e+00\n  165    0 1.0000000000 -1.6968931707e+00 -1.7982792728e+00\n  166    0 1.0000000000 -1.6622992504e+00 -1.7625988355e+00\n  167    0 1.0000000000 -1.6275645854e+00 -1.7276141337e+00\n  168    0 1.0000000000 -1.5927014590e+00 -1.6933603939e+00\n  169    0 1.0000000000 -1.5577220541e+00 -1.6598721068e+00\n  170    0 1.0000000000 -1.5226384465e+00 -1.6271829922e+00\n  171    0 1.0000000000 -1.4874625991e+00 -1.5953259652e+00\n  172    0 1.0000000000 -1.4522063567e+00 -1.5643331033e+00\n  173    0 1.0000000000 -1.4168814404e+00 -1.5342356136e+00\n  174    0 1.0000000000 -1.3814994432e+00 -1.5050638018e+00\n  175    0 1.0000000000 -1.3460718260e+00 -1.4768470413e+00\n  176    0 1.0000000000 -1.3106099134e+00 -1.4496137440e+00\n  177    0 1.0000000000 -1.2751248916e+00 -1.4233913316e+00\n  178    0 1.0000000000 -1.2396278059e+00 -1.3982062079e+00\n  179    0 1.0000000000 -1.2041295602e+00 -1.3740837320e+00\n  180    0 1.0000000000 -1.1686409170e+00 -1.3510481934e+00\n  181    0 1.0000000000 -1.1331725003e+00 -1.3291227868e+00\n  182    0 1.0000000000 -1.0977348003e+00 -1.3083295892e+00\n  183    0 1.0000000000 -1.0623381818e+00 -1.2886895376e+00\n  184    0 1.0000000000 -1.0269928979e+00 -1.2702224080e+00\n  185    0 1.0000000000 -9.9170911183e-01 -1.2529467951e+00\n  186    0 1.0000000000 -9.5649693025e-01 -1.2368800941e+00\n  187    0 1.0000000000 -9.2136645689e-01 -1.2220384826e+00\n  188    0 1.0000000000 -8.8632787901e-01 -1.2084369051e+00\n  189    0 1.0000000000 -8.5139161232e-01 -1.1960890570e+00\n  190    0 1.0000000000 -8.1656855472e-01 -1.1850073717e+00\n  191    0 1.0000000000 -7.8187055604e-01 -1.1752030074e+00\n  192    0 1.0000000000 -7.4731135251e-01 -1.1666858364e+00\n  193    0 1.0000000000 -7.1290860574e-01 -1.1594644347e+00\n  194    0 1.0000000000 -6.7868893975e-01 -1.1535460736e+00\n  195    0 1.0000000000 -6.4470276855e-01 -1.1489367124e+00\n  196    0 1.0000000000 -6.1108153431e-01 -1.1456409924e+00\n  197    0 1.0000000000 -5.7840064640e-01 -1.1436622320e+00\n  198    0 1.0000000000 -5.5517263585e-01 -1.1430024238e+00\n  199    0 1.0000000000 -6.0304222908e-01 -1.1443222633e+00\n  200    0 1.0000000000 -6.6980082115e-01 -1.1482831283e+00\n  201    0 1.0000000000 -7.3914987911e-01 -1.1548890455e+00\n  202    0 1.0000000000 -8.1023846866e-01 -1.1641466858e+00\n  203    0 1.0000000000 -8.8290194940e-01 -1.1760653040e+00\n  204    0 1.0000000000 -9.5709158797e-01 -1.1906566544e+00\n  205    0 1.0000000000 -1.0327910941e+00 -1.2079348837e+00\n  206    0 1.0000000000 -1.1099957151e+00 -1.2279164003e+00\n  207    0 1.0000000000 -1.1887052419e+00 -1.2506197217e+00\n  208    0 1.0000000000 -1.2689211771e+00 -1.2760653004e+00\n  209    0 1.0000000000 -1.3506454095e+00 -1.3042753289e+00\n  210    0 1.0000000000 -1.4338795155e+00 -1.3352735247e+00\n  211    0 1.0000000000 -1.5186243461e+00 -1.3690848967e+00\n  212    0 1.0000000000 -1.6048797574e+00 -1.4057354933e+00\n  213    0 1.0000000000 -1.6926444161e+00 -1.4452521347e+00\n  214    0 1.0000000000 -1.7819156471e+00 -1.4876621289e+00\n  215    0 1.0000000000 -1.8726893052e+00 -1.5329929743e+00\n  216    0 1.0000000000 -1.9649596614e+00 -1.5812720489e+00\n  217    0 1.0000000000 -2.0587192992e+00 -1.6325262893e+00\n  218    0 1.0000000000 -2.1539590163e+00 -1.6867818589e+00\n  219    0 1.0000000000 -2.2506677309e+00 -1.7440638085e+00\n  220    0 1.0000000000 -2.3488323912e+00 -1.8043957305e+00\n  221    0 1.0000000000 -2.4484378877e+00 -1.8677994075e+00\n  222    0 1.0000000000 -2.5494669678e+00 -1.9342944582e+00\n  223    0 1.0000000000 -2.6519001529e+00 -2.0038979817e+00\n  224    0 1.0000000000 -2.7557156582e+00 -2.0766242016e+00\n  225    0 1.0000000000 -2.8608893144e+00 -2.1524841123e+00\n  226    0 1.0000000000 -2.9673944936e+00 -2.2314851291e+00\n  227    0 1.0000000000 -3.0752020371e+00 -2.3136307427e+00\n  228    0 1.0000000000 -3.1842801873e+00 -2.3989201817e+00\n  229    0 1.0000000000 -3.2945945239e+00 -2.4873480834e+00\n  230    0 1.0000000000 -3.4061079033e+00 -2.5789041750e+00\n  231    0 1.0000000000 -3.5187804036e+00 -2.6735729665e+00\n  232    0 1.0000000000 -3.6325692743e+00 -2.7713334579e+00\n  233    0 1.0000000000 -3.7474288906e+00 -2.8721588609e+00\n  234    0 1.0000000000 -3.8633107151e+00 -2.9760163370e+00\n  235    0 1.0000000000 -3.9801632638e+00 -3.0828667546e+00\n  236    0 1.0000000000 -4.0979320802e+00 -3.1926644646e+00\n  237    0 1.0000000000 -4.2165597152e+00 -3.3053570967e+00\n  238    0 1.0000000000 -4.3359857148e+00 -3.4208853784e+00\n  239    0 1.0000000000 -4.4561466150e+00 -3.5391829759e+00\n  240    0 1.0000000000 -4.5769759453e+00 -3.6601763599e+00\n  241    0 1.0000000000 -4.6984042393e+00 -3.7837846961e+00\n  242    0 1.0000000000 -4.8203590544e+00 -3.9099197613e+00\n  243    0 1.0000000000 -4.9427650006e+00 -4.0384858864e+00\n  244    0 1.0000000000 -5.0655437772e+00 -4.1693799265e+00\n  245    0 1.0000000000 -5.1886142195e+00 -4.3024912591e+00\n  246    0 1.0000000000 -5.3118923543e+00 -4.4377018099e+00\n  247    0 1.0000000000 -5.4352914650e+00 -4.5748861074e+00\n  248    0 1.0000000000 -5.5587221661e+00 -4.7139113665e+00\n  249    0 1.0000000000 -5.6820924871e+00 -4.8546376006e+00\n  250    0 1.0000000000 -5.8053079666e+00 -4.9969177625e+00\n  251    0 1.0000000000 -5.9282717547e+00 -5.1405979138e+00\n  252    0 1.0000000000 -6.0508847266e+00 -5.2855174234e+00\n  253    0 1.0000000000 -6.1730456038e+00 -5.4315091931e+00\n  254    0 1.0000000000 -6.2946510859e+00 -5.5783999111e+00\n  255    0 1.0000000000 -6.4155959904e+00 -5.7260103327e+00\n  256    0 1.0000000000 -6.5357734026e+00 -5.8741555867e+00\n  257    0 1.0000000000 -6.6550748326e+00 -6.0226455077e+00\n  258    0 1.0000000000 -6.7733903817e+00 -6.1712849927e+00\n  259    0 1.0000000000 -6.8906089164e+00 -6.3198743808e+00\n  260    0 1.0000000000 -7.0066182495e+00 -6.4682098558e+00\n  261    0 1.0000000000 -7.1213053290e+00 -6.6160838695e+00\n  262    0 1.0000000000 -7.2345564334e+00 -6.7632855853e+00\n  263    0 1.0000000000 -7.3462573729e+00 -6.9096013395e+00\n  264    0 1.0000000000 -7.4562936970e+00 -7.0548151202e+00\n  265    0 1.0000000000 -7.5645509062e+00 -7.1987090614e+00\n  266    0 1.0000000000 -7.6709146691e+00 -7.3410639506e+00\n  267    0 1.0000000000 -7.7752710432e+00 -7.4816597492e+00\n  268    0 1.0000000000 -7.8775066987e+00 -7.6202761227e+00\n  269    0 1.0000000000 -7.9775091450e+00 -7.7566929795e+00\n  270    0 1.0000000000 -8.0751669598e+00 -7.8906910171e+00\n  271    0 1.0000000000 -8.1703700183e+00 -8.0220522728e+00\n  272    0 1.0000000000 -8.2630097242e+00 -8.1505606773e+00\n  273    0 1.0000000000 -8.3529792395e+00 -8.2760026099e+00\n  274    0 1.0000000000 -8.4401737142e+00 -8.3981674527e+00\n  275    0 1.0000000000 -8.5244905141e+00 -8.5168481422e+00\n  276    0 1.0000000000 -8.6058294458e+00 -8.6318417160e+00\n  277    0 1.0000000000 -8.6840929797e+00 -8.7429498537e+00\n  278    0 1.0000000000 -8.7591864678e+00 -8.8499794085e+00\n  279    0 1.0000000000 -8.8310183584e+00 -8.9527429289e+00\n  280    0 1.0000000000 -8.8995004046e+00 -9.0510591688e+00\n  281    0 1.0000000000 -8.9645478669e+00 -9.1447535826e+00\n  282    0 1.0000000000 -9.0260797099e+00 -9.2336588054e+00\n  283    0 1.0000000000 -9.0840187911e+00 -9.3176151158e+00\n  284    0 1.0000000000 -9.1382920414e+00 -9.3964708788e+00\n  285    0 1.0000000000 -9.1888306385e+00 -9.4700829693e+00\n  286    0 1.0000000000 -9.2355701693e+00 -9.5383171724e+00\n  287    0 1.0000000000 -9.2784507843e+00 -9.6010485606e+00\n  288    0 1.0000000000 -9.3174173405e+00 -9.6581618461e+00\n  289    0 1.0000000000 -9.3524195342e+00 -9.7095517067e+00\n  290    0 1.0000000000 -9.3834120224e+00 -9.7551230843e+00\n  291    0 1.0000000000 -9.4103545331e+00 -9.7947914552e+00\n  292    0 1.0000000000 -9.4332119624e+00 -9.8284830705e+00\n  293    0 1.0000000000 -9.4519544607e+00 -9.8561351669e+00\n  294    0 1.0000000000 -9.4665575053e+00 -9.8776961455e+00\n  295    0 1.0000000000 -9.4770019602e+00 -9.8931257199e+00\n  296    0 1.0000000000 -9.4832741234e+00 -9.9023950313e+00\n  297    0 1.0000000000 -9.4853657602e+00 -9.9054867312e+00\n