SINGLE-ORBITAL NN+NNN EFFECTIVE MODEL FIT

m=3
eon=0.0
t0=1.0
l_decay=0.5
dl=1.5
pairing=./m=3/pairing.txt
microscopic_orbitals=20

E_eff(k) = eps0 + 2*t1[cos(k.u1)+cos(k.u2)] + 4*t2*cos(k.u1)*cos(k.u2)

eps0     = -6.45333611124257e+00
t1       = -7.88335930836735e-01
t2       = -9.69941851329920e-02

RMSE=4.12565329687225e-01
MAE=3.47118145668464e-01
max_abs_error=8.65151627484448e-01
optimizer_success=True
optimizer_message=Linear least-squares solution
minimum_tracking_continuity=1.0000000000
mean_tracking_continuity=1.0000000000

# k_index idx continuity target fit\n    0    0 1.0000000000 -9.6381181957e+00 -9.9946565751e+00\n    1    0 1.0000000000 -9.6375476563e+00 -9.9936674578e+00\n    2    0 1.0000000000 -9.6358362556e+00 -9.9907011019e+00\n    3    0 1.0000000000 -9.6329846457e+00 -9.9857604941e+00\n    4    0 1.0000000000 -9.6289939129e+00 -9.9788506094e+00\n    5    0 1.0000000000 -9.6238655769e+00 -9.9699784053e+00\n    6    0 1.0000000000 -9.6176015895e+00 -9.9591528155e+00\n    7    0 1.0000000000 -9.6102043335e+00 -9.9463847403e+00\n    8    0 1.0000000000 -9.6016766205e+00 -9.9316870361e+00\n    9    0 1.0000000000 -9.5920216889e+00 -9.9150745024e+00\n   10    0 1.0000000000 -9.5812432019e+00 -9.8965638664e+00\n   11    0 1.0000000000 -9.5693452440e+00 -9.8761737668e+00\n   12    0 1.0000000000 -9.5563323185e+00 -9.8539247348e+00\n   13    0 1.0000000000 -9.5422093441e+00 -9.8298391733e+00\n   14    0 1.0000000000 -9.5269816510e+00 -9.8039413343e+00\n   15    0 1.0000000000 -9.5106549770e+00 -9.7762572947e+00\n   16    0 1.0000000000 -9.4932354633e+00 -9.7468149301e+00\n   17    0 1.0000000000 -9.4747296500e+00 -9.7156438864e+00\n   18    0 1.0000000000 -9.4551444711e+00 -9.6827755503e+00\n   19    0 1.0000000000 -9.4344872496e+00 -9.6482430173e+00\n   20    0 1.0000000000 -9.4127656918e+00 -9.6120810588e+00\n   21    0 1.0000000000 -9.3899878818e+00 -9.5743260868e+00\n   22    0 1.0000000000 -9.3661622755e+00 -9.5350161173e+00\n   23    0 1.0000000000 -9.3412976946e+00 -9.4941907322e+00\n   24    0 1.0000000000 -9.3154033199e+00 -9.4518910392e+00\n   25    0 1.0000000000 -9.2884886848e+00 -9.4081596305e+00\n   26    0 1.0000000000 -9.2605636683e+00 -9.3630405399e+00\n   27    0 1.0000000000 -9.2316384879e+00 -9.3165791985e+00\n   28    0 1.0000000000 -9.2017236920e+00 -9.2688223889e+00\n   29    0 1.0000000000 -9.1708301527e+00 -9.2198181982e+00\n   30    0 1.0000000000 -9.1389690580e+00 -9.1696159695e+00\n   31    0 1.0000000000 -9.1061519032e+00 -9.1182662521e+00\n   32    0 1.0000000000 -9.0723904836e+00 -9.0658207509e+00\n   33    0 1.0000000000 -9.0376968856e+00 -9.0123322740e+00\n   34    0 1.0000000000 -9.0020834783e+00 -8.9578546798e+00\n   35    0 1.0000000000 -8.9655629050e+00 -8.9024428227e+00\n   36    0 1.0000000000 -8.9281480740e+00 -8.8461524975e+00\n   37    0 1.0000000000 -8.8898521501e+00 -8.7890403841e+00\n   38    0 1.0000000000 -8.8506885452e+00 -8.7311639893e+00\n   39    0 1.0000000000 -8.8106709092e+00 -8.6725815899e+00\n   40    0 1.0000000000 -8.7698131205e+00 -8.6133521733e+00\n   41    0 1.0000000000 -8.7281292769e+00 -8.5535353785e+00\n   42    0 1.0000000000 -8.6856336857e+00 -8.4931914360e+00\n   43    0 1.0000000000 -8.6423408543e+00 -8.4323811071e+00\n   44    0 1.0000000000 -8.5982654806e+00 -8.3711656224e+00\n   45    0 1.0000000000 -8.5534224428e+00 -8.3096066210e+00\n   46    0 1.0000000000 -8.5078267904e+00 -8.2477660874e+00\n   47    0 1.0000000000 -8.4614937333e+00 -8.1857062899e+00\n   48    0 1.0000000000 -8.4144386331e+00 -8.1234897173e+00\n   49    0 1.0000000000 -8.3666769922e+00 -8.0611790166e+00\n   50    0 1.0000000000 -8.3182244443e+00 -7.9988369292e+00\n   51    0 1.0000000000 -8.2690967446e+00 -7.9365262285e+00\n   52    0 1.0000000000 -8.2193097596e+00 -7.8743096560e+00\n   53    0 1.0000000000 -8.1688794575e+00 -7.8122498584e+00\n   54    0 1.0000000000 -8.1178218980e+00 -7.7504093248e+00\n   55    0 1.0000000000 -8.0661532227e+00 -7.6888503234e+00\n   56    0 1.0000000000 -8.0138896451e+00 -7.6276348388e+00\n   57    0 1.0000000000 -7.9610474410e+00 -7.5668245098e+00\n   58    0 1.0000000000 -7.9076429389e+00 -7.5064805673e+00\n   59    0 1.0000000000 -7.8536925100e+00 -7.4466637726e+00\n   60    0 1.0000000000 -7.7992125591e+00 -7.3874343560e+00\n   61    0 1.0000000000 -7.7442195150e+00 -7.3288519565e+00\n   62    0 1.0000000000 -7.6887298209e+00 -7.2709755618e+00\n   63    0 1.0000000000 -7.6327599256e+00 -7.2138634483e+00\n   64    0 1.0000000000 -7.5763262738e+00 -7.1575731232e+00\n   65    0 1.0000000000 -7.5194452978e+00 -7.1021612660e+00\n   66    0 1.0000000000 -7.4621334079e+00 -7.0476836718e+00\n   67    0 1.0000000000 -7.4044069842e+00 -6.9941951949e+00\n   68    0 1.0000000000 -7.3462823676e+00 -6.9417496937e+00\n   69    0 1.0000000000 -7.2877758517e+00 -6.8903999763e+00\n   70    0 1.0000000000 -7.2289036744e+00 -6.8401977476e+00\n   71    0 1.0000000000 -7.1696820095e+00 -6.7911935569e+00\n   72    0 1.0000000000 -7.1101269594e+00 -6.7434367473e+00\n   73    0 1.0000000000 -7.0502545469e+00 -6.6969754059e+00\n   74    0 1.0000000000 -6.9900807078e+00 -6.6518563153e+00\n   75    0 1.0000000000 -6.9296212837e+00 -6.6081249066e+00\n   76    0 1.0000000000 -6.8688920150e+00 -6.5658252136e+00\n   77    0 1.0000000000 -6.8079085340e+00 -6.5249998285e+00\n   78    0 1.0000000000 -6.7466863584e+00 -6.4856898591e+00\n   79    0 1.0000000000 -6.6852408856e+00 -6.4479348871e+00\n   80    0 1.0000000000 -6.6235873861e+00 -6.4117729285e+00\n   81    0 1.0000000000 -6.5617409995e+00 -6.3772403955e+00\n   82    0 1.0000000000 -6.4997167285e+00 -6.3443720594e+00\n   83    0 1.0000000000 -6.4375294361e+00 -6.3132010157e+00\n   84    0 1.0000000000 -6.3751938422e+00 -6.2837586511e+00\n   85    0 1.0000000000 -6.3127245221e+00 -6.2560746116e+00\n   86    0 1.0000000000 -6.2501359078e+00 -6.2301767726e+00\n   87    0 1.0000000000 -6.1874422912e+00 -6.2060912110e+00\n   88    0 1.0000000000 -6.1246578336e+00 -6.1838421790e+00\n   89    0 1.0000000000 -6.0617965829e+00 -6.1634520795e+00\n   90    0 1.0000000000 -5.9988725067e+00 -6.1449414435e+00\n   91    0 1.0000000000 -5.9358995524e+00 -6.1283289097e+00\n   92    0 1.0000000000 -5.8728917637e+00 -6.1136312056e+00\n   93    0 1.0000000000 -5.8098635171e+00 -6.1008631304e+00\n   94    0 1.0000000000 -5.7468300473e+00 -6.0900375405e+00\n   95    0 1.0000000000 -5.6838087639e+00 -6.0811653364e+00\n   96    0 1.0000000000 -5.6208232039e+00 -6.0742554517e+00\n   97    0 1.0000000000 -5.5579187950e+00 -6.0693148440e+00\n   98    0 1.0000000000 -5.4952719351e+00 -6.0663484880e+00\n   99    0 1.0000000000 -5.4408439123e+00 -6.0653593707e+00\n  100    0 1.0000000000 -5.4405286688e+00 -6.0647609131e+00\n  101    0 1.0000000000 -5.4395830401e+00 -6.0629661429e+00\n  102    0 1.0000000000 -5.4380073306e+00 -6.0599768672e+00\n  103    0 1.0000000000 -5.4358020475e+00 -6.0557960960e+00\n  104    0 1.0000000000 -5.4329679006e+00 -6.0504280390e+00\n  105    0 1.0000000000 -5.4295058015e+00 -6.0438781013e+00\n  106    0 1.0000000000 -5.4254168633e+00 -6.0361528783e+00\n  107    0 1.0000000000 -5.4207023997e+00 -6.0272601484e+00\n  108    0 1.0000000000 -5.4153639244e+00 -6.0172088661e+00\n  109    0 1.0000000000 -5.4094031496e+00 -6.0060091520e+00\n  110    0 1.0000000000 -5.4028219854e+00 -5.9936722833e+00\n  111    0 1.0000000000 -5.3956225384e+00 -5.9802106822e+00\n  112    0 1.0000000000 -5.3878071102e+00 -5.9656379034e+00\n  113    0 1.0000000000 -5.3793781961e+00 -5.9499686204e+00\n  114    0 1.0000000000 -5.3703384835e+00 -5.9332186109e+00\n  115    0 1.0000000000 -5.3606908498e+00 -5.9154047407e+00\n  116    0 1.0000000000 -5.3504383612e+00 -5.8965449469e+00\n  117    0 1.0000000000 -5.3395842699e+00 -5.8766582197e+00\n  118    0 1.0000000000 -5.3281320129e+00 -5.8557645833e+00\n  119    0 1.0000000000 -5.3160852091e+00 -5.8338850759e+00\n  120    0 1.0000000000 -5.3034476575e+00 -5.8110417282e+00\n  121    0 1.0000000000 -5.2902233342e+00 -5.7872575417e+00\n  122    0 1.0000000000 -5.2764163906e+00 -5.7625564649e+00\n  123    0 1.0000000000 -5.2620311501e+00 -5.7369633697e+00\n  124    0 1.0000000000 -5.2470721057e+00 -5.7105040262e+00\n  125    0 1.0000000000 -5.2315439173e+00 -5.6832050767e+00\n  126    0 1.0000000000 -5.2154514085e+00 -5.6550940090e+00\n  127    0 1.0000000000 -5.1987995636e+00 -5.6261991286e+00\n  128    0 1.0000000000 -5.1815935247e+00 -5.5965495300e+00\n  129    0 1.0000000000 -5.1638385882e+00 -5.5661750680e+00\n  130    0 1.0000000000 -5.1455402020e+00 -5.5351063270e+00\n  131    0 1.0000000000 -5.1267039614e+00 -5.5033745907e+00\n  132    0 1.0000000000 -5.1073356066e+00 -5.4710118101e+00\n  133    0 1.0000000000 -5.0874410183e+00 -5.4380505720e+00\n  134    0 1.0000000000 -5.0670262146e+00 -5.4045240654e+00\n  135    0 1.0000000000 -5.0460973474e+00 -5.3704660488e+00\n  136    0 1.0000000000 -5.0246606983e+00 -5.3359108156e+00\n  137    0 1.0000000000 -5.0027226752e+00 -5.3008931600e+00\n  138    0 1.0000000000 -4.9802898083e+00 -5.2654483418e+00\n  139    0 1.0000000000 -4.9573687463e+00 -5.2296120511e+00\n  140    0 1.0000000000 -4.9339662524e+00 -5.1934203718e+00\n  141    0 1.0000000000 -4.9100892001e+00 -5.1569097460e+00\n  142    0 1.0000000000 -4.8857445698e+00 -5.1201169367e+00\n  143    0 1.0000000000 -4.8609394439e+00 -5.0830789912e+00\n  144    0 1.0000000000 -4.8356810036e+00 -5.0458332035e+00\n  145    0 1.0000000000 -4.8099765240e+00 -5.0084170770e+00\n  146    0 1.0000000000 -4.7838333703e+00 -4.9708682866e+00\n  147    0 1.0000000000 -4.7572589938e+00 -4.9332246408e+00\n  148    0 1.0000000000 -4.7302609272e+00 -4.8955240434e+00\n  149    0 1.0000000000 -4.7028467809e+00 -4.8578044558e+00\n  150    0 1.0000000000 -4.6750242385e+00 -4.8201038584e+00\n  151    0 1.0000000000 -4.6468010525e+00 -4.7824602125e+00\n  152    0 1.0000000000 -4.6181850403e+00 -4.7449114221e+00\n  153    0 1.0000000000 -4.5891840797e+00 -4.7074952956e+00\n  154    0 1.0000000000 -4.5598061050e+00 -4.6702495080e+00\n  155    0 1.0000000000 -4.5300591024e+00 -4.6332115625e+00\n  156    0 1.0000000000 -4.4999511060e+00 -4.5964187532e+00\n  157    0 1.0000000000 -4.4694901935e+00 -4.5599081273e+00\n  158    0 1.0000000000 -4.4386844820e+00 -4.5237164480e+00\n  159    0 1.0000000000 -4.4075421239e+00 -4.4878801573e+00\n  160    0 1.0000000000 -4.3760713026e+00 -4.4524353392e+00\n  161    0 1.0000000000 -4.3442802287e+00 -4.4174176836e+00\n  162    0 1.0000000000 -4.3121771356e+00 -4.3828624504e+00\n  163    0 1.0000000000 -4.2797702753e+00 -4.3488044337e+00\n  164    0 1.0000000000 -4.2470679148e+00 -4.3152779271e+00\n  165    0 1.0000000000 -4.2140783320e+00 -4.2823166890e+00\n  166    0 1.0000000000 -4.1808098115e+00 -4.2499539085e+00\n  167    0 1.0000000000 -4.1472706409e+00 -4.2182221721e+00\n  168    0 1.0000000000 -4.1134691070e+00 -4.1871534312e+00\n  169    0 1.0000000000 -4.0794134919e+00 -4.1567789692e+00\n  170    0 1.0000000000 -4.0451120693e+00 -4.1271293706e+00\n  171    0 1.0000000000 -4.0105731007e+00 -4.0982344901e+00\n  172    0 1.0000000000 -3.9758048323e+00 -4.0701234224e+00\n  173    0 1.0000000000 -3.9408154906e+00 -4.0428244729e+00\n  174    0 1.0000000000 -3.9056132797e+00 -4.0163651295e+00\n  175    0 1.0000000000 -3.8702063774e+00 -3.9907720343e+00\n  176    0 1.0000000000 -3.8346029324e+00 -3.9660709575e+00\n  177    0 1.0000000000 -3.7988110604e+00 -3.9422867709e+00\n  178    0 1.0000000000 -3.7628388417e+00 -3.9194434232e+00\n  179    0 1.0000000000 -3.7266943177e+00 -3.8975639158e+00\n  180    0 1.0000000000 -3.6903854883e+00 -3.8766702794e+00\n  181    0 1.0000000000 -3.6539203091e+00 -3.8567835522e+00\n  182    0 1.0000000000 -3.6173066891e+00 -3.8379237584e+00\n  183    0 1.0000000000 -3.5805524881e+00 -3.8201098883e+00\n  184    0 1.0000000000 -3.5436655154e+00 -3.8033598788e+00\n  185    0 1.0000000000 -3.5066535282e+00 -3.7876905958e+00\n  186    0 1.0000000000 -3.4695242310e+00 -3.7731178170e+00\n  187    0 1.0000000000 -3.4322852765e+00 -3.7596562159e+00\n  188    0 1.0000000000 -3.3949442683e+00 -3.7473193472e+00\n  189    0 1.0000000000 -3.3575087676e+00 -3.7361196331e+00\n  190    0 1.0000000000 -3.3199863056e+00 -3.7260683507e+00\n  191    0 1.0000000000 -3.2823844108e+00 -3.7171756209e+00\n  192    0 1.0000000000 -3.2447106629e+00 -3.7094503978e+00\n  193    0 1.0000000000 -3.2069728175e+00 -3.7029004602e+00\n  194    0 1.0000000000 -3.1691791170e+00 -3.6975324032e+00\n  195    0 1.0000000000 -3.1313392307e+00 -3.6933516320e+00\n  196    0 1.0000000000 -3.0934680103e+00 -3.6903623563e+00\n  197    0 1.0000000000 -3.0556116508e+00 -3.6885675860e+00\n  198    0 1.0000000000 -3.0209470306e+00 -3.6879691284e+00\n  199    0 1.0000000000 -3.0907480076e+00 -3.6891661420e+00\n  200    0 1.0000000000 -3.1674103592e+00 -3.6927571568e+00\n  201    0 1.0000000000 -3.2448204255e+00 -3.6987420904e+00\n  202    0 1.0000000000 -3.3228984168e+00 -3.7071207897e+00\n  203    0 1.0000000000 -3.4016197175e+00 -3.7178930075e+00\n  204    0 1.0000000000 -3.4809683331e+00 -3.7310583696e+00\n  205    0 1.0000000000 -3.5609302180e+00 -3.7466163331e+00\n  206    0 1.0000000000 -3.6414915951e+00 -3.7645661360e+00\n  207    0 1.0000000000 -3.7226383875e+00 -3.7849067374e+00\n  208    0 1.0000000000 -3.8043559816e+00 -3.8076367505e+00\n  209    0 1.0000000000 -3.8866291129e+00 -3.8327543669e+00\n  210    0 1.0000000000 -3.9694418029e+00 -3.8602572735e+00\n  211    0 1.0000000000 -4.0527773187e+00 -3.8901425623e+00\n  212    0 1.0000000000 -4.1366181464e+00 -3.9224066336e+00\n  213    0 1.0000000000 -4.2209459703e+00 -3.9570450930e+00\n  214    0 1.0000000000 -4.3057416567e+00 -3.9940526424e+00\n  215    0 1.0000000000 -4.3909852411e+00 -4.0334229668e+00\n  216    0 1.0000000000 -4.4766559165e+00 -4.0751486154e+00\n  217    0 1.0000000000 -4.5627320244e+00 -4.1192208799e+00\n  218    0 1.0000000000 -4.6491910465e+00 -4.1656296690e+00\n  219    0 1.0000000000 -4.7360095988e+00 -4.2143633807e+00\n  220    0 1.0000000000 -4.8231634258e+00 -4.2654087720e+00\n  221    0 1.0000000000 -4.9106273970e+00 -4.3187508287e+00\n  222    0 1.0000000000 -4.9983755043e+00 -4.3743726334e+00\n  223    0 1.0000000000 -5.0863808608e+00 -4.4322552348e+00\n  224    0 1.0000000000 -5.1746157006e+00 -4.4923775174e+00\n  225    0 1.0000000000 -5.2630513811e+00 -4.5547160729e+00\n  226    0 1.0000000000 -5.3516583853e+00 -4.6192450748e+00\n  227    0 1.0000000000 -5.4404063267e+00 -4.6859361549e+00\n  228    0 1.0000000000 -5.5292639550e+00 -4.7547582854e+00\n  229    0 1.0000000000 -5.6181991641e+00 -4.8256776636e+00\n  230    0 1.0000000000 -5.7071790005e+00 -4.8986576040e+00\n  231    0 1.0000000000 -5.7961696748e+00 -4.9736584347e+00\n  232    0 1.0000000000 -5.8851365734e+00 -5.0506374017e+00\n  233    0 1.0000000000 -5.9740442734e+00 -5.1295485797e+00\n  234    0 1.0000000000 -6.0628565573e+00 -5.2103427911e+00\n  235    0 1.0000000000 -6.1515364317e+00 -5.2929675341e+00\n  236    0 1.0000000000 -6.2400461455e+00 -5.3773669187e+00\n  237    0 1.0000000000 -6.3283472116e+00 -5.4634816135e+00\n  238    0 1.0000000000 -6.4164004295e+00 -5.5512488020e+00\n  239    0 1.0000000000 -6.5041659096e+00 -5.6406021496e+00\n  240    0 1.0000000000 -6.5916031000e+00 -5.7314717819e+00\n  241    0 1.0000000000 -6.6786708145e+00 -5.8237842736e+00\n  242    0 1.0000000000 -6.7653272622e+00 -5.9174626503e+00\n  243    0 1.0000000000 -6.8515300796e+00 -6.0124264013e+00\n  244    0 1.0000000000 -6.9372363638e+00 -6.1085915049e+00\n  245    0 1.0000000000 -7.0224027076e+00 -6.2058704667e+00\n  246    0 1.0000000000 -7.1069852367e+00 -6.3041723700e+00\n  247    0 1.0000000000 -7.1909396477e+00 -6.4034029387e+00\n  248    0 1.0000000000 -7.2742212487e+00 -6.5034646136e+00\n  249    0 1.0000000000 -7.3567850008e+00 -6.6042566412e+00\n  250    0 1.0000000000 -7.4385855617e+00 -6.7056751748e+00\n  251    0 1.0000000000 -7.5195773299e+00 -6.8076133888e+00\n  252    0 1.0000000000 -7.5997144916e+00 -6.9099616053e+00\n  253    0 1.0000000000 -7.6789510678e+00 -7.0126074326e+00\n  254    0 1.0000000000 -7.7572409635e+00 -7.1154359161e+00\n  255    0 1.0000000000 -7.8345380176e+00 -7.2183297009e+00\n  256    0 1.0000000000 -7.9107960544e+00 -7.3211692053e+00\n  257    0 1.0000000000 -7.9859689357e+00 -7.4238328057e+00\n  258    0 1.0000000000 -8.0600106145e+00 -7.5261970320e+00\n  259    0 1.0000000000 -8.1328751887e+00 -7.6281367723e+00\n  260    0 1.0000000000 -8.2045169568e+00 -7.7295254884e+00\n  261    0 1.0000000000 -8.2748904730e+00 -7.8302354388e+00\n  262    0 1.0000000000 -8.3439506040e+00 -7.9301379109e+00\n  263    0 1.0000000000 -8.4116525857e+00 -8.0291034604e+00\n  264    0 1.0000000000 -8.4779520800e+00 -8.1270021580e+00\n  265    0 1.0000000000 -8.5428052331e+00 -8.2237038421e+00\n  266    0 1.0000000000 -8.6061687320e+00 -8.3190783768e+00\n  267    0 1.0000000000 -8.6679998634e+00 -8.4129959153e+00\n  268    0 1.0000000000 -8.7282565702e+00 -8.5053271664e+00\n  269    0 1.0000000000 -8.7868975095e+00 -8.5959436647e+00\n  270    0 1.0000000000 -8.8438821093e+00 -8.6847180430e+00\n  271    0 1.0000000000 -8.8991706253e+00 -8.7715243057e+00\n  272    0 1.0000000000 -8.9527241968e+00 -8.8562381033e+00\n  273    0 1.0000000000 -9.0045049017e+00 -8.9387370062e+00\n  274    0 1.0000000000 -9.0544758118e+00 -9.0189007779e+00\n  275    0 1.0000000000 -9.1026010451e+00 -9.0966116450e+00\n  276    0 1.0000000000 -9.1488458195e+00 -9.1717545657e+00\n  277    0 1.0000000000 -9.1931765031e+00 -9.2442174934e+00\n  278    0 1.0000000000 -9.2355606645e+00 -9.3138916361e+00\n  279    0 1.0000000000 -9.2759671213e+00 -9.3806717104e+00\n  280    0 1.0000000000 -9.3143659872e+00 -9.4444561885e+00\n  281    0 1.0000000000 -9.3507287168e+00 -9.5051475391e+00\n  282    0 1.0000000000 -9.3850281497e+00 -9.5626524592e+00\n  283    0 1.0000000000 -9.4172385517e+00 -9.6168820979e+00\n  284    0 1.0000000000 -9.4473356546e+00 -9.6677522706e+00\n  285    0 1.0000000000 -9.4752966940e+00 -9.7151836626e+00\n  286    0 1.0000000000 -9.5011004444e+00 -9.7591020222e+00\n  287    0 1.0000000000 -9.5247272526e+00 -9.7994383423e+00\n  288    0 1.0000000000 -9.5461590685e+00 -9.8361290293e+00\n  289    0 1.0000000000 -9.5653794732e+00 -9.8691160601e+00\n  290    0 1.0000000000 -9.5823737057e+00 -9.8983471252e+00\n  291    0 1.0000000000 -9.5971286853e+00 -9.9237757581e+00\n  292    0 1.0000000000 -9.6096330331e+00 -9.9453614511e+00\n  293    0 1.0000000000 -9.6198770898e+00 -9.9630697555e+00\n  294    0 1.0000000000 -9.6278529314e+00 -9.9768723680e+00\n  295    0 1.0000000000 -9.6335543813e+00 -9.9867472013e+00\n  296    0 1.0000000000 -9.6369770208e+00 -9.9926784389e+00\n  297    0 1.0000000000 -9.6381181957e+00 -9.9946565751e+00\n