SINGLE-ORBITAL NN+NNN EFFECTIVE MODEL FIT

m=4
eon=0.0
t0=1.0
l_decay=0.5
dl=1.5
pairing=./m=4/pairing.txt
microscopic_orbitals=34

E_eff(k) = eps0 + 2*t1[cos(k.u1)+cos(k.u2)] + 4*t2*cos(k.u1)*cos(k.u2)

eps0     = -7.52818355487524e+00
t1       = -5.53253853675288e-01
t2       = -4.46105915518515e-02

RMSE=3.22233655461665e-01
MAE=2.66958731921530e-01
max_abs_error=6.88694139450981e-01
optimizer_success=True
optimizer_message=Linear least-squares solution
minimum_tracking_continuity=1.0000000000
mean_tracking_continuity=1.0000000000

# k_index idx continuity target fit\n    0    0 1.0000000000 -9.6555032356e+00 -9.9196413358e+00\n    1    0 1.0000000000 -9.6551618631e+00 -9.9189944179e+00\n    2    0 1.0000000000 -9.6541378271e+00 -9.9170543156e+00\n    3    0 1.0000000000 -9.6524313728e+00 -9.9138229824e+00\n    4    0 1.0000000000 -9.6500429089e+00 -9.9093036719e+00\n    5    0 1.0000000000 -9.6469730068e+00 -9.9035009349e+00\n    6    0 1.0000000000 -9.6432224010e+00 -9.8964206140e+00\n    7    0 1.0000000000 -9.6387919884e+00 -9.8880698386e+00\n    8    0 1.0000000000 -9.6336828279e+00 -9.8784570173e+00\n    9    0 1.0000000000 -9.6278961398e+00 -9.8675918293e+00\n   10    0 1.0000000000 -9.6214333053e+00 -9.8554852149e+00\n   11    0 1.0000000000 -9.6142958656e+00 -9.8421493644e+00\n   12    0 1.0000000000 -9.6064855214e+00 -9.8275977060e+00\n   13    0 1.0000000000 -9.5980041320e+00 -9.8118448920e+00\n   14    0 1.0000000000 -9.5888537139e+00 -9.7949067840e+00\n   15    0 1.0000000000 -9.5790364405e+00 -9.7768004374e+00\n   16    0 1.0000000000 -9.5685546405e+00 -9.7575440836e+00\n   17    0 1.0000000000 -9.5574107968e+00 -9.7371571122e+00\n   18    0 1.0000000000 -9.5456075456e+00 -9.7156600511e+00\n   19    0 1.0000000000 -9.5331476745e+00 -9.6930745461e+00\n   20    0 1.0000000000 -9.5200341216e+00 -9.6694233389e+00\n   21    0 1.0000000000 -9.5062699738e+00 -9.6447302441e+00\n   22    0 1.0000000000 -9.4918584654e+00 -9.6190201258e+00\n   23    0 1.0000000000 -9.4768029762e+00 -9.5923188717e+00\n   24    0 1.0000000000 -9.4611070304e+00 -9.5646533677e+00\n   25    0 1.0000000000 -9.4447742940e+00 -9.5360514708e+00\n   26    0 1.0000000000 -9.4278085739e+00 -9.5065419805e+00\n   27    0 1.0000000000 -9.4102138154e+00 -9.4761546105e+00\n   28    0 1.0000000000 -9.3919941005e+00 -9.4449199582e+00\n   29    0 1.0000000000 -9.3731536460e+00 -9.4128694743e+00\n   30    0 1.0000000000 -9.3536968011e+00 -9.3800354308e+00\n   31    0 1.0000000000 -9.3336280457e+00 -9.3464508890e+00\n   32    0 1.0000000000 -9.3129519879e+00 -9.3121496656e+00\n   33    0 1.0000000000 -9.2916733620e+00 -9.2771662990e+00\n   34    0 1.0000000000 -9.2697970259e+00 -9.2415360145e+00\n   35    0 1.0000000000 -9.2473279594e+00 -9.2052946888e+00\n   36    0 1.0000000000 -9.2242712611e+00 -9.1684788137e+00\n   37    0 1.0000000000 -9.2006321463e+00 -9.1311254599e+00\n   38    0 1.0000000000 -9.1764159446e+00 -9.0932722389e+00\n   39    0 1.0000000000 -9.1516280972e+00 -9.0549572657e+00\n   40    0 1.0000000000 -9.1262741547e+00 -9.0162191203e+00\n   41    0 1.0000000000 -9.1003597738e+00 -8.9770968087e+00\n   42    0 1.0000000000 -9.0738907155e+00 -8.9376297238e+00\n   43    0 1.0000000000 -9.0468728418e+00 -8.8978576054e+00\n   44    0 1.0000000000 -9.0193121133e+00 -8.8578205009e+00\n   45    0 1.0000000000 -8.9912145863e+00 -8.8175587241e+00\n   46    0 1.0000000000 -8.9625864102e+00 -8.7771128153e+00\n   47    0 1.0000000000 -8.9334338245e+00 -8.7365235001e+00\n   48    0 1.0000000000 -8.9037631562e+00 -8.6958316485e+00\n   49    0 1.0000000000 -8.8735808168e+00 -8.6550782336e+00\n   50    0 1.0000000000 -8.8428932995e+00 -8.6143042908e+00\n   51    0 1.0000000000 -8.8117071763e+00 -8.5735508760e+00\n   52    0 1.0000000000 -8.7800290949e+00 -8.5328590243e+00\n   53    0 1.0000000000 -8.7478657762e+00 -8.4922697091e+00\n   54    0 1.0000000000 -8.7152240110e+00 -8.4518238003e+00\n   55    0 1.0000000000 -8.6821106572e+00 -8.4115620236e+00\n   56    0 1.0000000000 -8.6485326368e+00 -8.3715249190e+00\n   57    0 1.0000000000 -8.6144969329e+00 -8.3317528007e+00\n   58    0 1.0000000000 -8.5800105870e+00 -8.2922857157e+00\n   59    0 1.0000000000 -8.5450806956e+00 -8.2531634041e+00\n   60    0 1.0000000000 -8.5097144076e+00 -8.2144252587e+00\n   61    0 1.0000000000 -8.4739189210e+00 -8.1761102855e+00\n   62    0 1.0000000000 -8.4377014802e+00 -8.1382570645e+00\n   63    0 1.0000000000 -8.4010693731e+00 -8.1009037107e+00\n   64    0 1.0000000000 -8.3640299276e+00 -8.0640878357e+00\n   65    0 1.0000000000 -8.3265905093e+00 -8.0278465100e+00\n   66    0 1.0000000000 -8.2887585183e+00 -7.9922162254e+00\n   67    0 1.0000000000 -8.2505413861e+00 -7.9572328588e+00\n   68    0 1.0000000000 -8.2119465729e+00 -7.9229316354e+00\n   69    0 1.0000000000 -8.1729815648e+00 -7.8893470936e+00\n   70    0 1.0000000000 -8.1336538706e+00 -7.8565130502e+00\n   71    0 1.0000000000 -8.0939710190e+00 -7.8244625663e+00\n   72    0 1.0000000000 -8.0539405561e+00 -7.7932279140e+00\n   73    0 1.0000000000 -8.0135700421e+00 -7.7628405439e+00\n   74    0 1.0000000000 -7.9728670490e+00 -7.7333310537e+00\n   75    0 1.0000000000 -7.9318391573e+00 -7.7047291567e+00\n   76    0 1.0000000000 -7.8904939538e+00 -7.6770636528e+00\n   77    0 1.0000000000 -7.8488390284e+00 -7.6503623987e+00\n   78    0 1.0000000000 -7.8068819716e+00 -7.6246522803e+00\n   79    0 1.0000000000 -7.7646303722e+00 -7.5999591856e+00\n   80    0 1.0000000000 -7.7220918139e+00 -7.5763079783e+00\n   81    0 1.0000000000 -7.6792738736e+00 -7.5537224733e+00\n   82    0 1.0000000000 -7.6361841182e+00 -7.5322254123e+00\n   83    0 1.0000000000 -7.5928301024e+00 -7.5118384409e+00\n   84    0 1.0000000000 -7.5492193662e+00 -7.4925820871e+00\n   85    0 1.0000000000 -7.5053594322e+00 -7.4744757404e+00\n   86    0 1.0000000000 -7.4612578039e+00 -7.4575376325e+00\n   87    0 1.0000000000 -7.4169219626e+00 -7.4417848184e+00\n   88    0 1.0000000000 -7.3723593656e+00 -7.4272331600e+00\n   89    0 1.0000000000 -7.3275774441e+00 -7.4138973096e+00\n   90    0 1.0000000000 -7.2825836008e+00 -7.4017906952e+00\n   91    0 1.0000000000 -7.2373852085e+00 -7.3909255072e+00\n   92    0 1.0000000000 -7.1919896080e+00 -7.3813126858e+00\n   93    0 1.0000000000 -7.1464041076e+00 -7.3729619104e+00\n   94    0 1.0000000000 -7.1006359839e+00 -7.3658815896e+00\n   95    0 1.0000000000 -7.0546924856e+00 -7.3600788525e+00\n   96    0 1.0000000000 -7.0085808514e+00 -7.3555595421e+00\n   97    0 1.0000000000 -6.9623083831e+00 -7.3523282089e+00\n   98    0 1.0000000000 -6.9158829448e+00 -7.3503881066e+00\n   99    0 1.0000000000 -6.8693616956e+00 -7.3497411887e+00\n  100    0 1.0000000000 -6.8691221994e+00 -7.3492739471e+00\n  101    0 1.0000000000 -6.8684117263e+00 -7.3478726929e+00\n  102    0 1.0000000000 -6.8672304294e+00 -7.3455388369e+00\n  103    0 1.0000000000 -6.8655785615e+00 -7.3422747293e+00\n  104    0 1.0000000000 -6.8634564753e+00 -7.3380836566e+00\n  105    0 1.0000000000 -6.8608646234e+00 -7.3329698389e+00\n  106    0 1.0000000000 -6.8578035576e+00 -7.3269384255e+00\n  107    0 1.0000000000 -6.8542739290e+00 -7.3199954893e+00\n  108    0 1.0000000000 -6.8502764876e+00 -7.3121480214e+00\n  109    0 1.0000000000 -6.8458120822e+00 -7.3034039235e+00\n  110    0 1.0000000000 -6.8408816595e+00 -7.2937720002e+00\n  111    0 1.0000000000 -6.8354862642e+00 -7.2832619500e+00\n  112    0 1.0000000000 -6.8296270382e+00 -7.2718843556e+00\n  113    0 1.0000000000 -6.8233052202e+00 -7.2596506733e+00\n  114    0 1.0000000000 -6.8165221451e+00 -7.2465732214e+00\n  115    0 1.0000000000 -6.8092792436e+00 -7.2326651678e+00\n  116    0 1.0000000000 -6.8015780412e+00 -7.2179405166e+00\n  117    0 1.0000000000 -6.7934201577e+00 -7.2024140945e+00\n  118    0 1.0000000000 -6.7848073065e+00 -7.1861015351e+00\n  119    0 1.0000000000 -6.7757412940e+00 -7.1690192638e+00\n  120    0 1.0000000000 -6.7662240184e+00 -7.1511844811e+00\n  121    0 1.0000000000 -6.7562574690e+00 -7.1326151450e+00\n  122    0 1.0000000000 -6.7458437255e+00 -7.1133299533e+00\n  123    0 1.0000000000 -6.7349849570e+00 -7.0933483245e+00\n  124    0 1.0000000000 -6.7236834209e+00 -7.0726903785e+00\n  125    0 1.0000000000 -6.7119414618e+00 -7.0513769160e+00\n  126    0 1.0000000000 -6.6997615111e+00 -7.0294293980e+00\n  127    0 1.0000000000 -6.6871460850e+00 -7.0068699236e+00\n  128    0 1.0000000000 -6.6740977843e+00 -6.9837212084e+00\n  129    0 1.0000000000 -6.6606192924e+00 -6.9600065612e+00\n  130    0 1.0000000000 -6.6467133751e+00 -6.9357498606e+00\n  131    0 1.0000000000 -6.6323828784e+00 -6.9109755310e+00\n  132    0 1.0000000000 -6.6176307280e+00 -6.8857085181e+00\n  133    0 1.0000000000 -6.6024599276e+00 -6.8599742636e+00\n  134    0 1.0000000000 -6.5868735579e+00 -6.8337986798e+00\n  135    0 1.0000000000 -6.5708747752e+00 -6.8072081233e+00\n  136    0 1.0000000000 -6.5544668099e+00 -6.7802293684e+00\n  137    0 1.0000000000 -6.5376529651e+00 -6.7528895805e+00\n  138    0 1.0000000000 -6.5204366156e+00 -6.7252162885e+00\n  139    0 1.0000000000 -6.5028212061e+00 -6.6972373569e+00\n  140    0 1.0000000000 -6.4848102497e+00 -6.6689809583e+00\n  141    0 1.0000000000 -6.4664073267e+00 -6.6404755444e+00\n  142    0 1.0000000000 -6.4476160830e+00 -6.6117498178e+00\n  143    0 1.0000000000 -6.4284402285e+00 -6.5828327028e+00\n  144    0 1.0000000000 -6.4088835356e+00 -6.5537533165e+00\n  145    0 1.0000000000 -6.3889498378e+00 -6.5245409393e+00\n  146    0 1.0000000000 -6.3686430277e+00 -6.4952249858e+00\n  147    0 1.0000000000 -6.3479670561e+00 -6.4658349745e+00\n  148    0 1.0000000000 -6.3269259297e+00 -6.4364004987e+00\n  149    0 1.0000000000 -6.3055237098e+00 -6.4069511964e+00\n  150    0 1.0000000000 -6.2837645110e+00 -6.3775167206e+00\n  151    0 1.0000000000 -6.2616524987e+00 -6.3481267093e+00\n  152    0 1.0000000000 -6.2391918883e+00 -6.3188107557e+00\n  153    0 1.0000000000 -6.2163869430e+00 -6.2895983786e+00\n  154    0 1.0000000000 -6.1932419724e+00 -6.2605189923e+00\n  155    0 1.0000000000 -6.1697613308e+00 -6.2316018773e+00\n  156    0 1.0000000000 -6.1459494153e+00 -6.2028761506e+00\n  157    0 1.0000000000 -6.1218106642e+00 -6.1743707367e+00\n  158    0 1.0000000000 -6.0973495556e+00 -6.1461143381e+00\n  159    0 1.0000000000 -6.0725706051e+00 -6.1181354066e+00\n  160    0 1.0000000000 -6.0474783647e+00 -6.0904621145e+00\n  161    0 1.0000000000 -6.0220774206e+00 -6.0631223266e+00\n  162    0 1.0000000000 -5.9963723919e+00 -6.0361435718e+00\n  163    0 1.0000000000 -5.9703679285e+00 -6.0095530152e+00\n  164    0 1.0000000000 -5.9440687099e+00 -5.9833774314e+00\n  165    0 1.0000000000 -5.9174794428e+00 -5.9576431770e+00\n  166    0 1.0000000000 -5.8906048601e+00 -5.9323761641e+00\n  167    0 1.0000000000 -5.8634497188e+00 -5.9076018345e+00\n  168    0 1.0000000000 -5.8360187982e+00 -5.8833451339e+00\n  169    0 1.0000000000 -5.8083168986e+00 -5.8596304866e+00\n  170    0 1.0000000000 -5.7803488395e+00 -5.8364817714e+00\n  171    0 1.0000000000 -5.7521194576e+00 -5.8139222971e+00\n  172    0 1.0000000000 -5.7236336056e+00 -5.7919747790e+00\n  173    0 1.0000000000 -5.6948961503e+00 -5.7706613166e+00\n  174    0 1.0000000000 -5.6659119709e+00 -5.7500033706e+00\n  175    0 1.0000000000 -5.6366859577e+00 -5.7300217418e+00\n  176    0 1.0000000000 -5.6072230100e+00 -5.7107365501e+00\n  177    0 1.0000000000 -5.5775280348e+00 -5.6921672140e+00\n  178    0 1.0000000000 -5.5476059453e+00 -5.6743324313e+00\n  179    0 1.0000000000 -5.5174616592e+00 -5.6572501600e+00\n  180    0 1.0000000000 -5.4871000969e+00 -5.6409376006e+00\n  181    0 1.0000000000 -5.4565261804e+00 -5.6254111784e+00\n  182    0 1.0000000000 -5.4257448317e+00 -5.6106865273e+00\n  183    0 1.0000000000 -5.3947609710e+00 -5.5967784736e+00\n  184    0 1.0000000000 -5.3635795154e+00 -5.5837010217e+00\n  185    0 1.0000000000 -5.3322053776e+00 -5.5714673395e+00\n  186    0 1.0000000000 -5.3006434644e+00 -5.5600897451e+00\n  187    0 1.0000000000 -5.2688986755e+00 -5.5495796948e+00\n  188    0 1.0000000000 -5.2369759017e+00 -5.5399477715e+00\n  189    0 1.0000000000 -5.2048800245e+00 -5.5312036736e+00\n  190    0 1.0000000000 -5.1726159145e+00 -5.5233562058e+00\n  191    0 1.0000000000 -5.1401884311e+00 -5.5164132696e+00\n  192    0 1.0000000000 -5.1076024227e+00 -5.5103818561e+00\n  193    0 1.0000000000 -5.0748627283e+00 -5.5052680384e+00\n  194    0 1.0000000000 -5.0419741839e+00 -5.5010769658e+00\n  195    0 1.0000000000 -5.0089416442e+00 -5.4978128581e+00\n  196    0 1.0000000000 -4.9757700664e+00 -5.4954790022e+00\n  197    0 1.0000000000 -4.9424650495e+00 -5.4940777479e+00\n  198    0 1.0000000000 -4.9090579283e+00 -5.4936105064e+00\n  199    0 1.0000000000 -4.9761215926e+00 -5.4945450347e+00\n  200    0 1.0000000000 -5.0433800012e+00 -5.4973482213e+00\n  201    0 1.0000000000 -5.1107889519e+00 -5.5020188685e+00\n  202    0 1.0000000000 -5.1783356874e+00 -5.5085549748e+00\n  203    0 1.0000000000 -5.2460075606e+00 -5.5169537254e+00\n  204    0 1.0000000000 -5.3137916886e+00 -5.5272114801e+00\n  205    0 1.0000000000 -5.3816749007e+00 -5.5393237576e+00\n  206    0 1.0000000000 -5.4496437259e+00 -5.5532852164e+00\n  207    0 1.0000000000 -5.5176843885e+00 -5.5690896326e+00\n  208    0 1.0000000000 -5.5857828081e+00 -5.5867298745e+00\n  209    0 1.0000000000 -5.6539245995e+00 -5.6061978746e+00\n  210    0 1.0000000000 -5.7220950743e+00 -5.6274845988e+00\n  211    0 1.0000000000 -5.7902792429e+00 -5.6505800126e+00\n  212    0 1.0000000000 -5.8584618161e+00 -5.6754730454e+00\n  213    0 1.0000000000 -5.9266272087e+00 -5.7021515527e+00\n  214    0 1.0000000000 -5.9947595415e+00 -5.7306022764e+00\n  215    0 1.0000000000 -6.0628426456e+00 -5.7608108030e+00\n  216    0 1.0000000000 -6.1308600657e+00 -5.7927615211e+00\n  217    0 1.0000000000 -6.1987950643e+00 -5.8264375775e+00\n  218    0 1.0000000000 -6.2666306266e+00 -5.8618208322e+00\n  219    0 1.0000000000 -6.3343494649e+00 -5.8988918137e+00\n  220    0 1.0000000000 -6.4019340246e+00 -5.9376296729e+00\n  221    0 1.0000000000 -6.4693664892e+00 -5.9780121381e+00\n  222    0 1.0000000000 -6.5366287871e+00 -6.0200154703e+00\n  223    0 1.0000000000 -6.6037025976e+00 -6.0636144184e+00\n  224    0 1.0000000000 -6.6705693583e+00 -6.1087821763e+00\n  225    0 1.0000000000 -6.7372102720e+00 -6.1554903410e+00\n  226    0 1.0000000000 -6.8036063146e+00 -6.2037088727e+00\n  227    0 1.0000000000 -6.8697382436e+00 -6.2534060561e+00\n  228    0 1.0000000000 -6.9355866061e+00 -6.3045484651e+00\n  229    0 1.0000000000 -7.0011317480e+00 -6.3571009289e+00\n  230    0 1.0000000000 -7.0663538235e+00 -6.4110265026e+00\n  231    0 1.0000000000 -7.1312328046e+00 -6.4662864391e+00\n  232    0 1.0000000000 -7.1957484914e+00 -6.5228401661e+00\n  233    0 1.0000000000 -7.2598805228e+00 -6.5806452663e+00\n  234    0 1.0000000000 -7.3236083871e+00 -6.6396574613e+00\n  235    0 1.0000000000 -7.3869114337e+00 -6.6998306000e+00\n  236    0 1.0000000000 -7.4497688844e+00 -6.7611166524e+00\n  237    0 1.0000000000 -7.5121598459e+00 -6.8234657064e+00\n  238    0 1.0000000000 -7.5740633220e+00 -6.8868259713e+00\n  239    0 1.0000000000 -7.6354582264e+00 -6.9511437855e+00\n  240    0 1.0000000000 -7.6963233960e+00 -7.0163636292e+00\n  241    0 1.0000000000 -7.7566376042e+00 -7.0824281441e+00\n  242    0 1.0000000000 -7.8163795748e+00 -7.1492781567e+00\n  243    0 1.0000000000 -7.8755279959e+00 -7.2168527089e+00\n  244    0 1.0000000000 -7.9340615348e+00 -7.2850890934e+00\n  245    0 1.0000000000 -7.9919588522e+00 -7.3539228960e+00\n  246    0 1.0000000000 -8.0491986175e+00 -7.4232880421e+00\n  247    0 1.0000000000 -8.1057595238e+00 -7.4931168514e+00\n  248    0 1.0000000000 -8.1616203035e+00 -7.5633400965e+00\n  249    0 1.0000000000 -8.2167597440e+00 -7.6338870685e+00\n  250    0 1.0000000000 -8.2711567037e+00 -7.7046856482e+00\n  251    0 1.0000000000 -8.3247901277e+00 -7.7756623833e+00\n  252    0 1.0000000000 -8.3776390645e+00 -7.8467425705e+00\n  253    0 1.0000000000 -8.4296826824e+00 -7.9178503445e+00\n  254    0 1.0000000000 -8.4809002857e+00 -7.9889087710e+00\n  255    0 1.0000000000 -8.5312713318e+00 -8.0598399461e+00\n  256    0 1.0000000000 -8.5807754474e+00 -8.1305651001e+00\n  257    0 1.0000000000 -8.6293924459e+00 -8.2010047064e+00\n  258    0 1.0000000000 -8.6771023441e+00 -8.2710785954e+00\n  259    0 1.0000000000 -8.7238853789e+00 -8.3407060717e+00\n  260    0 1.0000000000 -8.7697220244e+00 -8.4098060371e+00\n  261    0 1.0000000000 -8.8145930085e+00 -8.4782971158e+00\n  262    0 1.0000000000 -8.8584793303e+00 -8.5460977840e+00\n  263    0 1.0000000000 -8.9013622763e+00 -8.6131265029e+00\n  264    0 1.0000000000 -8.9432234373e+00 -8.6793018538e+00\n  265    0 1.0000000000 -8.9840447250e+00 -8.7445426763e+00\n  266    0 1.0000000000 -9.0238083883e+00 -8.8087682086e+00\n  267    0 1.0000000000 -9.0624970297e+00 -8.8718982296e+00\n  268    0 1.0000000000 -9.1000936213e+00 -8.9338532020e+00\n  269    0 1.0000000000 -9.1365815205e+00 -8.9945544168e+00\n  270    0 1.0000000000 -9.1719444860e+00 -9.0539241384e+00\n  271    0 1.0000000000 -9.2061666926e+00 -9.1118857499e+00\n  272    0 1.0000000000 -9.2392327469e+00 -9.1683638974e+00\n  273    0 1.0000000000 -9.2711277015e+00 -9.2232846353e+00\n  274    0 1.0000000000 -9.3018370697e+00 -9.2765755685e+00\n  275    0 1.0000000000 -9.3313468396e+00 -9.3281659948e+00\n  276    0 1.0000000000 -9.3596434876e+00 -9.3779870446e+00\n  277    0 1.0000000000 -9.3867139919e+00 -9.4259718181e+00\n  278    0 1.0000000000 -9.4125458451e+00 -9.4720555203e+00\n  279    0 1.0000000000 -9.4371270671e+00 -9.5161755927e+00\n  280    0 1.0000000000 -9.4604462164e+00 -9.5582718411e+00\n  281    0 1.0000000000 -9.4824924021e+00 -9.5982865595e+00\n  282    0 1.0000000000 -9.5032552946e+00 -9.6361646507e+00\n  283    0 1.0000000000 -9.5227251361e+00 -9.6718537405e+00\n  284    0 1.0000000000 -9.5408927506e+00 -9.7053042883e+00\n  285    0 1.0000000000 -9.5577495532e+00 -9.7364696914e+00\n  286    0 1.0000000000 -9.5732875588e+00 -9.7653063844e+00\n  287    0 1.0000000000 -9.5874993903e+00 -9.7917739317e+00\n  288    0 1.0000000000 -9.6003782863e+00 -9.8158351144e+00\n  289    0 1.0000000000 -9.6119181080e+00 -9.8374560101e+00\n  290    0 1.0000000000 -9.6221133455e+00 -9.8566060663e+00\n  291    0 1.0000000000 -9.6309591236e+00 -9.8732581665e+00\n  292    0 1.0000000000 -9.6384512068e+00 -9.8873886889e+00\n  293    0 1.0000000000 -9.6445860037e+00 -9.8989775578e+00\n  294    0 1.0000000000 -9.6493605708e+00 -9.9080082876e+00\n  295    0 1.0000000000 -9.6527726155e+00 -9.9144680187e+00\n  296    0 1.0000000000 -9.6548204986e+00 -9.9183475452e+00\n  297    0 1.0000000000 -9.6555032356e+00 -9.9196413358e+00\n