SINGLE-ORBITAL NN+NNN EFFECTIVE MODEL FIT

m=5
eon=0.0
t0=1.0
l_decay=0.5
dl=1.5
pairing=./m=5/pairing.txt
microscopic_orbitals=52

E_eff(k) = eps0 + 2*t1[cos(k.u1)+cos(k.u2)] + 4*t2*cos(k.u1)*cos(k.u2)

eps0     = -8.16994556025570e+00
t1       = -3.98242221153232e-01
t2       = -2.24355683241864e-02

RMSE=2.45142254460791e-01
MAE=2.00811900397185e-01
max_abs_error=5.29626392633239e-01
optimizer_success=True
optimizer_message=Linear least-squares solution
minimum_tracking_continuity=1.0000000000
mean_tracking_continuity=1.0000000000

# k_index idx continuity target fit\n    0    0 1.0000000000 -9.6587049769e+00 -9.8526567182e+00\n    1    0 1.0000000000 -9.6584808842e+00 -9.8522105406e+00\n    2    0 1.0000000000 -9.6578086419e+00 -9.8508724571e+00\n    3    0 1.0000000000 -9.6566883572e+00 -9.8486438150e+00\n    4    0 1.0000000000 -9.6551202086e+00 -9.8455268584e+00\n    5    0 1.0000000000 -9.6531044463e+00 -9.8415247257e+00\n    6    0 1.0000000000 -9.6506413914e+00 -9.8366414469e+00\n    7    0 1.0000000000 -9.6477314364e+00 -9.8308819389e+00\n    8    0 1.0000000000 -9.6443750446e+00 -9.8242520011e+00\n    9    0 1.0000000000 -9.6405727505e+00 -9.8167583092e+00\n   10    0 1.0000000000 -9.6363251590e+00 -9.8084084088e+00\n   11    0 1.0000000000 -9.6316329455e+00 -9.7992107076e+00\n   12    0 1.0000000000 -9.6264968557e+00 -9.7891744667e+00\n   13    0 1.0000000000 -9.6209177054e+00 -9.7783097919e+00\n   14    0 1.0000000000 -9.6148963797e+00 -9.7666276230e+00\n   15    0 1.0000000000 -9.6084338335e+00 -9.7541397229e+00\n   16    0 1.0000000000 -9.6015310904e+00 -9.7408586659e+00\n   17    0 1.0000000000 -9.5941892430e+00 -9.7267978249e+00\n   18    0 1.0000000000 -9.5864094519e+00 -9.7119713580e+00\n   19    0 1.0000000000 -9.5781929460e+00 -9.6963941940e+00\n   20    0 1.0000000000 -9.5695410213e+00 -9.6800820181e+00\n   21    0 1.0000000000 -9.5604550410e+00 -9.6630512550e+00\n   22    0 1.0000000000 -9.5509364349e+00 -9.6453190534e+00\n   23    0 1.0000000000 -9.5409866989e+00 -9.6269032681e+00\n   24    0 1.0000000000 -9.5306073944e+00 -9.6078224421e+00\n   25    0 1.0000000000 -9.5198001478e+00 -9.5880957884e+00\n   26    0 1.0000000000 -9.5085666501e+00 -9.5677431699e+00\n   27    0 1.0000000000 -9.4969086560e+00 -9.5467850800e+00\n   28    0 1.0000000000 -9.4848279837e+00 -9.5252426217e+00\n   29    0 1.0000000000 -9.4723265140e+00 -9.5031374865e+00\n   30    0 1.0000000000 -9.4594061898e+00 -9.4804919324e+00\n   31    0 1.0000000000 -9.4460690151e+00 -9.4573287615e+00\n   32    0 1.0000000000 -9.4323170550e+00 -9.4336712971e+00\n   33    0 1.0000000000 -9.4181524345e+00 -9.4095433604e+00\n   34    0 1.0000000000 -9.4035773377e+00 -9.3849692460e+00\n   35    0 1.0000000000 -9.3885940075e+00 -9.3599736982e+00\n   36    0 1.0000000000 -9.3732047445e+00 -9.3345818851e+00\n   37    0 1.0000000000 -9.3574119064e+00 -9.3088193744e+00\n   38    0 1.0000000000 -9.3412179071e+00 -9.2827121066e+00\n   39    0 1.0000000000 -9.3246252162e+00 -9.2562863695e+00\n   40    0 1.0000000000 -9.3076363577e+00 -9.2295687716e+00\n   41    0 1.0000000000 -9.2902539094e+00 -9.2025862153e+00\n   42    0 1.0000000000 -9.2724805023e+00 -9.1753658697e+00\n   43    0 1.0000000000 -9.2543188195e+00 -9.1479351433e+00\n   44    0 1.0000000000 -9.2357715951e+00 -9.1203216567e+00\n   45    0 1.0000000000 -9.2168416138e+00 -9.0925532143e+00\n   46    0 1.0000000000 -9.1975317098e+00 -9.0646577764e+00\n   47    0 1.0000000000 -9.1778447656e+00 -9.0366634315e+00\n   48    0 1.0000000000 -9.1577837115e+00 -9.0085983675e+00\n   49    0 1.0000000000 -9.1373515244e+00 -8.9804908436e+00\n   50    0 1.0000000000 -9.1165512272e+00 -8.9523691615e+00\n   51    0 1.0000000000 -9.0953858872e+00 -8.9242616376e+00\n   52    0 1.0000000000 -9.0738586157e+00 -8.8961965736e+00\n   53    0 1.0000000000 -9.0519725670e+00 -8.8682022287e+00\n   54    0 1.0000000000 -9.0297309370e+00 -8.8403067909e+00\n   55    0 1.0000000000 -9.0071369626e+00 -8.8125383484e+00\n   56    0 1.0000000000 -8.9841939205e+00 -8.7849248618e+00\n   57    0 1.0000000000 -8.9609051263e+00 -8.7574941355e+00\n   58    0 1.0000000000 -8.9372739334e+00 -8.7302737899e+00\n   59    0 1.0000000000 -8.9133037320e+00 -8.7032912335e+00\n   60    0 1.0000000000 -8.8889979482e+00 -8.6765736357e+00\n   61    0 1.0000000000 -8.8643600426e+00 -8.6501478986e+00\n   62    0 1.0000000000 -8.8393935099e+00 -8.6240406307e+00\n   63    0 1.0000000000 -8.8141018770e+00 -8.5982781200e+00\n   64    0 1.0000000000 -8.7884887027e+00 -8.5728863070e+00\n   65    0 1.0000000000 -8.7625575764e+00 -8.5478907591e+00\n   66    0 1.0000000000 -8.7363121169e+00 -8.5233166448e+00\n   67    0 1.0000000000 -8.7097559716e+00 -8.4991887080e+00\n   68    0 1.0000000000 -8.6828928150e+00 -8.4755312437e+00\n   69    0 1.0000000000 -8.6557263483e+00 -8.4523680727e+00\n   70    0 1.0000000000 -8.6282602977e+00 -8.4297225186e+00\n   71    0 1.0000000000 -8.6004984140e+00 -8.4076173834e+00\n   72    0 1.0000000000 -8.5724444707e+00 -8.3860749251e+00\n   73    0 1.0000000000 -8.5441022637e+00 -8.3651168353e+00\n   74    0 1.0000000000 -8.5154756099e+00 -8.3447642168e+00\n   75    0 1.0000000000 -8.4865683462e+00 -8.3250375630e+00\n   76    0 1.0000000000 -8.4573843284e+00 -8.3059567371e+00\n   77    0 1.0000000000 -8.4279274302e+00 -8.2875409517e+00\n   78    0 1.0000000000 -8.3982015422e+00 -8.2698087501e+00\n   79    0 1.0000000000 -8.3682105708e+00 -8.2527779871e+00\n   80    0 1.0000000000 -8.3379584370e+00 -8.2364658111e+00\n   81    0 1.0000000000 -8.3074490756e+00 -8.2208886472e+00\n   82    0 1.0000000000 -8.2766864343e+00 -8.2060621802e+00\n   83    0 1.0000000000 -8.2456744722e+00 -8.1920013392e+00\n   84    0 1.0000000000 -8.2144171591e+00 -8.1787202822e+00\n   85    0 1.0000000000 -8.1829184746e+00 -8.1662323821e+00\n   86    0 1.0000000000 -8.1511824066e+00 -8.1545502132e+00\n   87    0 1.0000000000 -8.1192129509e+00 -8.1436855384e+00\n   88    0 1.0000000000 -8.0870141099e+00 -8.1336492976e+00\n   89    0 1.0000000000 -8.0545898917e+00 -8.1244515963e+00\n   90    0 1.0000000000 -8.0219443090e+00 -8.1161016959e+00\n   91    0 1.0000000000 -7.9890813783e+00 -8.1086080041e+00\n   92    0 1.0000000000 -7.9560051190e+00 -8.1019780662e+00\n   93    0 1.0000000000 -7.9227195528e+00 -8.0962185582e+00\n   94    0 1.0000000000 -7.8892287025e+00 -8.0913352794e+00\n   95    0 1.0000000000 -7.8555365925e+00 -8.0873331468e+00\n   96    0 1.0000000000 -7.8216472498e+00 -8.0842161901e+00\n   97    0 1.0000000000 -7.7875647128e+00 -8.0819875481e+00\n   98    0 1.0000000000 -7.7532930943e+00 -8.0806494645e+00\n   99    0 1.0000000000 -7.7188507881e+00 -8.0802032870e+00\n  100    0 1.0000000000 -7.7186744189e+00 -8.0798474722e+00\n  101    0 1.0000000000 -7.7181488247e+00 -8.0787803863e+00\n  102    0 1.0000000000 -7.7172740831e+00 -8.0770031037e+00\n  103    0 1.0000000000 -7.7160503230e+00 -8.0745174139e+00\n  104    0 1.0000000000 -7.7144777244e+00 -8.0713258199e+00\n  105    0 1.0000000000 -7.7125565182e+00 -8.0674315353e+00\n  106    0 1.0000000000 -7.7102869865e+00 -8.0628384812e+00\n  107    0 1.0000000000 -7.7076694623e+00 -8.0575512827e+00\n  108    0 1.0000000000 -7.7047043291e+00 -8.0515752633e+00\n  109    0 1.0000000000 -7.7013920213e+00 -8.0449164404e+00\n  110    0 1.0000000000 -7.6977330238e+00 -8.0375815190e+00\n  111    0 1.0000000000 -7.6937278718e+00 -8.0295778846e+00\n  112    0 1.0000000000 -7.6893771508e+00 -8.0209135962e+00\n  113    0 1.0000000000 -7.6846814961e+00 -8.0115973781e+00\n  114    0 1.0000000000 -7.6796415931e+00 -8.0016386108e+00\n  115    0 1.0000000000 -7.6742581764e+00 -7.9910473221e+00\n  116    0 1.0000000000 -7.6685320304e+00 -7.9798341764e+00\n  117    0 1.0000000000 -7.6624639882e+00 -7.9680104644e+00\n  118    0 1.0000000000 -7.6560549320e+00 -7.9555880917e+00\n  119    0 1.0000000000 -7.6493057923e+00 -7.9425795664e+00\n  120    0 1.0000000000 -7.6422175483e+00 -7.9289979871e+00\n  121    0 1.0000000000 -7.6347912266e+00 -7.9148570292e+00\n  122    0 1.0000000000 -7.6270279017e+00 -7.9001709316e+00\n  123    0 1.0000000000 -7.6189286956e+00 -7.8849544818e+00\n  124    0 1.0000000000 -7.6104947767e+00 -7.8692230016e+00\n  125    0 1.0000000000 -7.6017273604e+00 -7.8529923312e+00\n  126    0 1.0000000000 -7.5926277082e+00 -7.8362788135e+00\n  127    0 1.0000000000 -7.5831971271e+00 -7.8190992776e+00\n  128    0 1.0000000000 -7.5734369699e+00 -7.8014710218e+00\n  129    0 1.0000000000 -7.5633486340e+00 -7.7834117964e+00\n  130    0 1.0000000000 -7.5529335615e+00 -7.7649397853e+00\n  131    0 1.0000000000 -7.5421932385e+00 -7.7460735885e+00\n  132    0 1.0000000000 -7.5311291947e+00 -7.7268322025e+00\n  133    0 1.0000000000 -7.5197430030e+00 -7.7072350017e+00\n  134    0 1.0000000000 -7.5080362788e+00 -7.6873017189e+00\n  135    0 1.0000000000 -7.4960106798e+00 -7.6670524253e+00\n  136    0 1.0000000000 -7.4836679052e+00 -7.6465075101e+00\n  137    0 1.0000000000 -7.4710096955e+00 -7.6256876603e+00\n  138    0 1.0000000000 -7.4580378315e+00 -7.6046138398e+00\n  139    0 1.0000000000 -7.4447541343e+00 -7.5833072680e+00\n  140    0 1.0000000000 -7.4311604644e+00 -7.5617893990e+00\n  141    0 1.0000000000 -7.4172587212e+00 -7.5400818994e+00\n  142    0 1.0000000000 -7.4030508425e+00 -7.5182066268e+00\n  143    0 1.0000000000 -7.3885388037e+00 -7.4961856077e+00\n  144    0 1.0000000000 -7.3737246177e+00 -7.4740410154e+00\n  145    0 1.0000000000 -7.3586103336e+00 -7.4517951478e+00\n  146    0 1.0000000000 -7.3431980367e+00 -7.4294704044e+00\n  147    0 1.0000000000 -7.3274898477e+00 -7.4070892643e+00\n  148    0 1.0000000000 -7.3114879218e+00 -7.3846742636e+00\n  149    0 1.0000000000 -7.2951944483e+00 -7.3622479723e+00\n  150    0 1.0000000000 -7.2786116502e+00 -7.3398329716e+00\n  151    0 1.0000000000 -7.2617417831e+00 -7.3174518315e+00\n  152    0 1.0000000000 -7.2445871346e+00 -7.2951270881e+00\n  153    0 1.0000000000 -7.2271500241e+00 -7.2728812205e+00\n  154    0 1.0000000000 -7.2094328015e+00 -7.2507366282e+00\n  155    0 1.0000000000 -7.1914378470e+00 -7.2287156091e+00\n  156    0 1.0000000000 -7.1731675703e+00 -7.2068403365e+00\n  157    0 1.0000000000 -7.1546244096e+00 -7.1851328369e+00\n  158    0 1.0000000000 -7.1358108314e+00 -7.1636149679e+00\n  159    0 1.0000000000 -7.1167293296e+00 -7.1423083961e+00\n  160    0 1.0000000000 -7.0973824247e+00 -7.1212345756e+00\n  161    0 1.0000000000 -7.0777726630e+00 -7.1004147258e+00\n  162    0 1.0000000000 -7.0579026164e+00 -7.0798698106e+00\n  163    0 1.0000000000 -7.0377748812e+00 -7.0596205170e+00\n  164    0 1.0000000000 -7.0173920774e+00 -7.0396872342e+00\n  165    0 1.0000000000 -6.9967568484e+00 -7.0200900334e+00\n  166    0 1.0000000000 -6.9758718598e+00 -7.0008486474e+00\n  167    0 1.0000000000 -6.9547397990e+00 -6.9819824506e+00\n  168    0 1.0000000000 -6.9333633745e+00 -6.9635104395e+00\n  169    0 1.0000000000 -6.9117453147e+00 -6.9454512141e+00\n  170    0 1.0000000000 -6.8898883677e+00 -6.9278229583e+00\n  171    0 1.0000000000 -6.8677953006e+00 -6.9106434224e+00\n  172    0 1.0000000000 -6.8454688984e+00 -6.8939299047e+00\n  173    0 1.0000000000 -6.8229119633e+00 -6.8776992343e+00\n  174    0 1.0000000000 -6.8001273144e+00 -6.8619677541e+00\n  175    0 1.0000000000 -6.7771177867e+00 -6.8467513043e+00\n  176    0 1.0000000000 -6.7538862303e+00 -6.8320652067e+00\n  177    0 1.0000000000 -6.7304355097e+00 -6.8179242488e+00\n  178    0 1.0000000000 -6.7067685033e+00 -6.8043426695e+00\n  179    0 1.0000000000 -6.6828881027e+00 -6.7913341442e+00\n  180    0 1.0000000000 -6.6587972115e+00 -6.7789117715e+00\n  181    0 1.0000000000 -6.6344987454e+00 -6.7670880595e+00\n  182    0 1.0000000000 -6.6099956308e+00 -6.7558749138e+00\n  183    0 1.0000000000 -6.5852908046e+00 -6.7452836251e+00\n  184    0 1.0000000000 -6.5603872132e+00 -6.7353248578e+00\n  185    0 1.0000000000 -6.5352878123e+00 -6.7260086397e+00\n  186    0 1.0000000000 -6.5099955662e+00 -6.7173443513e+00\n  187    0 1.0000000000 -6.4845134470e+00 -6.7093407169e+00\n  188    0 1.0000000000 -6.4588444348e+00 -6.7020057955e+00\n  189    0 1.0000000000 -6.4329915174e+00 -6.6953469726e+00\n  190    0 1.0000000000 -6.4069576907e+00 -6.6893709532e+00\n  191    0 1.0000000000 -6.3807459599e+00 -6.6840837546e+00\n  192    0 1.0000000000 -6.3543593431e+00 -6.6794907006e+00\n  193    0 1.0000000000 -6.3278008792e+00 -6.6755964160e+00\n  194    0 1.0000000000 -6.3010736489e+00 -6.6724048220e+00\n  195    0 1.0000000000 -6.2741808380e+00 -6.6699191322e+00\n  196    0 1.0000000000 -6.2471259867e+00 -6.6681418496e+00\n  197    0 1.0000000000 -6.2199146483e+00 -6.6670747637e+00\n  198    0 1.0000000000 -6.1931912145e+00 -6.6667189489e+00\n  199    0 1.0000000000 -6.2474079923e+00 -6.6674306011e+00\n  200    0 1.0000000000 -6.3022078956e+00 -6.6695651140e+00\n  201    0 1.0000000000 -6.3569285091e+00 -6.6731211555e+00\n  202    0 1.0000000000 -6.4115591145e+00 -6.6780965036e+00\n  203    0 1.0000000000 -6.4660900079e+00 -6.6844880427e+00\n  204    0 1.0000000000 -6.5205115681e+00 -6.6922917596e+00\n  205    0 1.0000000000 -6.5748141211e+00 -6.7015027374e+00\n  206    0 1.0000000000 -6.6289879081e+00 -6.7121151485e+00\n  207    0 1.0000000000 -6.6830230762e+00 -6.7241222472e+00\n  208    0 1.0000000000 -6.7369096759e+00 -6.7375163599e+00\n  209    0 1.0000000000 -6.7906376619e+00 -6.7522888758e+00\n  210    0 1.0000000000 -6.8441968949e+00 -6.7684302351e+00\n  211    0 1.0000000000 -6.8975771432e+00 -6.7859299178e+00\n  212    0 1.0000000000 -6.9507680862e+00 -6.8047764312e+00\n  213    0 1.0000000000 -7.0037593163e+00 -6.8249572965e+00\n  214    0 1.0000000000 -7.0565403430e+00 -6.8464590354e+00\n  215    0 1.0000000000 -7.1091005953e+00 -6.8692671560e+00\n  216    0 1.0000000000 -7.1614294254e+00 -6.8933661388e+00\n  217    0 1.0000000000 -7.2135161122e+00 -6.9187394221e+00\n  218    0 1.0000000000 -7.2653498648e+00 -6.9453693877e+00\n  219    0 1.0000000000 -7.3169198266e+00 -6.9732373467e+00\n  220    0 1.0000000000 -7.3682150785e+00 -7.0023235259e+00\n  221    0 1.0000000000 -7.4192246433e+00 -7.0326070538e+00\n  222    0 1.0000000000 -7.4699374900e+00 -7.0640659481e+00\n  223    0 1.0000000000 -7.5203425374e+00 -7.0966771036e+00\n  224    0 1.0000000000 -7.5704286589e+00 -7.1304162807e+00\n  225    0 1.0000000000 -7.6201846865e+00 -7.1652580954e+00\n  226    0 1.0000000000 -7.6695994158e+00 -7.2011760101e+00\n  227    0 1.0000000000 -7.7186616101e+00 -7.2381423262e+00\n  228    0 1.0000000000 -7.7673600053e+00 -7.2761281774e+00\n  229    0 1.0000000000 -7.8156833151e+00 -7.3151035257e+00\n  230    0 1.0000000000 -7.8636202350e+00 -7.3550371582e+00\n  231    0 1.0000000000 -7.9111594483e+00 -7.3958966863e+00\n  232    0 1.0000000000 -7.9582896303e+00 -7.4376485468e+00\n  233    0 1.0000000000 -8.0049994540e+00 -7.4802580053e+00\n  234    0 1.0000000000 -8.0512775954e+00 -7.5236891615e+00\n  235    0 1.0000000000 -8.0971127384e+00 -7.5679049574e+00\n  236    0 1.0000000000 -8.1424935802e+00 -7.6128671876e+00\n  237    0 1.0000000000 -8.1874088374e+00 -7.6585365124e+00\n  238    0 1.0000000000 -8.2318472509e+00 -7.7048724734e+00\n  239    0 1.0000000000 -8.2757975916e+00 -7.7518335122e+00\n  240    0 1.0000000000 -8.3192486662e+00 -7.7993769915e+00\n  241    0 1.0000000000 -8.3621893229e+00 -7.8474592195e+00\n  242    0 1.0000000000 -8.4046084571e+00 -7.8960354770e+00\n  243    0 1.0000000000 -8.4464950172e+00 -7.9450600474e+00\n  244    0 1.0000000000 -8.4878380104e+00 -7.9944862500e+00\n  245    0 1.0000000000 -8.5286265088e+00 -8.0442664762e+00\n  246    0 1.0000000000 -8.5688496550e+00 -8.0943522289e+00\n  247    0 1.0000000000 -8.6084966683e+00 -8.1446941643e+00\n  248    0 1.0000000000 -8.6475568503e+00 -8.1952421377e+00\n  249    0 1.0000000000 -8.6860195914e+00 -8.2459452516e+00\n  250    0 1.0000000000 -8.7238743765e+00 -8.2967519070e+00\n  251    0 1.0000000000 -8.7611107907e+00 -8.3476098573e+00\n  252    0 1.0000000000 -8.7977185260e+00 -8.3984662658e+00\n  253    0 1.0000000000 -8.8336873865e+00 -8.4492677648e+00\n  254    0 1.0000000000 -8.8690072950e+00 -8.4999605187e+00\n  255    0 1.0000000000 -8.9036682985e+00 -8.5504902886e+00\n  256    0 1.0000000000 -8.9376605746e+00 -8.6008024997e+00\n  257    0 1.0000000000 -8.9709744369e+00 -8.6508423116e+00\n  258    0 1.0000000000 -9.0036003411e+00 -8.7005546898e+00\n  259    0 1.0000000000 -9.0355288909e+00 -8.7498844803e+00\n  260    0 1.0000000000 -9.0667508439e+00 -8.7987764853e+00\n  261    0 1.0000000000 -9.0972571167e+00 -8.8471755413e+00\n  262    0 1.0000000000 -9.1270387913e+00 -8.8950265985e+00\n  263    0 1.0000000000 -9.1560871204e+00 -8.9422748012e+00\n  264    0 1.0000000000 -9.1843935330e+00 -8.9888655709e+00\n  265    0 1.0000000000 -9.2119496395e+00 -9.0347446883e+00\n  266    0 1.0000000000 -9.2387472377e+00 -9.0798583783e+00\n  267    0 1.0000000000 -9.2647783176e+00 -9.1241533939e+00\n  268    0 1.0000000000 -9.2900350668e+00 -9.1675771018e+00\n  269    0 1.0000000000 -9.3145098756e+00 -9.2100775677e+00\n  270    0 1.0000000000 -9.3381953419e+00 -9.2516036413e+00\n  271    0 1.0000000000 -9.3610842761e+00 -9.2921050418e+00\n  272    0 1.0000000000 -9.3831697059e+00 -9.3315324425e+00\n  273    0 1.0000000000 -9.4044448809e+00 -9.3698375550e+00\n  274    0 1.0000000000 -9.4249032772e+00 -9.4069732121e+00\n  275    0 1.0000000000 -9.4445386017e+00 -9.4428934501e+00\n  276    0 1.0000000000 -9.4633447964e+00 -9.4775535899e+00\n  277    0 1.0000000000 -9.4813160425e+00 -9.5109103156e+00\n  278    0 1.0000000000 -9.4984467640e+00 -9.5429217525e+00\n  279    0 1.0000000000 -9.5147316324e+00 -9.5735475426e+00\n  280    0 1.0000000000 -9.5301655693e+00 -9.6027489176e+00\n  281    0 1.0000000000 -9.5447437507e+00 -9.6304887704e+00\n  282    0 1.0000000000 -9.5584616097e+00 -9.6567317230e+00\n  283    0 1.0000000000 -9.5713148403e+00 -9.6814441924e+00\n  284    0 1.0000000000 -9.5832993997e+00 -9.7045944530e+00\n  285    0 1.0000000000 -9.5944115117e+00 -9.7261526966e+00\n  286    0 1.0000000000 -9.6046476691e+00 -9.7460910878e+00\n  287    0 1.0000000000 -9.6140046359e+00 -9.7643838174e+00\n  288    0 1.0000000000 -9.6224794500e+00 -9.7810071511e+00\n  289    0 1.0000000000 -9.6300694250e+00 -9.7959394749e+00\n  290    0 1.0000000000 -9.6367721523e+00 -9.8091613366e+00\n  291    0 1.0000000000 -9.6425855024e+00 -9.8206554829e+00\n  292    0 1.0000000000 -9.6475076270e+00 -9.8304068930e+00\n  293    0 1.0000000000 -9.6515369596e+00 -9.8384028071e+00\n  294    0 1.0000000000 -9.6546722173e+00 -9.8446327518e+00\n  295    0 1.0000000000 -9.6569124012e+00 -9.8490885597e+00\n  296    0 1.0000000000 -9.6582567972e+00 -9.8517643857e+00\n  297    0 1.0000000000 -9.6587049769e+00 -9.8526567182e+00\n