SINGLE-ORBITAL NN+NNN EFFECTIVE MODEL FIT

m=6
eon=0.0
t0=1.0
l_decay=0.5
dl=1.5
pairing=./m=6/pairing.txt
microscopic_orbitals=74

E_eff(k) = eps0 + 2*t1[cos(k.u1)+cos(k.u2)] + 4*t2*cos(k.u1)*cos(k.u2)

eps0     = -8.56928687668814e+00
t1       = -2.96400489394952e-01
t2       = -1.22697575568785e-02

RMSE=1.88335836991418e-01
MAE=1.53086619099605e-01
max_abs_error=4.09429636008188e-01
optimizer_success=True
optimizer_message=Linear least-squares solution
minimum_tracking_continuity=1.0000000000
mean_tracking_continuity=1.0000000000

# k_index idx continuity target fit\n    0    0 1.0000000000 -9.6584683673e+00 -9.8039678645e+00\n    1    0 1.0000000000 -9.6583106679e+00 -9.8036447051e+00\n    2    0 1.0000000000 -9.6578375874e+00 -9.8026755524e+00\n    3    0 1.0000000000 -9.6570491791e+00 -9.8010613821e+00\n    4    0 1.0000000000 -9.6559455317e+00 -9.7988038197e+00\n    5    0 1.0000000000 -9.6545267694e+00 -9.7959051382e+00\n    6    0 1.0000000000 -9.6527930519e+00 -9.7923682565e+00\n    7    0 1.0000000000 -9.6507445740e+00 -9.7881967359e+00\n    8    0 1.0000000000 -9.6483815663e+00 -9.7833947767e+00\n    9    0 1.0000000000 -9.6457042942e+00 -9.7779672140e+00\n   10    0 1.0000000000 -9.6427130588e+00 -9.7719195131e+00\n   11    0 1.0000000000 -9.6394081959e+00 -9.7652577634e+00\n   12    0 1.0000000000 -9.6357900767e+00 -9.7579886727e+00\n   13    0 1.0000000000 -9.6318591071e+00 -9.7501195604e+00\n   14    0 1.0000000000 -9.6276157280e+00 -9.7416583500e+00\n   15    0 1.0000000000 -9.6230604151e+00 -9.7326135613e+00\n   16    0 1.0000000000 -9.6181936787e+00 -9.7229943015e+00\n   17    0 1.0000000000 -9.6130160635e+00 -9.7128102565e+00\n   18    0 1.0000000000 -9.6075281487e+00 -9.7020716807e+00\n   19    0 1.0000000000 -9.6017305477e+00 -9.6907893870e+00\n   20    0 1.0000000000 -9.5956239079e+00 -9.6789747356e+00\n   21    0 1.0000000000 -9.5892089108e+00 -9.6666396230e+00\n   22    0 1.0000000000 -9.5824862715e+00 -9.6537964695e+00\n   23    0 1.0000000000 -9.5754567387e+00 -9.6404582072e+00\n   24    0 1.0000000000 -9.5681210944e+00 -9.6266382664e+00\n   25    0 1.0000000000 -9.5604801540e+00 -9.6123505627e+00\n   26    0 1.0000000000 -9.5525347658e+00 -9.5976094827e+00\n   27    0 1.0000000000 -9.5442858109e+00 -9.5824298693e+00\n   28    0 1.0000000000 -9.5357342028e+00 -9.5668270071e+00\n   29    0 1.0000000000 -9.5268808876e+00 -9.5508166069e+00\n   30    0 1.0000000000 -9.5177268434e+00 -9.5344147898e+00\n   31    0 1.0000000000 -9.5082730802e+00 -9.5176380711e+00\n   32    0 1.0000000000 -9.4985206395e+00 -9.5005033434e+00\n   33    0 1.0000000000 -9.4884705944e+00 -9.4830278600e+00\n   34    0 1.0000000000 -9.4781240490e+00 -9.4652292172e+00\n   35    0 1.0000000000 -9.4674821382e+00 -9.4471253368e+00\n   36    0 1.0000000000 -9.4565460276e+00 -9.4287344478e+00\n   37    0 1.0000000000 -9.4453169130e+00 -9.4100750682e+00\n   38    0 1.0000000000 -9.4337960202e+00 -9.3911659866e+00\n   39    0 1.0000000000 -9.4219846048e+00 -9.3720262427e+00\n   40    0 1.0000000000 -9.4098839517e+00 -9.3526751087e+00\n   41    0 1.0000000000 -9.3974953750e+00 -9.3331320694e+00\n   42    0 1.0000000000 -9.3848202175e+00 -9.3134168031e+00\n   43    0 1.0000000000 -9.3718598506e+00 -9.2935491614e+00\n   44    0 1.0000000000 -9.3586156737e+00 -9.2735491493e+00\n   45    0 1.0000000000 -9.3450891142e+00 -9.2534369052e+00\n   46    0 1.0000000000 -9.3312816268e+00 -9.2332326802e+00\n   47    0 1.0000000000 -9.3171946933e+00 -9.2129568185e+00\n   48    0 1.0000000000 -9.3028298226e+00 -9.1926297360e+00\n   49    0 1.0000000000 -9.2881885496e+00 -9.1722719005e+00\n   50    0 1.0000000000 -9.2732724357e+00 -9.1519038105e+00\n   51    0 1.0000000000 -9.2580830678e+00 -9.1315459749e+00\n   52    0 1.0000000000 -9.2426220581e+00 -9.1112188925e+00\n   53    0 1.0000000000 -9.2268910439e+00 -9.0909430307e+00\n   54    0 1.0000000000 -9.2108916871e+00 -9.0707388058e+00\n   55    0 1.0000000000 -9.1946256737e+00 -9.0506265616e+00\n   56    0 1.0000000000 -9.1780947136e+00 -9.0306265495e+00\n   57    0 1.0000000000 -9.1613005402e+00 -9.0107589078e+00\n   58    0 1.0000000000 -9.1442449099e+00 -8.9910436415e+00\n   59    0 1.0000000000 -9.1269296017e+00 -8.9715006023e+00\n   60    0 1.0000000000 -9.1093564170e+00 -8.9521494682e+00\n   61    0 1.0000000000 -9.0915271790e+00 -8.9330097243e+00\n   62    0 1.0000000000 -9.0734437322e+00 -8.9141006427e+00\n   63    0 1.0000000000 -9.0551079422e+00 -8.8954412632e+00\n   64    0 1.0000000000 -9.0365216954e+00 -8.8770503742e+00\n   65    0 1.0000000000 -9.0176868982e+00 -8.8589464937e+00\n   66    0 1.0000000000 -8.9986054768e+00 -8.8411478510e+00\n   67    0 1.0000000000 -8.9792793769e+00 -8.8236723676e+00\n   68    0 1.0000000000 -8.9597105630e+00 -8.8065376399e+00\n   69    0 1.0000000000 -8.9399010181e+00 -8.7897609211e+00\n   70    0 1.0000000000 -8.9198527435e+00 -8.7733591040e+00\n   71    0 1.0000000000 -8.8995677578e+00 -8.7573487038e+00\n   72    0 1.0000000000 -8.8790480972e+00 -8.7417458417e+00\n   73    0 1.0000000000 -8.8582958144e+00 -8.7265662283e+00\n   74    0 1.0000000000 -8.8373129787e+00 -8.7118251482e+00\n   75    0 1.0000000000 -8.8161016751e+00 -8.6975374446e+00\n   76    0 1.0000000000 -8.7946640041e+00 -8.6837175038e+00\n   77    0 1.0000000000 -8.7730020815e+00 -8.6703792414e+00\n   78    0 1.0000000000 -8.7511180375e+00 -8.6575360879e+00\n   79    0 1.0000000000 -8.7290140165e+00 -8.6452009753e+00\n   80    0 1.0000000000 -8.7066921767e+00 -8.6333863240e+00\n   81    0 1.0000000000 -8.6841546895e+00 -8.6221040302e+00\n   82    0 1.0000000000 -8.6614037393e+00 -8.6113654545e+00\n   83    0 1.0000000000 -8.6384415229e+00 -8.6011814094e+00\n   84    0 1.0000000000 -8.6152702490e+00 -8.5915621497e+00\n   85    0 1.0000000000 -8.5918921381e+00 -8.5825173609e+00\n   86    0 1.0000000000 -8.5683094217e+00 -8.5740561506e+00\n   87    0 1.0000000000 -8.5445243421e+00 -8.5661870383e+00\n   88    0 1.0000000000 -8.5205391522e+00 -8.5589179476e+00\n   89    0 1.0000000000 -8.4963561149e+00 -8.5522561979e+00\n   90    0 1.0000000000 -8.4719775027e+00 -8.5462084969e+00\n   91    0 1.0000000000 -8.4474055982e+00 -8.5407809343e+00\n   92    0 1.0000000000 -8.4226426936e+00 -8.5359789751e+00\n   93    0 1.0000000000 -8.3976910919e+00 -8.5318074544e+00\n   94    0 1.0000000000 -8.3725531090e+00 -8.5282705727e+00\n   95    0 1.0000000000 -8.3472310797e+00 -8.5253718913e+00\n   96    0 1.0000000000 -8.3217273778e+00 -8.5231143288e+00\n   97    0 1.0000000000 -8.2960444958e+00 -8.5215001586e+00\n   98    0 1.0000000000 -8.2701856161e+00 -8.5205310058e+00\n   99    0 1.0000000000 -8.2451478883e+00 -8.5202078465e+00\n  100    0 1.0000000000 -8.2449927316e+00 -8.5199341055e+00\n  101    0 1.0000000000 -8.2445736300e+00 -8.5191131583e+00\n  102    0 1.0000000000 -8.2438906325e+00 -8.5177458314e+00\n  103    0 1.0000000000 -8.2429438160e+00 -8.5158335016e+00\n  104    0 1.0000000000 -8.2417332859e+00 -8.5133780945e+00\n  105    0 1.0000000000 -8.2402591756e+00 -8.5103820825e+00\n  106    0 1.0000000000 -8.2385216468e+00 -8.5068484823e+00\n  107    0 1.0000000000 -8.2365208891e+00 -8.5027808519e+00\n  108    0 1.0000000000 -8.2342571203e+00 -8.4981832871e+00\n  109    0 1.0000000000 -8.2317305860e+00 -8.4930604173e+00\n  110    0 1.0000000000 -8.2289415600e+00 -8.4874174007e+00\n  111    0 1.0000000000 -8.2258903436e+00 -8.4812599194e+00\n  112    0 1.0000000000 -8.2225772660e+00 -8.4745941735e+00\n  113    0 1.0000000000 -8.2190026840e+00 -8.4674268747e+00\n  114    0 1.0000000000 -8.2151669818e+00 -8.4597652400e+00\n  115    0 1.0000000000 -8.2110705710e+00 -8.4516169839e+00\n  116    0 1.0000000000 -8.2067138905e+00 -8.4429903112e+00\n  117    0 1.0000000000 -8.2020974062e+00 -8.4338939080e+00\n  118    0 1.0000000000 -8.1972216109e+00 -8.4243369337e+00\n  119    0 1.0000000000 -8.1920870240e+00 -8.4143290114e+00\n  120    0 1.0000000000 -8.1866941915e+00 -8.4038802182e+00\n  121    0 1.0000000000 -8.1810436858e+00 -8.3930010752e+00\n  122    0 1.0000000000 -8.1751361053e+00 -8.3817025367e+00\n  123    0 1.0000000000 -8.1689720743e+00 -8.3699959793e+00\n  124    0 1.0000000000 -8.1625522427e+00 -8.3578931907e+00\n  125    0 1.0000000000 -8.1558772861e+00 -8.3454063573e+00\n  126    0 1.0000000000 -8.1489479049e+00 -8.3325480522e+00\n  127    0 1.0000000000 -8.1417648248e+00 -8.3193312227e+00\n  128    0 1.0000000000 -8.1343287962e+00 -8.3057691771e+00\n  129    0 1.0000000000 -8.1266405939e+00 -8.2918755710e+00\n  130    0 1.0000000000 -8.1187010171e+00 -8.2776643944e+00\n  131    0 1.0000000000 -8.1105108891e+00 -8.2631499565e+00\n  132    0 1.0000000000 -8.1020710571e+00 -8.2483468722e+00\n  133    0 1.0000000000 -8.0933823920e+00 -8.2332700469e+00\n  134    0 1.0000000000 -8.0844457881e+00 -8.2179346618e+00\n  135    0 1.0000000000 -8.0752621632e+00 -8.2023561582e+00\n  136    0 1.0000000000 -8.0658324581e+00 -8.1865502225e+00\n  137    0 1.0000000000 -8.0561576367e+00 -8.1705327697e+00\n  138    0 1.0000000000 -8.0462386858e+00 -8.1543199282e+00\n  139    0 1.0000000000 -8.0360766146e+00 -8.1379280229e+00\n  140    0 1.0000000000 -8.0256724551e+00 -8.1213735591e+00\n  141    0 1.0000000000 -8.0150272615e+00 -8.1046732057e+00\n  142    0 1.0000000000 -8.0041421104e+00 -8.0878437785e+00\n  143    0 1.0000000000 -7.9930181002e+00 -8.0709022234e+00\n  144    0 1.0000000000 -7.9816563514e+00 -8.0538655991e+00\n  145    0 1.0000000000 -7.9700580062e+00 -8.0367510599e+00\n  146    0 1.0000000000 -7.9582242281e+00 -8.0195758389e+00\n  147    0 1.0000000000 -7.9461562023e+00 -8.0023572299e+00\n  148    0 1.0000000000 -7.9338551350e+00 -7.9851125707e+00\n  149    0 1.0000000000 -7.9213222533e+00 -7.9678592251e+00\n  150    0 1.0000000000 -7.9085588051e+00 -7.9506145659e+00\n  151    0 1.0000000000 -7.8955660589e+00 -7.9333959569e+00\n  152    0 1.0000000000 -7.8823453032e+00 -7.9162207359e+00\n  153    0 1.0000000000 -7.8688978470e+00 -7.8991061967e+00\n  154    0 1.0000000000 -7.8552250186e+00 -7.8820695724e+00\n  155    0 1.0000000000 -7.8413281660e+00 -7.8651280173e+00\n  156    0 1.0000000000 -7.8272086567e+00 -7.8482985901e+00\n  157    0 1.0000000000 -7.8128678768e+00 -7.8315982367e+00\n  158    0 1.0000000000 -7.7983072313e+00 -7.8150437729e+00\n  159    0 1.0000000000 -7.7835281434e+00 -7.7986518676e+00\n  160    0 1.0000000000 -7.7685320546e+00 -7.7824390261e+00\n  161    0 1.0000000000 -7.7533204241e+00 -7.7664215733e+00\n  162    0 1.0000000000 -7.7378947286e+00 -7.7506156376e+00\n  163    0 1.0000000000 -7.7222564620e+00 -7.7350371340e+00\n  164    0 1.0000000000 -7.7064071349e+00 -7.7197017489e+00\n  165    0 1.0000000000 -7.6903482746e+00 -7.7046249236e+00\n  166    0 1.0000000000 -7.6740814245e+00 -7.6898218393e+00\n  167    0 1.0000000000 -7.6576081439e+00 -7.6753074014e+00\n  168    0 1.0000000000 -7.6409300077e+00 -7.6610962247e+00\n  169    0 1.0000000000 -7.6240486060e+00 -7.6472026187e+00\n  170    0 1.0000000000 -7.6069655437e+00 -7.6336405731e+00\n  171    0 1.0000000000 -7.5896824404e+00 -7.6204237436e+00\n  172    0 1.0000000000 -7.5722009299e+00 -7.6075654385e+00\n  173    0 1.0000000000 -7.5545226597e+00 -7.5950786051e+00\n  174    0 1.0000000000 -7.5366492911e+00 -7.5829758165e+00\n  175    0 1.0000000000 -7.5185824984e+00 -7.5712692591e+00\n  176    0 1.0000000000 -7.5003239690e+00 -7.5599707206e+00\n  177    0 1.0000000000 -7.4818754027e+00 -7.5490915776e+00\n  178    0 1.0000000000 -7.4632385114e+00 -7.5386427844e+00\n  179    0 1.0000000000 -7.4444150193e+00 -7.5286348621e+00\n  180    0 1.0000000000 -7.4254066618e+00 -7.5190778878e+00\n  181    0 1.0000000000 -7.4062151857e+00 -7.5099814846e+00\n  182    0 1.0000000000 -7.3868423488e+00 -7.5013548118e+00\n  183    0 1.0000000000 -7.3672899197e+00 -7.4932065558e+00\n  184    0 1.0000000000 -7.3475596771e+00 -7.4855449211e+00\n  185    0 1.0000000000 -7.3276534104e+00 -7.4783776223e+00\n  186    0 1.0000000000 -7.3075729188e+00 -7.4717118764e+00\n  187    0 1.0000000000 -7.2873200117e+00 -7.4655543951e+00\n  188    0 1.0000000000 -7.2668965088e+00 -7.4599113785e+00\n  189    0 1.0000000000 -7.2463042405e+00 -7.4547885087e+00\n  190    0 1.0000000000 -7.2255450492e+00 -7.4501909439e+00\n  191    0 1.0000000000 -7.2046207919e+00 -7.4461233135e+00\n  192    0 1.0000000000 -7.1835333455e+00 -7.4425897133e+00\n  193    0 1.0000000000 -7.1622846189e+00 -7.4395937013e+00\n  194    0 1.0000000000 -7.1408765852e+00 -7.4371382942e+00\n  195    0 1.0000000000 -7.1193113784e+00 -7.4352259644e+00\n  196    0 1.0000000000 -7.0975916940e+00 -7.4338586375e+00\n  197    0 1.0000000000 -7.0757237645e+00 -7.4330376903e+00\n  198    0 1.0000000000 -7.0574560962e+00 -7.4327639493e+00\n  199    0 1.0000000000 -7.0977416512e+00 -7.4333114437e+00\n  200    0 1.0000000000 -7.1417023240e+00 -7.4349535247e+00\n  201    0 1.0000000000 -7.1854983320e+00 -7.4376889858e+00\n  202    0 1.0000000000 -7.2291206629e+00 -7.4415158157e+00\n  203    0 1.0000000000 -7.2725624321e+00 -7.4464311969e+00\n  204    0 1.0000000000 -7.3158170700e+00 -7.4524315050e+00\n  205    0 1.0000000000 -7.3588780739e+00 -7.4595123064e+00\n  206    0 1.0000000000 -7.4017389488e+00 -7.4676683566e+00\n  207    0 1.0000000000 -7.4443931884e+00 -7.4768935978e+00\n  208    0 1.0000000000 -7.4868342689e+00 -7.4871811564e+00\n  209    0 1.0000000000 -7.5290556470e+00 -7.4985233403e+00\n  210    0 1.0000000000 -7.5710507600e+00 -7.5109116354e+00\n  211    0 1.0000000000 -7.6128130268e+00 -7.5243367033e+00\n  212    0 1.0000000000 -7.6543358488e+00 -7.5387883772e+00\n  213    0 1.0000000000 -7.6956126117e+00 -7.5542556592e+00\n  214    0 1.0000000000 -7.7366366872e+00 -7.5707267170e+00\n  215    0 1.0000000000 -7.7774014349e+00 -7.5881888807e+00\n  216    0 1.0000000000 -7.8179002041e+00 -7.6066286394e+00\n  217    0 1.0000000000 -7.8581263358e+00 -7.6260316393e+00\n  218    0 1.0000000000 -7.8980731646e+00 -7.6463826801e+00\n  219    0 1.0000000000 -7.9377340212e+00 -7.6676657139e+00\n  220    0 1.0000000000 -7.9771022339e+00 -7.6898638425e+00\n  221    0 1.0000000000 -8.0161711312e+00 -7.7129593170e+00\n  222    0 1.0000000000 -8.0549340436e+00 -7.7369335366e+00\n  223    0 1.0000000000 -8.0933843062e+00 -7.7617670487e+00\n  224    0 1.0000000000 -8.1315152606e+00 -7.7874395497e+00\n  225    0 1.0000000000 -8.1693202574e+00 -7.8139298866e+00\n  226    0 1.0000000000 -8.2067926581e+00 -7.8412160590e+00\n  227    0 1.0000000000 -8.2439258379e+00 -7.8692752230e+00\n  228    0 1.0000000000 -8.2807131877e+00 -7.8980836951e+00\n  229    0 1.0000000000 -8.3171481164e+00 -7.9276169577e+00\n  230    0 1.0000000000 -8.3532240537e+00 -7.9578496660e+00\n  231    0 1.0000000000 -8.3889344519e+00 -7.9887556555e+00\n  232    0 1.0000000000 -8.4242727886e+00 -8.0203079513e+00\n  233    0 1.0000000000 -8.4592325693e+00 -8.0524787785e+00\n  234    0 1.0000000000 -8.4938073294e+00 -8.0852395743e+00\n  235    0 1.0000000000 -8.5279906369e+00 -8.1185610009e+00\n  236    0 1.0000000000 -8.5617760949e+00 -8.1524129606e+00\n  237    0 1.0000000000 -8.5951573441e+00 -8.1867646124e+00\n  238    0 1.0000000000 -8.6281280649e+00 -8.2215843896e+00\n  239    0 1.0000000000 -8.6606819802e+00 -8.2568400197e+00\n  240    0 1.0000000000 -8.6928128581e+00 -8.2924985454e+00\n  241    0 1.0000000000 -8.7245145138e+00 -8.3285263479e+00\n  242    0 1.0000000000 -8.7557808125e+00 -8.3648891712e+00\n  243    0 1.0000000000 -8.7866056719e+00 -8.4015521486e+00\n  244    0 1.0000000000 -8.8169830643e+00 -8.4384798310e+00\n  245    0 1.0000000000 -8.8469070198e+00 -8.4756362163e+00\n  246    0 1.0000000000 -8.8763716280e+00 -8.5129847810e+00\n  247    0 1.0000000000 -8.9053710409e+00 -8.5504885135e+00\n  248    0 1.0000000000 -8.9338994755e+00 -8.5881099491e+00\n  249    0 1.0000000000 -8.9619512157e+00 -8.6258112061e+00\n  250    0 1.0000000000 -8.9895206153e+00 -8.6635540243e+00\n  251    0 1.0000000000 -9.0166021003e+00 -8.7012998046e+00\n  252    0 1.0000000000 -9.0431901711e+00 -8.7390096503e+00\n  253    0 1.0000000000 -9.0692794052e+00 -8.7766444099e+00\n  254    0 1.0000000000 -9.0948644591e+00 -8.8141647210e+00\n  255    0 1.0000000000 -9.1199400714e+00 -8.8515310563e+00\n  256    0 1.0000000000 -9.1445010645e+00 -8.8887037700e+00\n  257    0 1.0000000000 -9.1685423471e+00 -8.9256431461e+00\n  258    0 1.0000000000 -9.1920589166e+00 -8.9623094476e+00\n  259    0 1.0000000000 -9.2150458614e+00 -8.9986629665e+00\n  260    0 1.0000000000 -9.2374983629e+00 -9.0346640755e+00\n  261    0 1.0000000000 -9.2594116977e+00 -9.0702732795e+00\n  262    0 1.0000000000 -9.2807812402e+00 -9.1054512689e+00\n  263    0 1.0000000000 -9.3016024641e+00 -9.1401589728e+00\n  264    0 1.0000000000 -9.3218709452e+00 -9.1743576130e+00\n  265    0 1.0000000000 -9.3415823628e+00 -9.2080087589e+00\n  266    0 1.0000000000 -9.3607325022e+00 -9.2410743818e+00\n  267    0 1.0000000000 -9.3793172562e+00 -9.2735169101e+00\n  268    0 1.0000000000 -9.3973326277e+00 -9.3052992842e+00\n  269    0 1.0000000000 -9.4147747310e+00 -9.3363850119e+00\n  270    0 1.0000000000 -9.4316397939e+00 -9.3667382228e+00\n  271    0 1.0000000000 -9.4479241597e+00 -9.3963237229e+00\n  272    0 1.0000000000 -9.4636242883e+00 -9.4251070488e+00\n  273    0 1.0000000000 -9.4787367588e+00 -9.4530545213e+00\n  274    0 1.0000000000 -9.4932582703e+00 -9.4801332979e+00\n  275    0 1.0000000000 -9.5071856442e+00 -9.5063114252e+00\n  276    0 1.0000000000 -9.5205158252e+00 -9.5315578897e+00\n  277    0 1.0000000000 -9.5332458831e+00 -9.5558426675e+00\n  278    0 1.0000000000 -9.5453730141e+00 -9.5791367740e+00\n  279    0 1.0000000000 -9.5568945424e+00 -9.6014123101e+00\n  280    0 1.0000000000 -9.5678079211e+00 -9.6226425093e+00\n  281    0 1.0000000000 -9.5781107339e+00 -9.6428017812e+00\n  282    0 1.0000000000 -9.5878006958e+00 -9.6618657550e+00\n  283    0 1.0000000000 -9.5968756549e+00 -9.6798113198e+00\n  284    0 1.0000000000 -9.6053335927e+00 -9.6966166642e+00\n  285    0 1.0000000000 -9.6131726257e+00 -9.7122613129e+00\n  286    0 1.0000000000 -9.6203910061e+00 -9.7267261617e+00\n  287    0 1.0000000000 -9.6269871226e+00 -9.7399935105e+00\n  288    0 1.0000000000 -9.6329595015e+00 -9.7520470934e+00\n  289    0 1.0000000000 -9.6383068068e+00 -9.7628721070e+00\n  290    0 1.0000000000 -9.6430278418e+00 -9.7724552360e+00\n  291    0 1.0000000000 -9.6471215490e+00 -9.7807846764e+00\n  292    0 1.0000000000 -9.6505870106e+00 -9.7878501558e+00\n  293    0 1.0000000000 -9.6534234495e+00 -9.7936429515e+00\n  294    0 1.0000000000 -9.6556302293e+00 -9.7981559060e+00\n  295    0 1.0000000000 -9.6572068546e+00 -9.8013834392e+00\n  296    0 1.0000000000 -9.6581529714e+00 -9.8033215582e+00\n  297    0 1.0000000000 -9.6584683673e+00 -9.8039678645e+00\n