SINGLE-ORBITAL NN+NNN EFFECTIVE MODEL FIT

m=7
eon=0.0
t0=1.0
l_decay=0.5
dl=1.5
pairing=./m=7/pairing.txt
microscopic_orbitals=100

E_eff(k) = eps0 + 2*t1[cos(k.u1)+cos(k.u2)] + 4*t2*cos(k.u1)*cos(k.u2)

eps0     = -8.83384176607861e+00
t1       = -2.27316170288890e-01
t2       = -7.30135968587983e-03

RMSE=1.47498509049316e-01
MAE=1.19254480832291e-01
max_abs_error=3.21788003287965e-01
optimizer_success=True
optimizer_message=Linear least-squares solution
minimum_tracking_continuity=1.0000000000
mean_tracking_continuity=1.0000000000

# k_index idx continuity target fit\n    0    0 1.0000000000 -9.6601854473e+00 -9.7723118860e+00\n    1    0 1.0000000000 -9.6600687573e+00 -9.7720682942e+00\n    2    0 1.0000000000 -9.6597186971e+00 -9.7713377640e+00\n    3    0 1.0000000000 -9.6591352958e+00 -9.7701210311e+00\n    4    0 1.0000000000 -9.6583186021e+00 -9.7684193205e+00\n    5    0 1.0000000000 -9.6572686841e+00 -9.7662343458e+00\n    6    0 1.0000000000 -9.6559856294e+00 -9.7635683070e+00\n    7    0 1.0000000000 -9.6544695448e+00 -9.7604238886e+00\n    8    0 1.0000000000 -9.6527205567e+00 -9.7568042568e+00\n    9    0 1.0000000000 -9.6507388108e+00 -9.7527130563e+00\n   10    0 1.0000000000 -9.6485244723e+00 -9.7481544065e+00\n   11    0 1.0000000000 -9.6460777254e+00 -9.7431328975e+00\n   12    0 1.0000000000 -9.6433987739e+00 -9.7376535858e+00\n   13    0 1.0000000000 -9.6404878406e+00 -9.7317219883e+00\n   14    0 1.0000000000 -9.6373451677e+00 -9.7253440778e+00\n   15    0 1.0000000000 -9.6339710165e+00 -9.7185262763e+00\n   16    0 1.0000000000 -9.6303656673e+00 -9.7112754487e+00\n   17    0 1.0000000000 -9.6265294195e+00 -9.7035988960e+00\n   18    0 1.0000000000 -9.6224625916e+00 -9.6955043478e+00\n   19    0 1.0000000000 -9.6181655210e+00 -9.6869999547e+00\n   20    0 1.0000000000 -9.6136385640e+00 -9.6780942798e+00\n   21    0 1.0000000000 -9.6088820956e+00 -9.6687962904e+00\n   22    0 1.0000000000 -9.6038965096e+00 -9.6591153489e+00\n   23    0 1.0000000000 -9.5986822186e+00 -9.6490612030e+00\n   24    0 1.0000000000 -9.5932396536e+00 -9.6386439765e+00\n   25    0 1.0000000000 -9.5875692642e+00 -9.6278741586e+00\n   26    0 1.0000000000 -9.5816715186e+00 -9.6167625936e+00\n   27    0 1.0000000000 -9.5755469031e+00 -9.6053204699e+00\n   28    0 1.0000000000 -9.5691959223e+00 -9.5935593088e+00\n   29    0 1.0000000000 -9.5626190991e+00 -9.5814909528e+00\n   30    0 1.0000000000 -9.5558169744e+00 -9.5691275537e+00\n   31    0 1.0000000000 -9.5487901070e+00 -9.5564815603e+00\n   32    0 1.0000000000 -9.5415390737e+00 -9.5435657061e+00\n   33    0 1.0000000000 -9.5340644690e+00 -9.5303929963e+00\n   34    0 1.0000000000 -9.5263669050e+00 -9.5169766947e+00\n   35    0 1.0000000000 -9.5184470115e+00 -9.5033303104e+00\n   36    0 1.0000000000 -9.5103054356e+00 -9.4894675840e+00\n   37    0 1.0000000000 -9.5019428418e+00 -9.4754024743e+00\n   38    0 1.0000000000 -9.4933599116e+00 -9.4611491436e+00\n   39    0 1.0000000000 -9.4845573439e+00 -9.4467219437e+00\n   40    0 1.0000000000 -9.4755358543e+00 -9.4321354017e+00\n   41    0 1.0000000000 -9.4662961753e+00 -9.4174042049e+00\n   42    0 1.0000000000 -9.4568390560e+00 -9.4025431865e+00\n   43    0 1.0000000000 -9.4471652622e+00 -9.3875673101e+00\n   44    0 1.0000000000 -9.4372755760e+00 -9.3724916553e+00\n   45    0 1.0000000000 -9.4271707959e+00 -9.3573314020e+00\n   46    0 1.0000000000 -9.4168517363e+00 -9.3421018152e+00\n   47    0 1.0000000000 -9.4063192279e+00 -9.3268182298e+00\n   48    0 1.0000000000 -9.3955741169e+00 -9.3114960351e+00\n   49    0 1.0000000000 -9.3846172655e+00 -9.2961506594e+00\n   50    0 1.0000000000 -9.3734495512e+00 -9.2807975539e+00\n   51    0 1.0000000000 -9.3620718671e+00 -9.2654521782e+00\n   52    0 1.0000000000 -9.3504851214e+00 -9.2501299835e+00\n   53    0 1.0000000000 -9.3386902373e+00 -9.2348463982e+00\n   54    0 1.0000000000 -9.3266881531e+00 -9.2196168113e+00\n   55    0 1.0000000000 -9.3144798217e+00 -9.2044565580e+00\n   56    0 1.0000000000 -9.3020662106e+00 -9.1893809032e+00\n   57    0 1.0000000000 -9.2894483017e+00 -9.1744050268e+00\n   58    0 1.0000000000 -9.2766270911e+00 -9.1595440084e+00\n   59    0 1.0000000000 -9.2636035893e+00 -9.1448128116e+00\n   60    0 1.0000000000 -9.2503788201e+00 -9.1302262696e+00\n   61    0 1.0000000000 -9.2369538216e+00 -9.1157990697e+00\n   62    0 1.0000000000 -9.2233296451e+00 -9.1015457390e+00\n   63    0 1.0000000000 -9.2095073553e+00 -9.0874806293e+00\n   64    0 1.0000000000 -9.1954880302e+00 -9.0736179029e+00\n   65    0 1.0000000000 -9.1812727607e+00 -9.0599715186e+00\n   66    0 1.0000000000 -9.1668626506e+00 -9.0465552170e+00\n   67    0 1.0000000000 -9.1522588162e+00 -9.0333825072e+00\n   68    0 1.0000000000 -9.1374623863e+00 -9.0204666530e+00\n   69    0 1.0000000000 -9.1224745021e+00 -9.0078206596e+00\n   70    0 1.0000000000 -9.1072963166e+00 -8.9954572605e+00\n   71    0 1.0000000000 -9.0919289948e+00 -8.9833889045e+00\n   72    0 1.0000000000 -9.0763737135e+00 -8.9716277434e+00\n   73    0 1.0000000000 -9.0606316607e+00 -8.9601856197e+00\n   74    0 1.0000000000 -9.0447040360e+00 -8.9490740547e+00\n   75    0 1.0000000000 -9.0285920498e+00 -8.9383042368e+00\n   76    0 1.0000000000 -9.0122969237e+00 -8.9278870103e+00\n   77    0 1.0000000000 -8.9958198896e+00 -8.9178328644e+00\n   78    0 1.0000000000 -8.9791621904e+00 -8.9081519229e+00\n   79    0 1.0000000000 -8.9623250787e+00 -8.8988539335e+00\n   80    0 1.0000000000 -8.9453098178e+00 -8.8899482586e+00\n   81    0 1.0000000000 -8.9281176805e+00 -8.8814438655e+00\n   82    0 1.0000000000 -8.9107499494e+00 -8.8733493173e+00\n   83    0 1.0000000000 -8.8932079165e+00 -8.8656727646e+00\n   84    0 1.0000000000 -8.8754928832e+00 -8.8584219370e+00\n   85    0 1.0000000000 -8.8576061600e+00 -8.8516041355e+00\n   86    0 1.0000000000 -8.8395490662e+00 -8.8452262250e+00\n   87    0 1.0000000000 -8.8213229297e+00 -8.8392946276e+00\n   88    0 1.0000000000 -8.8029290870e+00 -8.8338153158e+00\n   89    0 1.0000000000 -8.7843688828e+00 -8.8287938069e+00\n   90    0 1.0000000000 -8.7656436697e+00 -8.8242351570e+00\n   91    0 1.0000000000 -8.7467548084e+00 -8.8201439565e+00\n   92    0 1.0000000000 -8.7277036670e+00 -8.8165243247e+00\n   93    0 1.0000000000 -8.7084916212e+00 -8.8133799063e+00\n   94    0 1.0000000000 -8.6891200537e+00 -8.8107138675e+00\n   95    0 1.0000000000 -8.6695903545e+00 -8.8085288928e+00\n   96    0 1.0000000000 -8.6499039202e+00 -8.8068271823e+00\n   97    0 1.0000000000 -8.6300621540e+00 -8.8056104493e+00\n   98    0 1.0000000000 -8.6100664655e+00 -8.8048799192e+00\n   99    0 1.0000000000 -8.5899211258e+00 -8.8046363273e+00\n  100    0 1.0000000000 -8.5898189113e+00 -8.8044221429e+00\n  101    0 1.0000000000 -8.5895122760e+00 -8.8037798053e+00\n  102    0 1.0000000000 -8.5890012442e+00 -8.8027099614e+00\n  103    0 1.0000000000 -8.5882858568e+00 -8.8012136883e+00\n  104    0 1.0000000000 -8.5873661707e+00 -8.7992924927e+00\n  105    0 1.0000000000 -8.5862422590e+00 -8.7969483090e+00\n  106    0 1.0000000000 -8.5849142113e+00 -8.7941834977e+00\n  107    0 1.0000000000 -8.5833821332e+00 -8.7910008427e+00\n  108    0 1.0000000000 -8.5816461468e+00 -8.7874035486e+00\n  109    0 1.0000000000 -8.5797063900e+00 -8.7833952376e+00\n  110    0 1.0000000000 -8.5775630171e+00 -8.7789799458e+00\n  111    0 1.0000000000 -8.5752161986e+00 -8.7741621190e+00\n  112    0 1.0000000000 -8.5726661210e+00 -8.7689466083e+00\n  113    0 1.0000000000 -8.5699129869e+00 -8.7633386653e+00\n  114    0 1.0000000000 -8.5669570148e+00 -8.7573439367e+00\n  115    0 1.0000000000 -8.5637984394e+00 -8.7509684587e+00\n  116    0 1.0000000000 -8.5604375114e+00 -8.7442186508e+00\n  117    0 1.0000000000 -8.5568744971e+00 -8.7371013096e+00\n  118    0 1.0000000000 -8.5531096790e+00 -8.7296236017e+00\n  119    0 1.0000000000 -8.5491433553e+00 -8.7217930563e+00\n  120    0 1.0000000000 -8.5449758398e+00 -8.7136175583e+00\n  121    0 1.0000000000 -8.5406074623e+00 -8.7051053396e+00\n  122    0 1.0000000000 -8.5360385681e+00 -8.6962649714e+00\n  123    0 1.0000000000 -8.5312695181e+00 -8.6871053551e+00\n  124    0 1.0000000000 -8.5263006887e+00 -8.6776357137e+00\n  125    0 1.0000000000 -8.5211324718e+00 -8.6678655823e+00\n  126    0 1.0000000000 -8.5157652746e+00 -8.6578047987e+00\n  127    0 1.0000000000 -8.5101995198e+00 -8.6474634931e+00\n  128    0 1.0000000000 -8.5044356453e+00 -8.6368520784e+00\n  129    0 1.0000000000 -8.4984741040e+00 -8.6259812394e+00\n  130    0 1.0000000000 -8.4923153641e+00 -8.6148619221e+00\n  131    0 1.0000000000 -8.4859599087e+00 -8.6035053228e+00\n  132    0 1.0000000000 -8.4794082358e+00 -8.5919228764e+00\n  133    0 1.0000000000 -8.4726608583e+00 -8.5801262457e+00\n  134    0 1.0000000000 -8.4657183040e+00 -8.5681273087e+00\n  135    0 1.0000000000 -8.4585811150e+00 -8.5559381475e+00\n  136    0 1.0000000000 -8.4512498482e+00 -8.5435710354e+00\n  137    0 1.0000000000 -8.4437250750e+00 -8.5310384251e+00\n  138    0 1.0000000000 -8.4360073811e+00 -8.5183529358e+00\n  139    0 1.0000000000 -8.4280973665e+00 -8.5055273409e+00\n  140    0 1.0000000000 -8.4199956453e+00 -8.4925745545e+00\n  141    0 1.0000000000 -8.4117028456e+00 -8.4795076190e+00\n  142    0 1.0000000000 -8.4032196098e+00 -8.4663396918e+00\n  143    0 1.0000000000 -8.3945465937e+00 -8.4530840317e+00\n  144    0 1.0000000000 -8.3856844671e+00 -8.4397539862e+00\n  145    0 1.0000000000 -8.3766339134e+00 -8.4263629775e+00\n  146    0 1.0000000000 -8.3673956294e+00 -8.4129244891e+00\n  147    0 1.0000000000 -8.3579703254e+00 -8.3994520525e+00\n  148    0 1.0000000000 -8.3483587249e+00 -8.3859592333e+00\n  149    0 1.0000000000 -8.3385615644e+00 -8.3724596177e+00\n  150    0 1.0000000000 -8.3285795938e+00 -8.3589667985e+00\n  151    0 1.0000000000 -8.3184135755e+00 -8.3454943619e+00\n  152    0 1.0000000000 -8.3080642849e+00 -8.3320558735e+00\n  153    0 1.0000000000 -8.2975325100e+00 -8.3186648648e+00\n  154    0 1.0000000000 -8.2868190511e+00 -8.3053348193e+00\n  155    0 1.0000000000 -8.2759247212e+00 -8.2920791592e+00\n  156    0 1.0000000000 -8.2648503452e+00 -8.2789112320e+00\n  157    0 1.0000000000 -8.2535967605e+00 -8.2658442965e+00\n  158    0 1.0000000000 -8.2421648161e+00 -8.2528915101e+00\n  159    0 1.0000000000 -8.2305553729e+00 -8.2400659152e+00\n  160    0 1.0000000000 -8.2187693036e+00 -8.2273804259e+00\n  161    0 1.0000000000 -8.2068074924e+00 -8.2148478156e+00\n  162    0 1.0000000000 -8.1946708348e+00 -8.2024807035e+00\n  163    0 1.0000000000 -8.1823602376e+00 -8.1902915423e+00\n  164    0 1.0000000000 -8.1698766188e+00 -8.1782926053e+00\n  165    0 1.0000000000 -8.1572209072e+00 -8.1664959746e+00\n  166    0 1.0000000000 -8.1443940424e+00 -8.1549135282e+00\n  167    0 1.0000000000 -8.1313969749e+00 -8.1435569289e+00\n  168    0 1.0000000000 -8.1182306653e+00 -8.1324376116e+00\n  169    0 1.0000000000 -8.1048960849e+00 -8.1215667726e+00\n  170    0 1.0000000000 -8.0913942151e+00 -8.1109553579e+00\n  171    0 1.0000000000 -8.0777260471e+00 -8.1006140523e+00\n  172    0 1.0000000000 -8.0638925823e+00 -8.0905532687e+00\n  173    0 1.0000000000 -8.0498948317e+00 -8.0807831373e+00\n  174    0 1.0000000000 -8.0357338158e+00 -8.0713134959e+00\n  175    0 1.0000000000 -8.0214105646e+00 -8.0621538796e+00\n  176    0 1.0000000000 -8.0069261173e+00 -8.0533135114e+00\n  177    0 1.0000000000 -7.9922815222e+00 -8.0448012927e+00\n  178    0 1.0000000000 -7.9774778365e+00 -8.0366257947e+00\n  179    0 1.0000000000 -7.9625161263e+00 -8.0287952493e+00\n  180    0 1.0000000000 -7.9473974661e+00 -8.0213175414e+00\n  181    0 1.0000000000 -7.9321229391e+00 -8.0142002002e+00\n  182    0 1.0000000000 -7.9166936365e+00 -8.0074503923e+00\n  183    0 1.0000000000 -7.9011106579e+00 -8.0010749143e+00\n  184    0 1.0000000000 -7.8853751107e+00 -7.9950801857e+00\n  185    0 1.0000000000 -7.8694881104e+00 -7.9894722427e+00\n  186    0 1.0000000000 -7.8534507800e+00 -7.9842567320e+00\n  187    0 1.0000000000 -7.8372642502e+00 -7.9794389052e+00\n  188    0 1.0000000000 -7.8209296592e+00 -7.9750236134e+00\n  189    0 1.0000000000 -7.8044481529e+00 -7.9710153024e+00\n  190    0 1.0000000000 -7.7878208847e+00 -7.9674180083e+00\n  191    0 1.0000000000 -7.7710490162e+00 -7.9642353533e+00\n  192    0 1.0000000000 -7.7541337177e+00 -7.9614705420e+00\n  193    0 1.0000000000 -7.7370761707e+00 -7.9591263583e+00\n  194    0 1.0000000000 -7.7198775737e+00 -7.9572051627e+00\n  195    0 1.0000000000 -7.7025391593e+00 -7.9557088896e+00\n  196    0 1.0000000000 -7.6850622645e+00 -7.9546390457e+00\n  197    0 1.0000000000 -7.6674488239e+00 -7.9539967081e+00\n  198    0 1.0000000000 -7.6500193618e+00 -7.9537825237e+00\n  199    0 1.0000000000 -7.6852404140e+00 -7.9542108999e+00\n  200    0 1.0000000000 -7.7206010892e+00 -7.9554956860e+00\n  201    0 1.0000000000 -7.7557726964e+00 -7.9576358544e+00\n  202    0 1.0000000000 -7.7907506412e+00 -7.9606296921e+00\n  203    0 1.0000000000 -7.8255306155e+00 -7.9644748011e+00\n  204    0 1.0000000000 -7.8601083554e+00 -7.9691680980e+00\n  205    0 1.0000000000 -7.8944796074e+00 -7.9747058141e+00\n  206    0 1.0000000000 -7.9286401210e+00 -7.9810834953e+00\n  207    0 1.0000000000 -7.9625856465e+00 -7.9882960020e+00\n  208    0 1.0000000000 -7.9963119347e+00 -7.9963375091e+00\n  209    0 1.0000000000 -8.0298147380e+00 -8.0052015063e+00\n  210    0 1.0000000000 -8.0630898106e+00 -8.0148807979e+00\n  211    0 1.0000000000 -8.0961329098e+00 -8.0253675035e+00\n  212    0 1.0000000000 -8.1289397965e+00 -8.0366530582e+00\n  213    0 1.0000000000 -8.1615062367e+00 -8.0487282129e+00\n  214    0 1.0000000000 -8.1938280025e+00 -8.0615830358e+00\n  215    0 1.0000000000 -8.2259008727e+00 -8.0752069128e+00\n  216    0 1.0000000000 -8.2577206343e+00 -8.0895885490e+00\n  217    0 1.0000000000 -8.2892830836e+00 -8.1047159706e+00\n  218    0 1.0000000000 -8.3205840270e+00 -8.1205765264e+00\n  219    0 1.0000000000 -8.3516192825e+00 -8.1371568905e+00\n  220    0 1.0000000000 -8.3823846806e+00 -8.1544430647e+00\n  221    0 1.0000000000 -8.4128760653e+00 -8.1724203824e+00\n  222    0 1.0000000000 -8.4430892955e+00 -8.1910735114e+00\n  223    0 1.0000000000 -8.4730202460e+00 -8.2103864591e+00\n  224    0 1.0000000000 -8.5026648087e+00 -8.2303425768e+00\n  225    0 1.0000000000 -8.5320188937e+00 -8.2509245654e+00\n  226    0 1.0000000000 -8.5610784307e+00 -8.2721144814e+00\n  227    0 1.0000000000 -8.5898393696e+00 -8.2938937440e+00\n  228    0 1.0000000000 -8.6182976822e+00 -8.3162431428e+00\n  229    0 1.0000000000 -8.6464493634e+00 -8.3391428457e+00\n  230    0 1.0000000000 -8.6742904317e+00 -8.3625724086e+00\n  231    0 1.0000000000 -8.7018169313e+00 -8.3865107852e+00\n  232    0 1.0000000000 -8.7290249324e+00 -8.4109363380e+00\n  233    0 1.0000000000 -8.7559105332e+00 -8.4358268502e+00\n  234    0 1.0000000000 -8.7824698602e+00 -8.4611595386e+00\n  235    0 1.0000000000 -8.8086990703e+00 -8.4869110670e+00\n  236    0 1.0000000000 -8.8345943510e+00 -8.5130575613e+00\n  237    0 1.0000000000 -8.8601519226e+00 -8.5395746253e+00\n  238    0 1.0000000000 -8.8853680384e+00 -8.5664373571e+00\n  239    0 1.0000000000 -8.9102389866e+00 -8.5936203672e+00\n  240    0 1.0000000000 -8.9347610910e+00 -8.6210977975e+00\n  241    0 1.0000000000 -8.9589307123e+00 -8.6488433410e+00\n  242    0 1.0000000000 -8.9827442496e+00 -8.6768302629e+00\n  243    0 1.0000000000 -9.0061981409e+00 -8.7050314228e+00\n  244    0 1.0000000000 -9.0292888647e+00 -8.7334192975e+00\n  245    0 1.0000000000 -9.0520129409e+00 -8.7619660057e+00\n  246    0 1.0000000000 -9.0743669322e+00 -8.7906433328e+00\n  247    0 1.0000000000 -9.0963474451e+00 -8.8194227574e+00\n  248    0 1.0000000000 -9.1179511307e+00 -8.8482754785e+00\n  249    0 1.0000000000 -9.1391746864e+00 -8.8771724438e+00\n  250    0 1.0000000000 -9.1600148565e+00 -8.9060843792e+00\n  251    0 1.0000000000 -9.1804684334e+00 -8.9349818185e+00\n  252    0 1.0000000000 -9.2005322588e+00 -8.9638351349e+00\n  253    0 1.0000000000 -9.2202032248e+00 -8.9926145727e+00\n  254    0 1.0000000000 -9.2394782747e+00 -9.0212902805e+00\n  255    0 1.0000000000 -9.2583544042e+00 -9.0498323442e+00\n  256    0 1.0000000000 -9.2768286624e+00 -9.0782108217e+00\n  257    0 1.0000000000 -9.2948981530e+00 -9.1063957779e+00\n  258    0 1.0000000000 -9.3125600347e+00 -9.1343573201e+00\n  259    0 1.0000000000 -9.3298115229e+00 -9.1620656343e+00\n  260    0 1.0000000000 -9.3466498904e+00 -9.1894910220e+00\n  261    0 1.0000000000 -9.3630724680e+00 -9.2166039373e+00\n  262    0 1.0000000000 -9.3790766461e+00 -9.2433750241e+00\n  263    0 1.0000000000 -9.3946598749e+00 -9.2697751544e+00\n  264    0 1.0000000000 -9.4098196658e+00 -9.2957754663e+00\n  265    0 1.0000000000 -9.4245535922e+00 -9.3213474020e+00\n  266    0 1.0000000000 -9.4388592902e+00 -9.3464627463e+00\n  267    0 1.0000000000 -9.4527344594e+00 -9.3710936647e+00\n  268    0 1.0000000000 -9.4661768641e+00 -9.3952127422e+00\n  269    0 1.0000000000 -9.4791843336e+00 -9.4187930209e+00\n  270    0 1.0000000000 -9.4917547633e+00 -9.4418080383e+00\n  271    0 1.0000000000 -9.5038861154e+00 -9.4642318643e+00\n  272    0 1.0000000000 -9.5155764196e+00 -9.4860391393e+00\n  273    0 1.0000000000 -9.5268237738e+00 -9.5072051102e+00\n  274    0 1.0000000000 -9.5376263447e+00 -9.5277056668e+00\n  275    0 1.0000000000 -9.5479823687e+00 -9.5475173774e+00\n  276    0 1.0000000000 -9.5578901525e+00 -9.5666175236e+00\n  277    0 1.0000000000 -9.5673480735e+00 -9.5849841343e+00\n  278    0 1.0000000000 -9.5763545804e+00 -9.6025960190e+00\n  279    0 1.0000000000 -9.5849081941e+00 -9.6194327996e+00\n  280    0 1.0000000000 -9.5930075080e+00 -9.6354749421e+00\n  281    0 1.0000000000 -9.6006511885e+00 -9.6507037862e+00\n  282    0 1.0000000000 -9.6078379755e+00 -9.6651015745e+00\n  283    0 1.0000000000 -9.6145666831e+00 -9.6786514800e+00\n  284    0 1.0000000000 -9.6208361996e+00 -9.6913376324e+00\n  285    0 1.0000000000 -9.6266454883e+00 -9.7031451431e+00\n  286    0 1.0000000000 -9.6319935877e+00 -9.7140601287e+00\n  287    0 1.0000000000 -9.6368796119e+00 -9.7240697330e+00\n  288    0 1.0000000000 -9.6413027509e+00 -9.7331621474e+00\n  289    0 1.0000000000 -9.6452622710e+00 -9.7413266300e+00\n  290    0 1.0000000000 -9.6487575150e+00 -9.7485535225e+00\n  291    0 1.0000000000 -9.6517879024e+00 -9.7548342657e+00\n  292    0 1.0000000000 -9.6543529295e+00 -9.7601614136e+00\n  293    0 1.0000000000 -9.6564521701e+00 -9.7645286453e+00\n  294    0 1.0000000000 -9.6580852750e+00 -9.7679307749e+00\n  295    0 1.0000000000 -9.6592519727e+00 -9.7703637604e+00\n  296    0 1.0000000000 -9.6599520689e+00 -9.7718247097e+00\n  297    0 1.0000000000 -9.6601854473e+00 -9.7723118860e+00\n