SINGLE-ORBITAL NN+NNN EFFECTIVE MODEL FIT

m=2
eon=0.0
t0=1.0
l_decay=0.5
dl=0.1
pairing=./m=2/pairing.txt
microscopic_orbitals=10

E_eff(k) = eps0 + 2*t1[cos(k.u1)+cos(k.u2)] + 4*t2*cos(k.u1)*cos(k.u2)

eps0     = -1.14623863077453e+01
t1       = -1.61815225173612e+00
t2       = -3.38915641603789e-01

RMSE=5.73878795463409e-01
MAE=4.89816592720880e-01
max_abs_error=1.18956198270587e+00
optimizer_success=True
optimizer_message=Linear least-squares solution
minimum_tracking_continuity=1.0000000000
mean_tracking_continuity=1.0000000000

# k_index idx continuity target fit\n    0    0 1.0000000000 -1.8690033558e+01 -1.9290657881e+01\n    1    0 1.0000000000 -1.8688464904e+01 -1.9288346020e+01\n    2    0 1.0000000000 -1.8683759864e+01 -1.9281412766e+01\n    3    0 1.0000000000 -1.8675921204e+01 -1.9269865099e+01\n    4    0 1.0000000000 -1.8664953528e+01 -1.9253714647e+01\n    5    0 1.0000000000 -1.8650863279e+01 -1.9232977672e+01\n    6    0 1.0000000000 -1.8633658727e+01 -1.9207675054e+01\n    7    0 1.0000000000 -1.8613349963e+01 -1.9177832272e+01\n    8    0 1.0000000000 -1.8589948889e+01 -1.9143479373e+01\n    9    0 1.0000000000 -1.8563469208e+01 -1.9104650950e+01\n   10    0 1.0000000000 -1.8533926406e+01 -1.9061386098e+01\n   11    0 1.0000000000 -1.8501337738e+01 -1.9013728382e+01\n   12    0 1.0000000000 -1.8465722215e+01 -1.8961725788e+01\n   13    0 1.0000000000 -1.8427100577e+01 -1.8905430680e+01\n   14    0 1.0000000000 -1.8385495282e+01 -1.8844899742e+01\n   15    0 1.0000000000 -1.8340930474e+01 -1.8780193922e+01\n   16    0 1.0000000000 -1.8293431966e+01 -1.8711378375e+01\n   17    0 1.0000000000 -1.8243027213e+01 -1.8638522391e+01\n   18    0 1.0000000000 -1.8189745280e+01 -1.8561699331e+01\n   19    0 1.0000000000 -1.8133616823e+01 -1.8480986549e+01\n   20    0 1.0000000000 -1.8074674047e+01 -1.8396465316e+01\n   21    0 1.0000000000 -1.8012950686e+01 -1.8308220737e+01\n   22    0 1.0000000000 -1.7948481962e+01 -1.8216341668e+01\n   23    0 1.0000000000 -1.7881304553e+01 -1.8120920622e+01\n   24    0 1.0000000000 -1.7811456558e+01 -1.8022053682e+01\n   25    0 1.0000000000 -1.7738977460e+01 -1.7919840396e+01\n   26    0 1.0000000000 -1.7663908089e+01 -1.7814383686e+01\n   27    0 1.0000000000 -1.7586290580e+01 -1.7705789737e+01\n   28    0 1.0000000000 -1.7506168335e+01 -1.7594167894e+01\n   29    0 1.0000000000 -1.7423585980e+01 -1.7479630552e+01\n   30    0 1.0000000000 -1.7338589325e+01 -1.7362293039e+01\n   31    0 1.0000000000 -1.7251225321e+01 -1.7242273504e+01\n   32    0 1.0000000000 -1.7161542012e+01 -1.7119692797e+01\n   33    0 1.0000000000 -1.7069588496e+01 -1.6994674346e+01\n   34    0 1.0000000000 -1.6975414876e+01 -1.6867344035e+01\n   35    0 1.0000000000 -1.6879072214e+01 -1.6737830073e+01\n   36    0 1.0000000000 -1.6780612488e+01 -1.6606262871e+01\n   37    0 1.0000000000 -1.6680088542e+01 -1.6472774906e+01\n   38    0 1.0000000000 -1.6577554040e+01 -1.6337500588e+01\n   39    0 1.0000000000 -1.6473063419e+01 -1.6200576128e+01\n   40    0 1.0000000000 -1.6366671841e+01 -1.6062139397e+01\n   41    0 1.0000000000 -1.6258435146e+01 -1.5922329789e+01\n   42    0 1.0000000000 -1.6148409804e+01 -1.5781288080e+01\n   43    0 1.0000000000 -1.6036652867e+01 -1.5639156287e+01\n   44    0 1.0000000000 -1.5923221925e+01 -1.5496077525e+01\n   45    0 1.0000000000 -1.5808175055e+01 -1.5352195862e+01\n   46    0 1.0000000000 -1.5691570779e+01 -1.5207656175e+01\n   47    0 1.0000000000 -1.5573468016e+01 -1.5062604003e+01\n   48    0 1.0000000000 -1.5453926037e+01 -1.4917185402e+01\n   49    0 1.0000000000 -1.5333004426e+01 -1.4771546795e+01\n   50    0 1.0000000000 -1.5210763030e+01 -1.4625834828e+01\n   51    0 1.0000000000 -1.5087261925e+01 -1.4480196221e+01\n   52    0 1.0000000000 -1.4962561372e+01 -1.4334777619e+01\n   53    0 1.0000000000 -1.4836721781e+01 -1.4189725447e+01\n   54    0 1.0000000000 -1.4709803676e+01 -1.4045185760e+01\n   55    0 1.0000000000 -1.4581867659e+01 -1.3901304098e+01\n   56    0 1.0000000000 -1.4452974382e+01 -1.3758225336e+01\n   57    0 1.0000000000 -1.4323184519e+01 -1.3616093543e+01\n   58    0 1.0000000000 -1.4192558742e+01 -1.3475051834e+01\n   59    0 1.0000000000 -1.4061157698e+01 -1.3335242225e+01\n   60    0 1.0000000000 -1.3929042001e+01 -1.3196805494e+01\n   61    0 1.0000000000 -1.3796272214e+01 -1.3059881034e+01\n   62    0 1.0000000000 -1.3662908851e+01 -1.2924606716e+01\n   63    0 1.0000000000 -1.3529012380e+01 -1.2791118751e+01\n   64    0 1.0000000000 -1.3394643235e+01 -1.2659551549e+01\n   65    0 1.0000000000 -1.3259861839e+01 -1.2530037588e+01\n   66    0 1.0000000000 -1.3124728639e+01 -1.2402707276e+01\n   67    0 1.0000000000 -1.2989304153e+01 -1.2277688826e+01\n   68    0 1.0000000000 -1.2853649043e+01 -1.2155108119e+01\n   69    0 1.0000000000 -1.2717824195e+01 -1.2035088584e+01\n   70    0 1.0000000000 -1.2581890838e+01 -1.1917751071e+01\n   71    0 1.0000000000 -1.2445910684e+01 -1.1803213728e+01\n   72    0 1.0000000000 -1.2309946113e+01 -1.1691591886e+01\n   73    0 1.0000000000 -1.2174060406e+01 -1.1582997937e+01\n   74    0 1.0000000000 -1.2038318032e+01 -1.1477541227e+01\n   75    0 1.0000000000 -1.1902785019e+01 -1.1375327941e+01\n   76    0 1.0000000000 -1.1767529420e+01 -1.1276461000e+01\n   77    0 1.0000000000 -1.1632621904e+01 -1.1181039954e+01\n   78    0 1.0000000000 -1.1498136513e+01 -1.1089160885e+01\n   79    0 1.0000000000 -1.1364151636e+01 -1.1000916306e+01\n   80    0 1.0000000000 -1.1230751267e+01 -1.0916395073e+01\n   81    0 1.0000000000 -1.1098026657e+01 -1.0835682291e+01\n   82    0 1.0000000000 -1.0966078488e+01 -1.0758859231e+01\n   83    0 1.0000000000 -1.0835019774e+01 -1.0686003248e+01\n   84    0 1.0000000000 -1.0704979786e+01 -1.0617187700e+01\n   85    0 1.0000000000 -1.0576109403e+01 -1.0552481881e+01\n   86    0 1.0000000000 -1.0448588550e+01 -1.0491950942e+01\n   87    0 1.0000000000 -1.0322636636e+01 -1.0435655834e+01\n   88    0 1.0000000000 -1.0198527466e+01 -1.0383653241e+01\n   89    0 1.0000000000 -1.0076610843e+01 -1.0335995525e+01\n   90    0 1.0000000000 -9.9573443101e+00 -1.0292730673e+01\n   91    0 1.0000000000 -9.8413403490e+00 -1.0253902249e+01\n   92    0 1.0000000000 -9.7294370286e+00 -1.0219549351e+01\n   93    0 1.0000000000 -9.6228032642e+00 -1.0189706568e+01\n   94    0 1.0000000000 -9.5230914250e+00 -1.0164403951e+01\n   95    0 1.0000000000 -9.4326419843e+00 -1.0143666976e+01\n   96    0 1.0000000000 -9.3547049097e+00 -1.0127516524e+01\n   97    0 1.0000000000 -9.2935280252e+00 -1.0115968857e+01\n   98    0 1.0000000000 -9.2539637347e+00 -1.0109035602e+01\n   99    0 1.0000000000 -9.2402054969e+00 -1.0106723741e+01\n  100    0 1.0000000000 -9.2396184587e+00 -1.0105776918e+01\n  101    0 1.0000000000 -9.2378576547e+00 -1.0102937401e+01\n  102    0 1.0000000000 -9.2349240166e+00 -1.0098208049e+01\n  103    0 1.0000000000 -9.2308190964e+00 -1.0091593625e+01\n  104    0 1.0000000000 -9.2255450661e+00 -1.0083100789e+01\n  105    0 1.0000000000 -9.2191047155e+00 -1.0072738092e+01\n  106    0 1.0000000000 -9.2115014513e+00 -1.0060515968e+01\n  107    0 1.0000000000 -9.2027392946e+00 -1.0046446725e+01\n  108    0 1.0000000000 -9.1928228788e+00 -1.0030544529e+01\n  109    0 1.0000000000 -9.1817574466e+00 -1.0012825391e+01\n  110    0 1.0000000000 -9.1695488473e+00 -9.9933071549e+00\n  111    0 1.0000000000 -9.1562035330e+00 -9.9720094721e+00\n  112    0 1.0000000000 -9.1417285555e+00 -9.9489537882e+00\n  113    0 1.0000000000 -9.1261315615e+00 -9.9241633183e+00\n  114    0 1.0000000000 -9.1094207890e+00 -9.8976630242e+00\n  115    0 1.0000000000 -9.0916050625e+00 -9.8694795895e+00\n  116    0 1.0000000000 -9.0726937882e+00 -9.8396413925e+00\n  117    0 1.0000000000 -9.0526969490e+00 -9.8081784778e+00\n  118    0 1.0000000000 -9.0316250993e+00 -9.7751225259e+00\n  119    0 1.0000000000 -9.0094893595e+00 -9.7405068213e+00\n  120    0 1.0000000000 -8.9863014107e+00 -9.7043662190e+00\n  121    0 1.0000000000 -8.9620734884e+00 -9.6667371097e+00\n  122    0 1.0000000000 -8.9368183774e+00 -9.6276573825e+00\n  123    0 1.0000000000 -8.9105494056e+00 -9.5871663876e+00\n  124    0 1.0000000000 -8.8832804378e+00 -9.5453048959e+00\n  125    0 1.0000000000 -8.8550258704e+00 -9.5021150583e+00\n  126    0 1.0000000000 -8.8258006251e+00 -9.4576403635e+00\n  127    0 1.0000000000 -8.7956201431e+00 -9.4119255935e+00\n  128    0 1.0000000000 -8.7645003796e+00 -9.3650167794e+00\n  129    0 1.0000000000 -8.7324577984e+00 -9.3169611543e+00\n  130    0 1.0000000000 -8.6995093663e+00 -9.2678071062e+00\n  131    0 1.0000000000 -8.6656725485e+00 -9.2176041289e+00\n  132    0 1.0000000000 -8.6309653038e+00 -9.1664027728e+00\n  133    0 1.0000000000 -8.5954060805e+00 -9.1142545931e+00\n  134    0 1.0000000000 -8.5590138126e+00 -9.0612120988e+00\n  135    0 1.0000000000 -8.5218079167e+00 -9.0073286990e+00\n  136    0 1.0000000000 -8.4838082897e+00 -8.9526586498e+00\n  137    0 1.0000000000 -8.4450353070e+00 -8.8972569994e+00\n  138    0 1.0000000000 -8.4055098215e+00 -8.8411795324e+00\n  139    0 1.0000000000 -8.3652531641e+00 -8.7844827141e+00\n  140    0 1.0000000000 -8.3242871445e+00 -8.7272236334e+00\n  141    0 1.0000000000 -8.2826340540e+00 -8.6694599454e+00\n  142    0 1.0000000000 -8.2403166692e+00 -8.6112498132e+00\n  143    0 1.0000000000 -8.1973582573e+00 -8.5526518495e+00\n  144    0 1.0000000000 -8.1537825836e+00 -8.4937250574e+00\n  145    0 1.0000000000 -8.1096139197e+00 -8.4345287712e+00\n  146    0 1.0000000000 -8.0648770558e+00 -8.3751225966e+00\n  147    0 1.0000000000 -8.0195973131e+00 -8.3155663506e+00\n  148    0 1.0000000000 -7.9738005609e+00 -8.2559200012e+00\n  149    0 1.0000000000 -7.9275132349e+00 -8.1962436073e+00\n  150    0 1.0000000000 -7.8807623605e+00 -8.1365972579e+00\n  151    0 1.0000000000 -7.8335755778e+00 -8.0770410119e+00\n  152    0 1.0000000000 -7.7859811726e+00 -8.0176348373e+00\n  153    0 1.0000000000 -7.7380081100e+00 -7.9584385512e+00\n  154    0 1.0000000000 -7.6896860746e+00 -7.8995117591e+00\n  155    0 1.0000000000 -7.6410455150e+00 -7.8409137953e+00\n  156    0 1.0000000000 -7.5921176950e+00 -7.7827036631e+00\n  157    0 1.0000000000 -7.5429347515e+00 -7.7249399751e+00\n  158    0 1.0000000000 -7.4935297598e+00 -7.6676808945e+00\n  159    0 1.0000000000 -7.4439368074e+00 -7.6109840762e+00\n  160    0 1.0000000000 -7.3941910768e+00 -7.5549066092e+00\n  161    0 1.0000000000 -7.3443289387e+00 -7.4995049587e+00\n  162    0 1.0000000000 -7.2943880567e+00 -7.4448349095e+00\n  163    0 1.0000000000 -7.2444075038e+00 -7.3909515098e+00\n  164    0 1.0000000000 -7.1944278934e+00 -7.3379090154e+00\n  165    0 1.0000000000 -7.1444915249e+00 -7.2857608357e+00\n  166    0 1.0000000000 -7.0946425460e+00 -7.2345594796e+00\n  167    0 1.0000000000 -7.0449271327e+00 -7.1843565024e+00\n  168    0 1.0000000000 -6.9953936893e+00 -7.1352024543e+00\n  169    0 1.0000000000 -6.9460930686e+00 -7.0871468292e+00\n  170    0 1.0000000000 -6.8970788150e+00 -7.0402380150e+00\n  171    0 1.0000000000 -6.8484074307e+00 -6.9945232451e+00\n  172    0 1.0000000000 -6.8001386658e+00 -6.9500485502e+00\n  173    0 1.0000000000 -6.7523358341e+00 -6.9068587127e+00\n  174    0 1.0000000000 -6.7050661510e+00 -6.8649972209e+00\n  175    0 1.0000000000 -6.6584010956e+00 -6.8245062260e+00\n  176    0 1.0000000000 -6.6124167905e+00 -6.7854264989e+00\n  177    0 1.0000000000 -6.5671943965e+00 -6.7477973895e+00\n  178    0 1.0000000000 -6.5228205127e+00 -6.7116567873e+00\n  179    0 1.0000000000 -6.4793875710e+00 -6.6770410827e+00\n  180    0 1.0000000000 -6.4369942095e+00 -6.6439851307e+00\n  181    0 1.0000000000 -6.3957456031e+00 -6.6125222160e+00\n  182    0 1.0000000000 -6.3557537231e+00 -6.5826840191e+00\n  183    0 1.0000000000 -6.3171374922e+00 -6.5545005844e+00\n  184    0 1.0000000000 -6.2800227900e+00 -6.5280002903e+00\n  185    0 1.0000000000 -6.2445422593e+00 -6.5032098203e+00\n  186    0 1.0000000000 -6.2108348543e+00 -6.4801541364e+00\n  187    0 1.0000000000 -6.1790450678e+00 -6.4588564537e+00\n  188    0 1.0000000000 -6.1493217740e+00 -6.4393382171e+00\n  189    0 1.0000000000 -6.1218166282e+00 -6.4216190798e+00\n  190    0 1.0000000000 -6.0966819831e+00 -6.4057168835e+00\n  191    0 1.0000000000 -6.0740683027e+00 -6.3916476404e+00\n  192    0 1.0000000000 -6.0541210988e+00 -6.3794255170e+00\n  193    0 1.0000000000 -6.0369774618e+00 -6.3690628199e+00\n  194    0 1.0000000000 -6.0227623188e+00 -6.3605699836e+00\n  195    0 1.0000000000 -6.0115846071e+00 -6.3539555595e+00\n  196    0 1.0000000000 -6.0035336049e+00 -6.3492262079e+00\n  197    0 1.0000000000 -5.9986756872e+00 -6.3463866907e+00\n  198    0 1.0000000000 -5.9970517723e+00 -6.3454398672e+00\n  199    0 1.0000000000 -6.0003011606e+00 -6.3473338579e+00\n  200    0 1.0000000000 -6.0101068048e+00 -6.3530180437e+00\n  201    0 1.0000000000 -6.0266355716e+00 -6.3624990476e+00\n  202    0 1.0000000000 -6.0501468916e+00 -6.3757878453e+00\n  203    0 1.0000000000 -6.0809646717e+00 -6.3928996712e+00\n  204    0 1.0000000000 -6.1194389126e+00 -6.4138538882e+00\n  205    0 1.0000000000 -6.1659000447e+00 -6.4386738208e+00\n  206    0 1.0000000000 -6.2206116426e+00 -6.4673865526e+00\n  207    0 1.0000000000 -6.2837292530e+00 -6.5000226895e+00\n  208    0 1.0000000000 -6.3552731123e+00 -6.5366160890e+00\n  209    0 1.0000000000 -6.4351198092e+00 -6.5772035578e+00\n  210    0 1.0000000000 -6.5230132192e+00 -6.6218245177e+00\n  211    0 1.0000000000 -6.6185903142e+00 -6.6705206431e+00\n  212    0 1.0000000000 -6.7214147089e+00 -6.7233354701e+00\n  213    0 1.0000000000 -6.8310107646e+00 -6.7803139796e+00\n  214    0 1.0000000000 -6.9468930365e+00 -6.8415021575e+00\n  215    0 1.0000000000 -7.0685884875e+00 -6.9069465313e+00\n  216    0 1.0000000000 -7.1956511247e+00 -6.9766936886e+00\n  217    0 1.0000000000 -7.3276700842e+00 -7.0507897767e+00\n  218    0 1.0000000000 -7.4642727404e+00 -7.1292799881e+00\n  219    0 1.0000000000 -7.6051244217e+00 -7.2122080318e+00\n  220    0 1.0000000000 -7.7499260485e+00 -7.2996155958e+00\n  221    0 1.0000000000 -7.8984106707e+00 -7.3915418007e+00\n  222    0 1.0000000000 -8.0503395654e+00 -7.4880226483e+00\n  223    0 1.0000000000 -8.2054983108e+00 -7.5890904680e+00\n  224    0 1.0000000000 -8.3636930738e+00 -7.6947733625e+00\n  225    0 1.0000000000 -8.5247472298e+00 -7.8050946567e+00\n  226    0 1.0000000000 -8.6884983594e+00 -7.9200723520e+00\n  227    0 1.0000000000 -8.8547956239e+00 -8.0397185882e+00\n  228    0 1.0000000000 -9.0234974956e+00 -8.1640391163e+00\n  229    0 1.0000000000 -9.1944698084e+00 -8.2930327841e+00\n  230    0 1.0000000000 -9.3675840938e+00 -8.4266910388e+00\n  231    0 1.0000000000 -9.5427161617e+00 -8.5649974459e+00\n  232    0 1.0000000000 -9.7197448953e+00 -8.7079272310e+00\n  233    0 1.0000000000 -9.8985512269e+00 -8.8554468432e+00\n  234    0 1.0000000000 -1.0079017270e+01 -9.0075135446e+00\n  235    0 1.0000000000 -1.0261025585e+01 -9.1640750273e+00\n  236    0 1.0000000000 -1.0444458556e+01 -9.3250690604e+00\n  237    0 1.0000000000 -1.0629197870e+01 -9.4904231678e+00\n  238    0 1.0000000000 -1.0815124075e+01 -9.6600543411e+00\n  239    0 1.0000000000 -1.1002116216e+01 -9.8338687864e+00\n  240    0 1.0000000000 -1.1190051529e+01 -1.0011761709e+01\n  241    0 1.0000000000 -1.1378805197e+01 -1.0193617135e+01\n  242    0 1.0000000000 -1.1568250151e+01 -1.0379307777e+01\n  243    0 1.0000000000 -1.1758256916e+01 -1.0568694933e+01\n  244    0 1.0000000000 -1.1948693496e+01 -1.0761628436e+01\n  245    0 1.0000000000 -1.2139425295e+01 -1.0957946637e+01\n  246    0 1.0000000000 -1.2330315071e+01 -1.1157476443e+01\n  247    0 1.0000000000 -1.2521222917e+01 -1.1360033387e+01\n  248    0 1.0000000000 -1.2712006272e+01 -1.1565421747e+01\n  249    0 1.0000000000 -1.2902519957e+01 -1.1773434717e+01\n  250    0 1.0000000000 -1.3092616233e+01 -1.1983854607e+01\n  251    0 1.0000000000 -1.3282144882e+01 -1.2196453098e+01\n  252    0 1.0000000000 -1.3470953307e+01 -1.2410991541e+01\n  253    0 1.0000000000 -1.3658886655e+01 -1.2627221295e+01\n  254    0 1.0000000000 -1.3845787958e+01 -1.2844884104e+01\n  255    0 1.0000000000 -1.4031498283e+01 -1.3063712528e+01\n  256    0 1.0000000000 -1.4215856913e+01 -1.3283430400e+01\n  257    0 1.0000000000 -1.4398701529e+01 -1.3503753333e+01\n  258    0 1.0000000000 -1.4579868417e+01 -1.3724389258e+01\n  259    0 1.0000000000 -1.4759192679e+01 -1.3945039005e+01\n  260    0 1.0000000000 -1.4936508467e+01 -1.4165396908e+01\n  261    0 1.0000000000 -1.5111649223e+01 -1.4385151454e+01\n  262    0 1.0000000000 -1.5284447926e+01 -1.4603985956e+01\n  263    0 1.0000000000 -1.5454737356e+01 -1.4821579256e+01\n  264    0 1.0000000000 -1.5622350367e+01 -1.5037606453e+01\n  265    0 1.0000000000 -1.5787120161e+01 -1.5251739659e+01\n  266    0 1.0000000000 -1.5948880575e+01 -1.5463648773e+01\n  267    0 1.0000000000 -1.6107466374e+01 -1.5673002271e+01\n  268    0 1.0000000000 -1.6262713547e+01 -1.5879468020e+01\n  269    0 1.0000000000 -1.6414459605e+01 -1.6082714097e+01\n  270    0 1.0000000000 -1.6562543891e+01 -1.6282409626e+01\n  271    0 1.0000000000 -1.6706807884e+01 -1.6478225620e+01\n  272    0 1.0000000000 -1.6847095504e+01 -1.6669835821e+01\n  273    0 1.0000000000 -1.6983253424e+01 -1.6856917556e+01\n  274    0 1.0000000000 -1.7115131373e+01 -1.7039152580e+01\n  275    0 1.0000000000 -1.7242582445e+01 -1.7216227920e+01\n  276    0 1.0000000000 -1.7365463396e+01 -1.7387836714e+01\n  277    0 1.0000000000 -1.7483634949e+01 -1.7553679032e+01\n  278    0 1.0000000000 -1.7596962080e+01 -1.7713462696e+01\n  279    0 1.0000000000 -1.7705314309e+01 -1.7866904076e+01\n  280    0 1.0000000000 -1.7808565980e+01 -1.8013728868e+01\n  281    0 1.0000000000 -1.7906596534e+01 -1.8153672855e+01\n  282    0 1.0000000000 -1.7999290770e+01 -1.8286482641e+01\n  283    0 1.0000000000 -1.8086539100e+01 -1.8411916359e+01\n  284    0 1.0000000000 -1.8168237794e+01 -1.8529744349e+01\n  285    0 1.0000000000 -1.8244289208e+01 -1.8639749808e+01\n  286    0 1.0000000000 -1.8314602008e+01 -1.8741729400e+01\n  287    0 1.0000000000 -1.8379091373e+01 -1.8835493837e+01\n  288    0 1.0000000000 -1.8437679187e+01 -1.8920868416e+01\n  289    0 1.0000000000 -1.8490294222e+01 -1.8997693518e+01\n  290    0 1.0000000000 -1.8536872298e+01 -1.9065825069e+01\n  291    0 1.0000000000 -1.8577356428e+01 -1.9125134948e+01\n  292    0 1.0000000000 -1.8611696958e+01 -1.9175511360e+01\n  293    0 1.0000000000 -1.8639851671e+01 -1.9216859157e+01\n  294    0 1.0000000000 -1.8661785893e+01 -1.9249100112e+01\n  295    0 1.0000000000 -1.8677472573e+01 -1.9272173146e+01\n  296    0 1.0000000000 -1.8686892341e+01 -1.9286034503e+01\n  297    0 1.0000000000 -1.8690033558e+01 -1.9290657881e+01\n