SINGLE-ORBITAL NN+NNN EFFECTIVE MODEL FIT

m=3
eon=0.0
t0=1.0
l_decay=0.5
dl=0.1
pairing=./m=3/pairing.txt
microscopic_orbitals=20

E_eff(k) = eps0 + 2*t1[cos(k.u1)+cos(k.u2)] + 4*t2*cos(k.u1)*cos(k.u2)

eps0     = -1.40858344082844e+01
t1       = -1.19277262581694e+00
t2       = -1.47870143416216e-01

RMSE=6.25747579559160e-01
MAE=5.31769036024076e-01
max_abs_error=1.32210853354643e+00
optimizer_success=True
optimizer_message=Linear least-squares solution
minimum_tracking_continuity=1.0000000000
mean_tracking_continuity=1.0000000000

# k_index idx continuity target fit\n    0    0 1.0000000000 -1.8894278082e+01 -1.9448405485e+01\n    1    0 1.0000000000 -1.8893430891e+01 -1.9446906679e+01\n    2    0 1.0000000000 -1.8890889618e+01 -1.9442411769e+01\n    3    0 1.0000000000 -1.8886655164e+01 -1.9434925282e+01\n    4    0 1.0000000000 -1.8880729032e+01 -1.9424454755e+01\n    5    0 1.0000000000 -1.8873113323e+01 -1.9411010732e+01\n    6    0 1.0000000000 -1.8863810736e+01 -1.9394606750e+01\n    7    0 1.0000000000 -1.8852824566e+01 -1.9375259326e+01\n    8    0 1.0000000000 -1.8840158702e+01 -1.9352987942e+01\n    9    0 1.0000000000 -1.8825817624e+01 -1.9327815022e+01\n   10    0 1.0000000000 -1.8809806398e+01 -1.9299765913e+01\n   11    0 1.0000000000 -1.8792130675e+01 -1.9268868860e+01\n   12    0 1.0000000000 -1.8772796688e+01 -1.9235154972e+01\n   13    0 1.0000000000 -1.8751811241e+01 -1.9198658196e+01\n   14    0 1.0000000000 -1.8729181714e+01 -1.9159415283e+01\n   15    0 1.0000000000 -1.8704916049e+01 -1.9117465745e+01\n   16    0 1.0000000000 -1.8679022750e+01 -1.9072851823e+01\n   17    0 1.0000000000 -1.8651510873e+01 -1.9025618439e+01\n   18    0 1.0000000000 -1.8622390025e+01 -1.8975813153e+01\n   19    0 1.0000000000 -1.8591670350e+01 -1.8923486115e+01\n   20    0 1.0000000000 -1.8559362530e+01 -1.8868690013e+01\n   21    0 1.0000000000 -1.8525477770e+01 -1.8811480023e+01\n   22    0 1.0000000000 -1.8490027796e+01 -1.8751913750e+01\n   23    0 1.0000000000 -1.8453024844e+01 -1.8690051173e+01\n   24    0 1.0000000000 -1.8414481652e+01 -1.8625954582e+01\n   25    0 1.0000000000 -1.8374411452e+01 -1.8559688516e+01\n   26    0 1.0000000000 -1.8332827959e+01 -1.8491319701e+01\n   27    0 1.0000000000 -1.8289745364e+01 -1.8420916977e+01\n   28    0 1.0000000000 -1.8245178323e+01 -1.8348551234e+01\n   29    0 1.0000000000 -1.8199141948e+01 -1.8274295339e+01\n   30    0 1.0000000000 -1.8151651796e+01 -1.8198224060e+01\n   31    0 1.0000000000 -1.8102723857e+01 -1.8120413995e+01\n   32    0 1.0000000000 -1.8052374548e+01 -1.8040943493e+01\n   33    0 1.0000000000 -1.8000620698e+01 -1.7959892573e+01\n   34    0 1.0000000000 -1.7947479535e+01 -1.7877342846e+01\n   35    0 1.0000000000 -1.7892968682e+01 -1.7793377434e+01\n   36    0 1.0000000000 -1.7837106138e+01 -1.7708080882e+01\n   37    0 1.0000000000 -1.7779910270e+01 -1.7621539077e+01\n   38    0 1.0000000000 -1.7721399800e+01 -1.7533839158e+01\n   39    0 1.0000000000 -1.7661593793e+01 -1.7445069433e+01\n   40    0 1.0000000000 -1.7600511646e+01 -1.7355319285e+01\n   41    0 1.0000000000 -1.7538173073e+01 -1.7264679085e+01\n   42    0 1.0000000000 -1.7474598094e+01 -1.7173240099e+01\n   43    0 1.0000000000 -1.7409807024e+01 -1.7081094400e+01\n   44    0 1.0000000000 -1.7343820457e+01 -1.6988334769e+01\n   45    0 1.0000000000 -1.7276659255e+01 -1.6895054609e+01\n   46    0 1.0000000000 -1.7208344534e+01 -1.6801347843e+01\n   47    0 1.0000000000 -1.7138897654e+01 -1.6707308828e+01\n   48    0 1.0000000000 -1.7068340203e+01 -1.6613032252e+01\n   49    0 1.0000000000 -1.6996693984e+01 -1.6518613044e+01\n   50    0 1.0000000000 -1.6923981004e+01 -1.6424146276e+01\n   51    0 1.0000000000 -1.6850223459e+01 -1.6329727068e+01\n   52    0 1.0000000000 -1.6775443723e+01 -1.6235450492e+01\n   53    0 1.0000000000 -1.6699664333e+01 -1.6141411476e+01\n   54    0 1.0000000000 -1.6622907975e+01 -1.6047704711e+01\n   55    0 1.0000000000 -1.6545197476e+01 -1.5954424550e+01\n   56    0 1.0000000000 -1.6466555786e+01 -1.5861664920e+01\n   57    0 1.0000000000 -1.6387005966e+01 -1.5769519220e+01\n   58    0 1.0000000000 -1.6306571179e+01 -1.5678080235e+01\n   59    0 1.0000000000 -1.6225274672e+01 -1.5587440035e+01\n   60    0 1.0000000000 -1.6143139767e+01 -1.5497689886e+01\n   61    0 1.0000000000 -1.6060189849e+01 -1.5408920162e+01\n   62    0 1.0000000000 -1.5976448351e+01 -1.5321220243e+01\n   63    0 1.0000000000 -1.5891938742e+01 -1.5234678438e+01\n   64    0 1.0000000000 -1.5806684518e+01 -1.5149381886e+01\n   65    0 1.0000000000 -1.5720709188e+01 -1.5065416474e+01\n   66    0 1.0000000000 -1.5634036261e+01 -1.4982866747e+01\n   67    0 1.0000000000 -1.5546689238e+01 -1.4901815827e+01\n   68    0 1.0000000000 -1.5458691598e+01 -1.4822345325e+01\n   69    0 1.0000000000 -1.5370066788e+01 -1.4744535260e+01\n   70    0 1.0000000000 -1.5280838210e+01 -1.4668463981e+01\n   71    0 1.0000000000 -1.5191029216e+01 -1.4594208086e+01\n   72    0 1.0000000000 -1.5100663090e+01 -1.4521842343e+01\n   73    0 1.0000000000 -1.5009763043e+01 -1.4451439619e+01\n   74    0 1.0000000000 -1.4918352204e+01 -1.4383070803e+01\n   75    0 1.0000000000 -1.4826453605e+01 -1.4316804738e+01\n   76    0 1.0000000000 -1.4734090178e+01 -1.4252708147e+01\n   77    0 1.0000000000 -1.4641284740e+01 -1.4190845569e+01\n   78    0 1.0000000000 -1.4548059992e+01 -1.4131279297e+01\n   79    0 1.0000000000 -1.4454438503e+01 -1.4074069307e+01\n   80    0 1.0000000000 -1.4360442708e+01 -1.4019273205e+01\n   81    0 1.0000000000 -1.4266094899e+01 -1.3966946167e+01\n   82    0 1.0000000000 -1.4171417219e+01 -1.3917140881e+01\n   83    0 1.0000000000 -1.4076431656e+01 -1.3869907497e+01\n   84    0 1.0000000000 -1.3981160039e+01 -1.3825293575e+01\n   85    0 1.0000000000 -1.3885624036e+01 -1.3783344037e+01\n   86    0 1.0000000000 -1.3789845151e+01 -1.3744101123e+01\n   87    0 1.0000000000 -1.3693844731e+01 -1.3707604348e+01\n   88    0 1.0000000000 -1.3597643969e+01 -1.3673890460e+01\n   89    0 1.0000000000 -1.3501263923e+01 -1.3642993407e+01\n   90    0 1.0000000000 -1.3404725549e+01 -1.3614944298e+01\n   91    0 1.0000000000 -1.3308049757e+01 -1.3589771378e+01\n   92    0 1.0000000000 -1.3211257524e+01 -1.3567499994e+01\n   93    0 1.0000000000 -1.3114370135e+01 -1.3548152570e+01\n   94    0 1.0000000000 -1.3017409690e+01 -1.3531748587e+01\n   95    0 1.0000000000 -1.2920400415e+01 -1.3518304565e+01\n   96    0 1.0000000000 -1.2823372559e+01 -1.3507834038e+01\n   97    0 1.0000000000 -1.2726377986e+01 -1.3500347551e+01\n   98    0 1.0000000000 -1.2629598523e+01 -1.3495852641e+01\n   99    0 1.0000000000 -1.2543157441e+01 -1.3494353835e+01\n  100    0 1.0000000000 -1.2542671577e+01 -1.3493450599e+01\n  101    0 1.0000000000 -1.2541214135e+01 -1.3490741802e+01\n  102    0 1.0000000000 -1.2538785573e+01 -1.3486230171e+01\n  103    0 1.0000000000 -1.2535386651e+01 -1.3479920248e+01\n  104    0 1.0000000000 -1.2531018432e+01 -1.3471818388e+01\n  105    0 1.0000000000 -1.2525682283e+01 -1.3461932749e+01\n  106    0 1.0000000000 -1.2519379875e+01 -1.3450273283e+01\n  107    0 1.0000000000 -1.2512113177e+01 -1.3436851732e+01\n  108    0 1.0000000000 -1.2503884463e+01 -1.3421681609e+01\n  109    0 1.0000000000 -1.2494696303e+01 -1.3404778191e+01\n  110    0 1.0000000000 -1.2484551566e+01 -1.3386158496e+01\n  111    0 1.0000000000 -1.2473453421e+01 -1.3365841273e+01\n  112    0 1.0000000000 -1.2461405328e+01 -1.3343846981e+01\n  113    0 1.0000000000 -1.2448411045e+01 -1.3320197766e+01\n  114    0 1.0000000000 -1.2434474620e+01 -1.3294917440e+01\n  115    0 1.0000000000 -1.2419600392e+01 -1.3268031458e+01\n  116    0 1.0000000000 -1.2403792988e+01 -1.3239566893e+01\n  117    0 1.0000000000 -1.2387057323e+01 -1.3209552405e+01\n  118    0 1.0000000000 -1.2369398593e+01 -1.3178018217e+01\n  119    0 1.0000000000 -1.2350822280e+01 -1.3144996082e+01\n  120    0 1.0000000000 -1.2331334142e+01 -1.3110519249e+01\n  121    0 1.0000000000 -1.2310940218e+01 -1.3074622434e+01\n  122    0 1.0000000000 -1.2289646817e+01 -1.3037341782e+01\n  123    0 1.0000000000 -1.2267460525e+01 -1.2998714831e+01\n  124    0 1.0000000000 -1.2244388195e+01 -1.2958780475e+01\n  125    0 1.0000000000 -1.2220436948e+01 -1.2917578926e+01\n  126    0 1.0000000000 -1.2195614168e+01 -1.2875151668e+01\n  127    0 1.0000000000 -1.2169927504e+01 -1.2831541424e+01\n  128    0 1.0000000000 -1.2143384860e+01 -1.2786792105e+01\n  129    0 1.0000000000 -1.2115994401e+01 -1.2740948769e+01\n  130    0 1.0000000000 -1.2087764543e+01 -1.2694057578e+01\n  131    0 1.0000000000 -1.2058703955e+01 -1.2646165745e+01\n  132    0 1.0000000000 -1.2028821553e+01 -1.2597321496e+01\n  133    0 1.0000000000 -1.1998126504e+01 -1.2547574010e+01\n  134    0 1.0000000000 -1.1966628215e+01 -1.2496973381e+01\n  135    0 1.0000000000 -1.1934336340e+01 -1.2445570558e+01\n  136    0 1.0000000000 -1.1901260770e+01 -1.2393417300e+01\n  137    0 1.0000000000 -1.1867411638e+01 -1.2340566121e+01\n  138    0 1.0000000000 -1.1832799314e+01 -1.2287070237e+01\n  139    0 1.0000000000 -1.1797434406e+01 -1.2232983514e+01\n  140    0 1.0000000000 -1.1761327756e+01 -1.2178360413e+01\n  141    0 1.0000000000 -1.1724490446e+01 -1.2123255935e+01\n  142    0 1.0000000000 -1.1686933790e+01 -1.2067725566e+01\n  143    0 1.0000000000 -1.1648669344e+01 -1.2011825219e+01\n  144    0 1.0000000000 -1.1609708899e+01 -1.1955611181e+01\n  145    0 1.0000000000 -1.1570064490e+01 -1.1899140056e+01\n  146    0 1.0000000000 -1.1529748393e+01 -1.1842468705e+01\n  147    0 1.0000000000 -1.1488773135e+01 -1.1785654191e+01\n  148    0 1.0000000000 -1.1447151495e+01 -1.1728753722e+01\n  149    0 1.0000000000 -1.1404896511e+01 -1.1671824591e+01\n  150    0 1.0000000000 -1.1362021488e+01 -1.1614924122e+01\n  151    0 1.0000000000 -1.1318540009e+01 -1.1558109608e+01\n  152    0 1.0000000000 -1.1274465944e+01 -1.1501438257e+01\n  153    0 1.0000000000 -1.1229813463e+01 -1.1444967132e+01\n  154    0 1.0000000000 -1.1184597055e+01 -1.1388753095e+01\n  155    0 1.0000000000 -1.1138831542e+01 -1.1332852748e+01\n  156    0 1.0000000000 -1.1092532105e+01 -1.1277322378e+01\n  157    0 1.0000000000 -1.1045714310e+01 -1.1222217900e+01\n  158    0 1.0000000000 -1.0998394132e+01 -1.1167594799e+01\n  159    0 1.0000000000 -1.0950587998e+01 -1.1113508076e+01\n  160    0 1.0000000000 -1.0902312825e+01 -1.1060012192e+01\n  161    0 1.0000000000 -1.0853586067e+01 -1.1007161013e+01\n  162    0 1.0000000000 -1.0804425773e+01 -1.0955007755e+01\n  163    0 1.0000000000 -1.0754850655e+01 -1.0903604932e+01\n  164    0 1.0000000000 -1.0704880163e+01 -1.0853004303e+01\n  165    0 1.0000000000 -1.0654534578e+01 -1.0803256818e+01\n  166    0 1.0000000000 -1.0603835121e+01 -1.0754412568e+01\n  167    0 1.0000000000 -1.0552804079e+01 -1.0706520736e+01\n  168    0 1.0000000000 -1.0501464957e+01 -1.0659629544e+01\n  169    0 1.0000000000 -1.0449842658e+01 -1.0613786208e+01\n  170    0 1.0000000000 -1.0397963696e+01 -1.0569036889e+01\n  171    0 1.0000000000 -1.0345856453e+01 -1.0525426645e+01\n  172    0 1.0000000000 -1.0293551482e+01 -1.0482999388e+01\n  173    0 1.0000000000 -1.0241081882e+01 -1.0441797838e+01\n  174    0 1.0000000000 -1.0188483742e+01 -1.0401863483e+01\n  175    0 1.0000000000 -1.0135796682e+01 -1.0363236532e+01\n  176    0 1.0000000000 -1.0083064519e+01 -1.0325955879e+01\n  177    0 1.0000000000 -1.0030336071e+01 -1.0290059064e+01\n  178    0 1.0000000000 -9.9776661581e+00 -1.0255582231e+01\n  179    0 1.0000000000 -9.9251168308e+00 -1.0222560096e+01\n  180    0 1.0000000000 -9.8727588938e+00 -1.0191025908e+01\n  181    0 1.0000000000 -9.8206738037e+00 -1.0161011421e+01\n  182    0 1.0000000000 -9.7689560343e+00 -1.0132546855e+01\n  183    0 1.0000000000 -9.7177160323e+00 -1.0105660874e+01\n  184    0 1.0000000000 -9.6670839103e+00 -1.0080380548e+01\n  185    0 1.0000000000 -9.6172140500e+00 -1.0056731332e+01\n  186    0 1.0000000000 -9.5682908067e+00 -1.0034737040e+01\n  187    0 1.0000000000 -9.5205354983e+00 -1.0014419818e+01\n  188    0 1.0000000000 -9.4742147986e+00 -9.9958001228e+00\n  189    0 1.0000000000 -9.4296504788e+00 -9.9788967039e+00\n  190    0 1.0000000000 -9.3872300596e+00 -9.9637265814e+00\n  191    0 1.0000000000 -9.3474172093e+00 -9.9503050302e+00\n  192    0 1.0000000000 -9.3107594989e+00 -9.9386455646e+00\n  193    0 1.0000000000 -9.2778893296e+00 -9.9287599248e+00\n  194    0 1.0000000000 -9.2495117688e+00 -9.9206580648e+00\n  195    0 1.0000000000 -9.2263717544e+00 -9.9143481425e+00\n  196    0 1.0000000000 -9.2091948875e+00 -9.9098365113e+00\n  197    0 1.0000000000 -9.1986034469e+00 -9.9071277142e+00\n  198    0 1.0000000000 -9.1950224538e+00 -9.9062244787e+00\n  199    0 1.0000000000 -9.2054189319e+00 -9.9080310997e+00\n  200    0 1.0000000000 -9.2457110639e+00 -9.9134509415e+00\n  201    0 1.0000000000 -9.3098101600e+00 -9.9224839336e+00\n  202    0 1.0000000000 -9.3908093880e+00 -9.9351299345e+00\n  203    0 1.0000000000 -9.4838668460e+00 -9.9513886957e+00\n  204    0 1.0000000000 -9.5855859279e+00 -9.9712598115e+00\n  205    0 1.0000000000 -9.6936543617e+00 -9.9947426557e+00\n  206    0 1.0000000000 -9.8065055946e+00 -1.0021836304e+01\n  207    0 1.0000000000 -9.9230653120e+00 -1.0052539442e+01\n  208    0 1.0000000000 -1.0042581354e+01 -1.0086850265e+01\n  209    0 1.0000000000 -1.0164514036e+01 -1.0124766359e+01\n  210    0 1.0000000000 -1.0288465935e+01 -1.0166284578e+01\n  211    0 1.0000000000 -1.0414136575e+01 -1.0211400902e+01\n  212    0 1.0000000000 -1.0541292756e+01 -1.0260110290e+01\n  213    0 1.0000000000 -1.0669748767e+01 -1.0312406524e+01\n  214    0 1.0000000000 -1.0799352946e+01 -1.0368282042e+01\n  215    0 1.0000000000 -1.0929978390e+01 -1.0427727763e+01\n  216    0 1.0000000000 -1.1061516410e+01 -1.0490732909e+01\n  217    0 1.0000000000 -1.1193871848e+01 -1.0557284813e+01\n  218    0 1.0000000000 -1.1326959676e+01 -1.0627368734e+01\n  219    0 1.0000000000 -1.1460702487e+01 -1.0700967655e+01\n  220    0 1.0000000000 -1.1595028619e+01 -1.0778062089e+01\n  221    0 1.0000000000 -1.1729870744e+01 -1.0858629878e+01\n  222    0 1.0000000000 -1.1865164780e+01 -1.0942645988e+01\n  223    0 1.0000000000 -1.2000849057e+01 -1.1030082315e+01\n  224    0 1.0000000000 -1.2136863669e+01 -1.1120907480e+01\n  225    0 1.0000000000 -1.2273149959e+01 -1.1215086635e+01\n  226    0 1.0000000000 -1.2409650123e+01 -1.1312581271e+01\n  227    0 1.0000000000 -1.2546306883e+01 -1.1413349026e+01\n  228    0 1.0000000000 -1.2683063236e+01 -1.1517343509e+01\n  229    0 1.0000000000 -1.2819862251e+01 -1.1624514121e+01\n  230    0 1.0000000000 -1.2956646909e+01 -1.1734805886e+01\n  231    0 1.0000000000 -1.3093359969e+01 -1.1848159300e+01\n  232    0 1.0000000000 -1.3229943871e+01 -1.1964510177e+01\n  233    0 1.0000000000 -1.3366340657e+01 -1.2083789514e+01\n  234    0 1.0000000000 -1.3502491907e+01 -1.2205923370e+01\n  235    0 1.0000000000 -1.3638338697e+01 -1.2330832750e+01\n  236    0 1.0000000000 -1.3773821566e+01 -1.2458433510e+01\n  237    0 1.0000000000 -1.3908880495e+01 -1.2588636274e+01\n  238    0 1.0000000000 -1.4043454897e+01 -1.2721346364e+01\n  239    0 1.0000000000 -1.4177483617e+01 -1.2856463753e+01\n  240    0 1.0000000000 -1.4310904930e+01 -1.2993883026e+01\n  241    0 1.0000000000 -1.4443656564e+01 -1.3133493368e+01\n  242    0 1.0000000000 -1.4575675707e+01 -1.3275178559e+01\n  243    0 1.0000000000 -1.4706899040e+01 -1.3418816995e+01\n  244    0 1.0000000000 -1.4837262756e+01 -1.3564281727e+01\n  245    0 1.0000000000 -1.4966702603e+01 -1.3711440518e+01\n  246    0 1.0000000000 -1.5095153912e+01 -1.3860155916e+01\n  247    0 1.0000000000 -1.5222551643e+01 -1.4010285352e+01\n  248    0 1.0000000000 -1.5348830428e+01 -1.4161681250e+01\n  249    0 1.0000000000 -1.5473924618e+01 -1.4314191170e+01\n  250    0 1.0000000000 -1.5597768336e+01 -1.4467657951e+01\n  251    0 1.0000000000 -1.5720295526e+01 -1.4621919893e+01\n  252    0 1.0000000000 -1.5841440013e+01 -1.4776810941e+01\n  253    0 1.0000000000 -1.5961135560e+01 -1.4932160901e+01\n  254    0 1.0000000000 -1.6079315931e+01 -1.5087795666e+01\n  255    0 1.0000000000 -1.6195914947e+01 -1.5243537463e+01\n  256    0 1.0000000000 -1.6310866562e+01 -1.5399205116e+01\n  257    0 1.0000000000 -1.6424104918e+01 -1.5554614330e+01\n  258    0 1.0000000000 -1.6535564421e+01 -1.5709577981e+01\n  259    0 1.0000000000 -1.6645179807e+01 -1.5863906436e+01\n  260    0 1.0000000000 -1.6752886214e+01 -1.6017407871e+01\n  261    0 1.0000000000 -1.6858619254e+01 -1.6169888617e+01\n  262    0 1.0000000000 -1.6962315084e+01 -1.6321153511e+01\n  263    0 1.0000000000 -1.7063910482e+01 -1.6471006256e+01\n  264    0 1.0000000000 -1.7163342921e+01 -1.6619249803e+01\n  265    0 1.0000000000 -1.7260550641e+01 -1.6765686729e+01\n  266    0 1.0000000000 -1.7355472726e+01 -1.6910119633e+01\n  267    0 1.0000000000 -1.7448049180e+01 -1.7052351534e+01\n  268    0 1.0000000000 -1.7538221000e+01 -1.7192186280e+01\n  269    0 1.0000000000 -1.7625930250e+01 -1.7329428954e+01\n  270    0 1.0000000000 -1.7711120138e+01 -1.7463886293e+01\n  271    0 1.0000000000 -1.7793735089e+01 -1.7595367100e+01\n  272    0 1.0000000000 -1.7873720815e+01 -1.7723682665e+01\n  273    0 1.0000000000 -1.7951024391e+01 -1.7848647181e+01\n  274    0 1.0000000000 -1.8025594325e+01 -1.7970078154e+01\n  275    0 1.0000000000 -1.8097380624e+01 -1.8087796825e+01\n  276    0 1.0000000000 -1.8166334868e+01 -1.8201628566e+01\n  277    0 1.0000000000 -1.8232410275e+01 -1.8311403290e+01\n  278    0 1.0000000000 -1.8295561762e+01 -1.8416955844e+01\n  279    0 1.0000000000 -1.8355746014e+01 -1.8518126392e+01\n  280    0 1.0000000000 -1.8412921543e+01 -1.8614760793e+01\n  281    0 1.0000000000 -1.8467048744e+01 -1.8706710970e+01\n  282    0 1.0000000000 -1.8518089957e+01 -1.8793835260e+01\n  283    0 1.0000000000 -1.8566009517e+01 -1.8875998754e+01\n  284    0 1.0000000000 -1.8610773807e+01 -1.8953073624e+01\n  285    0 1.0000000000 -1.8652351309e+01 -1.9024939436e+01\n  286    0 1.0000000000 -1.8690712645e+01 -1.9091483437e+01\n  287    0 1.0000000000 -1.8725830627e+01 -1.9152600839e+01\n  288    0 1.0000000000 -1.8757680292e+01 -1.9208195071e+01\n  289    0 1.0000000000 -1.8786238939e+01 -1.9258178017e+01\n  290    0 1.0000000000 -1.8811486166e+01 -1.9302470241e+01\n  291    0 1.0000000000 -1.8833403898e+01 -1.9341001176e+01\n  292    0 1.0000000000 -1.8851976416e+01 -1.9373709304e+01\n  293    0 1.0000000000 -1.8867190378e+01 -1.9400542309e+01\n  294    0 1.0000000000 -1.8879034839e+01 -1.9421457206e+01\n  295    0 1.0000000000 -1.8887501271e+01 -1.9436420450e+01\n  296    0 1.0000000000 -1.8892583574e+01 -1.9445408022e+01\n  297    0 1.0000000000 -1.8894278082e+01 -1.9448405485e+01\n