SINGLE-ORBITAL NN+NNN EFFECTIVE MODEL FIT

m=5
eon=0.0
t0=1.0
l_decay=0.5
dl=0.1
pairing=./m=5/pairing.txt
microscopic_orbitals=52

E_eff(k) = eps0 + 2*t1[cos(k.u1)+cos(k.u2)] + 4*t2*cos(k.u1)*cos(k.u2)

eps0     = -1.65709998317551e+01
t1       = -5.97598446874351e-01
t2       = -3.21888520331477e-02

RMSE=3.69418363969243e-01
MAE=3.03135356006788e-01
max_abs_error=8.01312209197064e-01
optimizer_success=True
optimizer_message=Linear least-squares solution
minimum_tracking_continuity=1.0000000000
mean_tracking_continuity=1.0000000000

# k_index idx continuity target fit\n    0    0 1.0000000000 -1.8797558100e+01 -1.9090149027e+01\n    1    0 1.0000000000 -1.8797226200e+01 -1.9089482474e+01\n    2    0 1.0000000000 -1.8796230547e+01 -1.9087483483e+01\n    3    0 1.0000000000 -1.8794571288e+01 -1.9084154069e+01\n    4    0 1.0000000000 -1.8792248668e+01 -1.9079497583e+01\n    5    0 1.0000000000 -1.8789263027e+01 -1.9073518715e+01\n    6    0 1.0000000000 -1.8785614803e+01 -1.9066223485e+01\n    7    0 1.0000000000 -1.8781304534e+01 -1.9057619237e+01\n    8    0 1.0000000000 -1.8776332850e+01 -1.9047714637e+01\n    9    0 1.0000000000 -1.8770700483e+01 -1.9036519657e+01\n   10    0 1.0000000000 -1.8764408259e+01 -1.9024045569e+01\n   11    0 1.0000000000 -1.8757457098e+01 -1.9010304934e+01\n   12    0 1.0000000000 -1.8749848021e+01 -1.8995311587e+01\n   13    0 1.0000000000 -1.8741582142e+01 -1.8979080626e+01\n   14    0 1.0000000000 -1.8732660668e+01 -1.8961628394e+01\n   15    0 1.0000000000 -1.8723084906e+01 -1.8942972464e+01\n   16    0 1.0000000000 -1.8712856253e+01 -1.8923131620e+01\n   17    0 1.0000000000 -1.8701976203e+01 -1.8902125840e+01\n   18    0 1.0000000000 -1.8690446341e+01 -1.8879976277e+01\n   19    0 1.0000000000 -1.8678268347e+01 -1.8856705231e+01\n   20    0 1.0000000000 -1.8665443993e+01 -1.8832336137e+01\n   21    0 1.0000000000 -1.8651975142e+01 -1.8806893530e+01\n   22    0 1.0000000000 -1.8637863750e+01 -1.8780403029e+01\n   23    0 1.0000000000 -1.8623111862e+01 -1.8752891309e+01\n   24    0 1.0000000000 -1.8607721613e+01 -1.8724386071e+01\n   25    0 1.0000000000 -1.8591695230e+01 -1.8694916018e+01\n   26    0 1.0000000000 -1.8575035025e+01 -1.8664510823e+01\n   27    0 1.0000000000 -1.8557743401e+01 -1.8633201102e+01\n   28    0 1.0000000000 -1.8539822845e+01 -1.8601018381e+01\n   29    0 1.0000000000 -1.8521275934e+01 -1.8567995065e+01\n   30    0 1.0000000000 -1.8502105326e+01 -1.8534164406e+01\n   31    0 1.0000000000 -1.8482313769e+01 -1.8499560469e+01\n   32    0 1.0000000000 -1.8461904090e+01 -1.8464218097e+01\n   33    0 1.0000000000 -1.8440879201e+01 -1.8428172876e+01\n   34    0 1.0000000000 -1.8419242097e+01 -1.8391461102e+01\n   35    0 1.0000000000 -1.8396995853e+01 -1.8354119739e+01\n   36    0 1.0000000000 -1.8374143623e+01 -1.8316186388e+01\n   37    0 1.0000000000 -1.8350688642e+01 -1.8277699244e+01\n   38    0 1.0000000000 -1.8326634223e+01 -1.8238697060e+01\n   39    0 1.0000000000 -1.8301983754e+01 -1.8199219108e+01\n   40    0 1.0000000000 -1.8276740702e+01 -1.8159305140e+01\n   41    0 1.0000000000 -1.8250908606e+01 -1.8118995345e+01\n   42    0 1.0000000000 -1.8224491081e+01 -1.8078330311e+01\n   43    0 1.0000000000 -1.8197491816e+01 -1.8037350985e+01\n   44    0 1.0000000000 -1.8169914567e+01 -1.7996098630e+01\n   45    0 1.0000000000 -1.8141763166e+01 -1.7954614783e+01\n   46    0 1.0000000000 -1.8113041511e+01 -1.7912941215e+01\n   47    0 1.0000000000 -1.8083753568e+01 -1.7871119888e+01\n   48    0 1.0000000000 -1.8053903374e+01 -1.7829192912e+01\n   49    0 1.0000000000 -1.8023495026e+01 -1.7787202505e+01\n   50    0 1.0000000000 -1.7992532691e+01 -1.7745190946e+01\n   51    0 1.0000000000 -1.7961020596e+01 -1.7703200539e+01\n   52    0 1.0000000000 -1.7928963032e+01 -1.7661273563e+01\n   53    0 1.0000000000 -1.7896364350e+01 -1.7619452236e+01\n   54    0 1.0000000000 -1.7863228960e+01 -1.7577778668e+01\n   55    0 1.0000000000 -1.7829561333e+01 -1.7536294821e+01\n   56    0 1.0000000000 -1.7795365994e+01 -1.7495042466e+01\n   57    0 1.0000000000 -1.7760647526e+01 -1.7454063140e+01\n   58    0 1.0000000000 -1.7725410566e+01 -1.7413398106e+01\n   59    0 1.0000000000 -1.7689659803e+01 -1.7373088311e+01\n   60    0 1.0000000000 -1.7653399979e+01 -1.7333174343e+01\n   61    0 1.0000000000 -1.7616635887e+01 -1.7293696391e+01\n   62    0 1.0000000000 -1.7579372369e+01 -1.7254694207e+01\n   63    0 1.0000000000 -1.7541614313e+01 -1.7216207063e+01\n   64    0 1.0000000000 -1.7503366657e+01 -1.7178273712e+01\n   65    0 1.0000000000 -1.7464634381e+01 -1.7140932349e+01\n   66    0 1.0000000000 -1.7425422510e+01 -1.7104220575e+01\n   67    0 1.0000000000 -1.7385736113e+01 -1.7068175354e+01\n   68    0 1.0000000000 -1.7345580299e+01 -1.7032832982e+01\n   69    0 1.0000000000 -1.7304960215e+01 -1.6998229045e+01\n   70    0 1.0000000000 -1.7263881049e+01 -1.6964398386e+01\n   71    0 1.0000000000 -1.7222348026e+01 -1.6931375070e+01\n   72    0 1.0000000000 -1.7180366406e+01 -1.6899192349e+01\n   73    0 1.0000000000 -1.7137941483e+01 -1.6867882628e+01\n   74    0 1.0000000000 -1.7095078585e+01 -1.6837477433e+01\n   75    0 1.0000000000 -1.7051783071e+01 -1.6808007380e+01\n   76    0 1.0000000000 -1.7008060331e+01 -1.6779502142e+01\n   77    0 1.0000000000 -1.6963915784e+01 -1.6751990422e+01\n   78    0 1.0000000000 -1.6919354876e+01 -1.6725499921e+01\n   79    0 1.0000000000 -1.6874383082e+01 -1.6700057314e+01\n   80    0 1.0000000000 -1.6829005897e+01 -1.6675688220e+01\n   81    0 1.0000000000 -1.6783228846e+01 -1.6652417174e+01\n   82    0 1.0000000000 -1.6737057471e+01 -1.6630267611e+01\n   83    0 1.0000000000 -1.6690497340e+01 -1.6609261831e+01\n   84    0 1.0000000000 -1.6643554037e+01 -1.6589420987e+01\n   85    0 1.0000000000 -1.6596233166e+01 -1.6570765057e+01\n   86    0 1.0000000000 -1.6548540351e+01 -1.6553312825e+01\n   87    0 1.0000000000 -1.6500481228e+01 -1.6537081864e+01\n   88    0 1.0000000000 -1.6452061450e+01 -1.6522088517e+01\n   89    0 1.0000000000 -1.6403286685e+01 -1.6508347882e+01\n   90    0 1.0000000000 -1.6354162611e+01 -1.6495873794e+01\n   91    0 1.0000000000 -1.6304694919e+01 -1.6484678814e+01\n   92    0 1.0000000000 -1.6254889310e+01 -1.6474774214e+01\n   93    0 1.0000000000 -1.6204751496e+01 -1.6466169966e+01\n   94    0 1.0000000000 -1.6154287193e+01 -1.6458874736e+01\n   95    0 1.0000000000 -1.6103502130e+01 -1.6452895868e+01\n   96    0 1.0000000000 -1.6052402043e+01 -1.6448239382e+01\n   97    0 1.0000000000 -1.6000992685e+01 -1.6444909968e+01\n   98    0 1.0000000000 -1.5949279887e+01 -1.6442910977e+01\n   99    0 1.0000000000 -1.5897289404e+01 -1.6442244424e+01\n  100    0 1.0000000000 -1.5897024048e+01 -1.6441707516e+01\n  101    0 1.0000000000 -1.5896231674e+01 -1.6440097332e+01\n  102    0 1.0000000000 -1.5894912393e+01 -1.6437415494e+01\n  103    0 1.0000000000 -1.5893066385e+01 -1.6433664702e+01\n  104    0 1.0000000000 -1.5890693902e+01 -1.6428848733e+01\n  105    0 1.0000000000 -1.5887795269e+01 -1.6422972437e+01\n  106    0 1.0000000000 -1.5884370881e+01 -1.6416041729e+01\n  107    0 1.0000000000 -1.5880421207e+01 -1.6408063589e+01\n  108    0 1.0000000000 -1.5875946784e+01 -1.6399046050e+01\n  109    0 1.0000000000 -1.5870948225e+01 -1.6388998192e+01\n  110    0 1.0000000000 -1.5865426209e+01 -1.6377930133e+01\n  111    0 1.0000000000 -1.5859381489e+01 -1.6365853016e+01\n  112    0 1.0000000000 -1.5852814889e+01 -1.6352779002e+01\n  113    0 1.0000000000 -1.5845727302e+01 -1.6338721257e+01\n  114    0 1.0000000000 -1.5838119693e+01 -1.6323693934e+01\n  115    0 1.0000000000 -1.5829993094e+01 -1.6307712166e+01\n  116    0 1.0000000000 -1.5821348610e+01 -1.6290792044e+01\n  117    0 1.0000000000 -1.5812187415e+01 -1.6272950605e+01\n  118    0 1.0000000000 -1.5802510750e+01 -1.6254205815e+01\n  119    0 1.0000000000 -1.5792319927e+01 -1.6234576548e+01\n  120    0 1.0000000000 -1.5781616325e+01 -1.6214082568e+01\n  121    0 1.0000000000 -1.5770401394e+01 -1.6192744512e+01\n  122    0 1.0000000000 -1.5758676647e+01 -1.6170583865e+01\n  123    0 1.0000000000 -1.5746443669e+01 -1.6147622941e+01\n  124    0 1.0000000000 -1.5733704109e+01 -1.6123884859e+01\n  125    0 1.0000000000 -1.5720459685e+01 -1.6099393523e+01\n  126    0 1.0000000000 -1.5706712179e+01 -1.6074173592e+01\n  127    0 1.0000000000 -1.5692463439e+01 -1.6048250461e+01\n  128    0 1.0000000000 -1.5677715380e+01 -1.6021650232e+01\n  129    0 1.0000000000 -1.5662469981e+01 -1.5994399690e+01\n  130    0 1.0000000000 -1.5646729285e+01 -1.5966526274e+01\n  131    0 1.0000000000 -1.5630495398e+01 -1.5938058049e+01\n  132    0 1.0000000000 -1.5613770492e+01 -1.5909023681e+01\n  133    0 1.0000000000 -1.5596556800e+01 -1.5879452405e+01\n  134    0 1.0000000000 -1.5578856618e+01 -1.5849373996e+01\n  135    0 1.0000000000 -1.5560672305e+01 -1.5818818742e+01\n  136    0 1.0000000000 -1.5542006279e+01 -1.5787817408e+01\n  137    0 1.0000000000 -1.5522861022e+01 -1.5756401210e+01\n  138    0 1.0000000000 -1.5503239075e+01 -1.5724601783e+01\n  139    0 1.0000000000 -1.5483143039e+01 -1.5692451144e+01\n  140    0 1.0000000000 -1.5462575577e+01 -1.5659981668e+01\n  141    0 1.0000000000 -1.5441539408e+01 -1.5627226047e+01\n  142    0 1.0000000000 -1.5420037311e+01 -1.5594217265e+01\n  143    0 1.0000000000 -1.5398072126e+01 -1.5560988559e+01\n  144    0 1.0000000000 -1.5375646747e+01 -1.5527573386e+01\n  145    0 1.0000000000 -1.5352764129e+01 -1.5494005393e+01\n  146    0 1.0000000000 -1.5329427283e+01 -1.5460318380e+01\n  147    0 1.0000000000 -1.5305639277e+01 -1.5426546267e+01\n  148    0 1.0000000000 -1.5281403238e+01 -1.5392723060e+01\n  149    0 1.0000000000 -1.5256722349e+01 -1.5358882816e+01\n  150    0 1.0000000000 -1.5231599849e+01 -1.5325059609e+01\n  151    0 1.0000000000 -1.5206039035e+01 -1.5291287496e+01\n  152    0 1.0000000000 -1.5180043262e+01 -1.5257600483e+01\n  153    0 1.0000000000 -1.5153615941e+01 -1.5224032490e+01\n  154    0 1.0000000000 -1.5126760542e+01 -1.5190617317e+01\n  155    0 1.0000000000 -1.5099480593e+01 -1.5157388611e+01\n  156    0 1.0000000000 -1.5071779682e+01 -1.5124379829e+01\n  157    0 1.0000000000 -1.5043661458e+01 -1.5091624208e+01\n  158    0 1.0000000000 -1.5015129631e+01 -1.5059154732e+01\n  159    0 1.0000000000 -1.4986187974e+01 -1.5027004093e+01\n  160    0 1.0000000000 -1.4956840329e+01 -1.4995204666e+01\n  161    0 1.0000000000 -1.4927090602e+01 -1.4963788468e+01\n  162    0 1.0000000000 -1.4896942774e+01 -1.4932787134e+01\n  163    0 1.0000000000 -1.4866400900e+01 -1.4902231880e+01\n  164    0 1.0000000000 -1.4835469115e+01 -1.4872153471e+01\n  165    0 1.0000000000 -1.4804151639e+01 -1.4842582195e+01\n  166    0 1.0000000000 -1.4772452786e+01 -1.4813547827e+01\n  167    0 1.0000000000 -1.4740376972e+01 -1.4785079602e+01\n  168    0 1.0000000000 -1.4707928722e+01 -1.4757206186e+01\n  169    0 1.0000000000 -1.4675112687e+01 -1.4729955644e+01\n  170    0 1.0000000000 -1.4641933657e+01 -1.4703355415e+01\n  171    0 1.0000000000 -1.4608396579e+01 -1.4677432284e+01\n  172    0 1.0000000000 -1.4574506584e+01 -1.4652212353e+01\n  173    0 1.0000000000 -1.4540269014e+01 -1.4627721017e+01\n  174    0 1.0000000000 -1.4505689458e+01 -1.4603982935e+01\n  175    0 1.0000000000 -1.4470773801e+01 -1.4581022011e+01\n  176    0 1.0000000000 -1.4435528281e+01 -1.4558861364e+01\n  177    0 1.0000000000 -1.4399959567e+01 -1.4537523308e+01\n  178    0 1.0000000000 -1.4364074854e+01 -1.4517029328e+01\n  179    0 1.0000000000 -1.4327881997e+01 -1.4497400061e+01\n  180    0 1.0000000000 -1.4291389679e+01 -1.4478655271e+01\n  181    0 1.0000000000 -1.4254607641e+01 -1.4460813832e+01\n  182    0 1.0000000000 -1.4217546999e+01 -1.4443893710e+01\n  183    0 1.0000000000 -1.4180220677e+01 -1.4427911942e+01\n  184    0 1.0000000000 -1.4142644022e+01 -1.4412884619e+01\n  185    0 1.0000000000 -1.4104835693e+01 -1.4398826874e+01\n  186    0 1.0000000000 -1.4066818958e+01 -1.4385752860e+01\n  187    0 1.0000000000 -1.4028623671e+01 -1.4373675743e+01\n  188    0 1.0000000000 -1.3990289335e+01 -1.4362607684e+01\n  189    0 1.0000000000 -1.3951870033e+01 -1.4352559826e+01\n  190    0 1.0000000000 -1.3913442649e+01 -1.4343542287e+01\n  191    0 1.0000000000 -1.3875121220e+01 -1.4335564147e+01\n  192    0 1.0000000000 -1.3837083190e+01 -1.4328633439e+01\n  193    0 1.0000000000 -1.3799620260e+01 -1.4322757143e+01\n  194    0 1.0000000000 -1.3763242785e+01 -1.4317941174e+01\n  195    0 1.0000000000 -1.3728905611e+01 -1.4314190382e+01\n  196    0 1.0000000000 -1.3698500197e+01 -1.4311508544e+01\n  197    0 1.0000000000 -1.3675749050e+01 -1.4309898360e+01\n  198    0 1.0000000000 -1.3666644826e+01 -1.4309361452e+01\n  199    0 1.0000000000 -1.3698904666e+01 -1.4310435301e+01\n  200    0 1.0000000000 -1.3764956423e+01 -1.4313656158e+01\n  201    0 1.0000000000 -1.3840991843e+01 -1.4319021952e+01\n  202    0 1.0000000000 -1.3920457212e+01 -1.4326529229e+01\n  203    0 1.0000000000 -1.4001342485e+01 -1.4336173148e+01\n  204    0 1.0000000000 -1.4082864201e+01 -1.4347947474e+01\n  205    0 1.0000000000 -1.4164655167e+01 -1.4361844571e+01\n  206    0 1.0000000000 -1.4246517722e+01 -1.4377855390e+01\n  207    0 1.0000000000 -1.4328333125e+01 -1.4395969464e+01\n  208    0 1.0000000000 -1.4410023216e+01 -1.4416174889e+01\n  209    0 1.0000000000 -1.4491532371e+01 -1.4438458315e+01\n  210    0 1.0000000000 -1.4572818257e+01 -1.4462804932e+01\n  211    0 1.0000000000 -1.4653846766e+01 -1.4489198449e+01\n  212    0 1.0000000000 -1.4734589090e+01 -1.4517621081e+01\n  213    0 1.0000000000 -1.4815019947e+01 -1.4548053533e+01\n  214    0 1.0000000000 -1.4895116463e+01 -1.4580474979e+01\n  215    0 1.0000000000 -1.4974857455e+01 -1.4614863043e+01\n  216    0 1.0000000000 -1.5054222938e+01 -1.4651193782e+01\n  217    0 1.0000000000 -1.5133193803e+01 -1.4689441668e+01\n  218    0 1.0000000000 -1.5211751579e+01 -1.4729579567e+01\n  219    0 1.0000000000 -1.5289878275e+01 -1.4771578720e+01\n  220    0 1.0000000000 -1.5367556258e+01 -1.4815408729e+01\n  221    0 1.0000000000 -1.5444768168e+01 -1.4861037534e+01\n  222    0 1.0000000000 -1.5521496856e+01 -1.4908431402e+01\n  223    0 1.0000000000 -1.5597725337e+01 -1.4957554908e+01\n  224    0 1.0000000000 -1.5673436754e+01 -1.5008370923e+01\n  225    0 1.0000000000 -1.5748614356e+01 -1.5060840603e+01\n  226    0 1.0000000000 -1.5823241475e+01 -1.5114923375e+01\n  227    0 1.0000000000 -1.5897301514e+01 -1.5170576930e+01\n  228    0 1.0000000000 -1.5970777941e+01 -1.5227757218e+01\n  229    0 1.0000000000 -1.6043654278e+01 -1.5286418444e+01\n  230    0 1.0000000000 -1.6115914098e+01 -1.5346513064e+01\n  231    0 1.0000000000 -1.6187541027e+01 -1.5407991790e+01\n  232    0 1.0000000000 -1.6258518738e+01 -1.5470803591e+01\n  233    0 1.0000000000 -1.6328830956e+01 -1.5534895703e+01\n  234    0 1.0000000000 -1.6398461461e+01 -1.5600213639e+01\n  235    0 1.0000000000 -1.6467394085e+01 -1.5666701205e+01\n  236    0 1.0000000000 -1.6535612724e+01 -1.5734300515e+01\n  237    0 1.0000000000 -1.6603101335e+01 -1.5802952015e+01\n  238    0 1.0000000000 -1.6669843945e+01 -1.5872594508e+01\n  239    0 1.0000000000 -1.6735824656e+01 -1.5943165185e+01\n  240    0 1.0000000000 -1.6801027647e+01 -1.6014599656e+01\n  241    0 1.0000000000 -1.6865437185e+01 -1.6086831990e+01\n  242    0 1.0000000000 -1.6929037629e+01 -1.6159794757e+01\n  243    0 1.0000000000 -1.6991813435e+01 -1.6233419076e+01\n  244    0 1.0000000000 -1.7053749165e+01 -1.6307634661e+01\n  245    0 1.0000000000 -1.7114829491e+01 -1.6382369883e+01\n  246    0 1.0000000000 -1.7175039205e+01 -1.6457551823e+01\n  247    0 1.0000000000 -1.7234363226e+01 -1.6533106342e+01\n  248    0 1.0000000000 -1.7292786603e+01 -1.6608958145e+01\n  249    0 1.0000000000 -1.7350294528e+01 -1.6685030855e+01\n  250    0 1.0000000000 -1.7406872339e+01 -1.6761247092e+01\n  251    0 1.0000000000 -1.7462505529e+01 -1.6837528550e+01\n  252    0 1.0000000000 -1.7517179753e+01 -1.6913796086e+01\n  253    0 1.0000000000 -1.7570880838e+01 -1.6989969807e+01\n  254    0 1.0000000000 -1.7623594785e+01 -1.7065969164e+01\n  255    0 1.0000000000 -1.7675307782e+01 -1.7141713045e+01\n  256    0 1.0000000000 -1.7726006208e+01 -1.7217119882e+01\n  257    0 1.0000000000 -1.7775676643e+01 -1.7292107749e+01\n  258    0 1.0000000000 -1.7824305873e+01 -1.7366594470e+01\n  259    0 1.0000000000 -1.7871880898e+01 -1.7440497729e+01\n  260    0 1.0000000000 -1.7918388942e+01 -1.7513735181e+01\n  261    0 1.0000000000 -1.7963817454e+01 -1.7586224572e+01\n  262    0 1.0000000000 -1.8008154124e+01 -1.7657883847e+01\n  263    0 1.0000000000 -1.8051386882e+01 -1.7728631277e+01\n  264    0 1.0000000000 -1.8093503909e+01 -1.7798385578e+01\n  265    0 1.0000000000 -1.8134493644e+01 -1.7867066029e+01\n  266    0 1.0000000000 -1.8174344790e+01 -1.7934592603e+01\n  267    0 1.0000000000 -1.8213046322e+01 -1.8000886084e+01\n  268    0 1.0000000000 -1.8250587490e+01 -1.8065868197e+01\n  269    0 1.0000000000 -1.8286957831e+01 -1.8129461731e+01\n  270    0 1.0000000000 -1.8322147170e+01 -1.8191590663e+01\n  271    0 1.0000000000 -1.8356145630e+01 -1.8252180288e+01\n  272    0 1.0000000000 -1.8388943637e+01 -1.8311157335e+01\n  273    0 1.0000000000 -1.8420531925e+01 -1.8368450099e+01\n  274    0 1.0000000000 -1.8450901543e+01 -1.8423988555e+01\n  275    0 1.0000000000 -1.8480043859e+01 -1.8477704485e+01\n  276    0 1.0000000000 -1.8507950568e+01 -1.8529531589e+01\n  277    0 1.0000000000 -1.8534613695e+01 -1.8579405609e+01\n  278    0 1.0000000000 -1.8560025601e+01 -1.8627264435e+01\n  279    0 1.0000000000 -1.8584178986e+01 -1.8673048219e+01\n  280    0 1.0000000000 -1.8607066898e+01 -1.8716699484e+01\n  281    0 1.0000000000 -1.8628682734e+01 -1.8758163223e+01\n  282    0 1.0000000000 -1.8649020243e+01 -1.8797387002e+01\n  283    0 1.0000000000 -1.8668073534e+01 -1.8834321057e+01\n  284    0 1.0000000000 -1.8685837078e+01 -1.8868918379e+01\n  285    0 1.0000000000 -1.8702305711e+01 -1.8901134811e+01\n  286    0 1.0000000000 -1.8717474636e+01 -1.8930929121e+01\n  287    0 1.0000000000 -1.8731339432e+01 -1.8958263084e+01\n  288    0 1.0000000000 -1.8743896049e+01 -1.8983101550e+01\n  289    0 1.0000000000 -1.8755140817e+01 -1.9005412515e+01\n  290    0 1.0000000000 -1.8765070444e+01 -1.9025167176e+01\n  291    0 1.0000000000 -1.8773682021e+01 -1.9042339990e+01\n  292    0 1.0000000000 -1.8780973023e+01 -1.9056908718e+01\n  293    0 1.0000000000 -1.8786941311e+01 -1.9068854473e+01\n  294    0 1.0000000000 -1.8791585132e+01 -1.9078161750e+01\n  295    0 1.0000000000 -1.8794903123e+01 -1.9084818461e+01\n  296    0 1.0000000000 -1.8796894307e+01 -1.9088815952e+01\n  297    0 1.0000000000 -1.8797558100e+01 -1.9090149027e+01\n