SINGLE-ORBITAL NN+NNN EFFECTIVE MODEL FIT

m=2
eon=0.0
t0=1.0
l_decay=0.5
dl=2.0
pairing=./m=2/pairing.txt
microscopic_orbitals=10

E_eff(k) = eps0 + 2*t1[cos(k.u1)+cos(k.u2)] + 4*t2*cos(k.u1)*cos(k.u2)

eps0     = -3.97618288782407e+00
t1       = -9.70827148431440e-01
t2       = -1.92887696960446e-01

RMSE=4.04636539299717e-01
MAE=3.46542937183524e-01
max_abs_error=8.20253588457293e-01
optimizer_success=True
optimizer_message=Linear least-squares solution
minimum_tracking_continuity=1.0000000000
mean_tracking_continuity=1.0000000000

# k_index idx continuity target fit\n    0    0 1.0000000000 -8.2568229919e+00 -8.6310422694e+00\n    1    0 1.0000000000 -8.2559034247e+00 -8.6296762856e+00\n    2    0 1.0000000000 -8.2531452898e+00 -8.6255797098e+00\n    3    0 1.0000000000 -8.2485502868e+00 -8.6187566667e+00\n    4    0 1.0000000000 -8.2421212465e+00 -8.6092140267e+00\n    5    0 1.0000000000 -8.2338621276e+00 -8.5969613983e+00\n    6    0 1.0000000000 -8.2237780131e+00 -8.5820111189e+00\n    7    0 1.0000000000 -8.2118751041e+00 -8.5643782422e+00\n    8    0 1.0000000000 -8.1981607143e+00 -8.5440805230e+00\n    9    0 1.0000000000 -8.1826432614e+00 -8.5211383994e+00\n   10    0 1.0000000000 -8.1653322589e+00 -8.4955749722e+00\n   11    0 1.0000000000 -8.1462383058e+00 -8.4674159815e+00\n   12    0 1.0000000000 -8.1253730755e+00 -8.4366897810e+00\n   13    0 1.0000000000 -8.1027493037e+00 -8.4034273095e+00\n   14    0 1.0000000000 -8.0783807749e+00 -8.3676620595e+00\n   15    0 1.0000000000 -8.0522823081e+00 -8.3294300434e+00\n   16    0 1.0000000000 -8.0244697414e+00 -8.2887697578e+00\n   17    0 1.0000000000 -7.9949599152e+00 -8.2457221441e+00\n   18    0 1.0000000000 -7.9637706549e+00 -8.2003305475e+00\n   19    0 1.0000000000 -7.9309207523e+00 -8.1526406736e+00\n   20    0 1.0000000000 -7.8964299460e+00 -8.1027005420e+00\n   21    0 1.0000000000 -7.8603189011e+00 -8.0505604382e+00\n   22    0 1.0000000000 -7.8226091876e+00 -7.9962728629e+00\n   23    0 1.0000000000 -7.7833232581e+00 -7.9398924790e+00\n   24    0 1.0000000000 -7.7424844250e+00 -7.8814760568e+00\n   25    0 1.0000000000 -7.7001168361e+00 -7.8210824168e+00\n   26    0 1.0000000000 -7.6562454501e+00 -7.7587723701e+00\n   27    0 1.0000000000 -7.6108960109e+00 -7.6946086578e+00\n   28    0 1.0000000000 -7.5640950212e+00 -7.6286558872e+00\n   29    0 1.0000000000 -7.5158697159e+00 -7.5609804672e+00\n   30    0 1.0000000000 -7.4662480342e+00 -7.4916505412e+00\n   31    0 1.0000000000 -7.4152585911e+00 -7.4207359185e+00\n   32    0 1.0000000000 -7.3629306489e+00 -7.3483080042e+00\n   33    0 1.0000000000 -7.3092940876e+00 -7.2744397270e+00\n   34    0 1.0000000000 -7.2543793752e+00 -7.1992054661e+00\n   35    0 1.0000000000 -7.1982175368e+00 -7.1226809760e+00\n   36    0 1.0000000000 -7.1408401243e+00 -7.0449433102e+00\n   37    0 1.0000000000 -7.0822791849e+00 -6.9660707442e+00\n   38    0 1.0000000000 -7.0225672296e+00 -6.8861426958e+00\n   39    0 1.0000000000 -6.9617372014e+00 -6.8052396458e+00\n   40    0 1.0000000000 -6.8998224431e+00 -6.7234430568e+00\n   41    0 1.0000000000 -6.8368566648e+00 -6.6408352909e+00\n   42    0 1.0000000000 -6.7728739120e+00 -6.5574995273e+00\n   43    0 1.0000000000 -6.7079085321e+00 -6.4735196779e+00\n   44    0 1.0000000000 -6.6419951423e+00 -6.3889803033e+00\n   45    0 1.0000000000 -6.5751685969e+00 -6.3039665275e+00\n   46    0 1.0000000000 -6.5074639539e+00 -6.2185639522e+00\n   47    0 1.0000000000 -6.4389164430e+00 -6.1328585706e+00\n   48    0 1.0000000000 -6.3695614328e+00 -6.0469366806e+00\n   49    0 1.0000000000 -6.2994343982e+00 -5.9608847984e+00\n   50    0 1.0000000000 -6.2285708881e+00 -5.8747895709e+00\n   51    0 1.0000000000 -6.1570064938e+00 -5.7887376887e+00\n   52    0 1.0000000000 -6.0847768168e+00 -5.7028157988e+00\n   53    0 1.0000000000 -6.0119174375e+00 -5.6171104171e+00\n   54    0 1.0000000000 -5.9384638844e+00 -5.5317078419e+00\n   55    0 1.0000000000 -5.8644516030e+00 -5.4466940661e+00\n   56    0 1.0000000000 -5.7899159261e+00 -5.3621546915e+00\n   57    0 1.0000000000 -5.7148920439e+00 -5.2781748421e+00\n   58    0 1.0000000000 -5.6394149746e+00 -5.1948390784e+00\n   59    0 1.0000000000 -5.5635195365e+00 -5.1122313126e+00\n   60    0 1.0000000000 -5.4872403195e+00 -5.0304347236e+00\n   61    0 1.0000000000 -5.4106116583e+00 -4.9495316736e+00\n   62    0 1.0000000000 -5.3336676056e+00 -4.8696036252e+00\n   63    0 1.0000000000 -5.2564419066e+00 -4.7907310591e+00\n   64    0 1.0000000000 -5.1789679742e+00 -4.7129933934e+00\n   65    0 1.0000000000 -5.1012788647e+00 -4.6364689033e+00\n   66    0 1.0000000000 -5.0234072550e+00 -4.5612346423e+00\n   67    0 1.0000000000 -4.9453854206e+00 -4.4873663652e+00\n   68    0 1.0000000000 -4.8672452145e+00 -4.4149384509e+00\n   69    0 1.0000000000 -4.7890180476e+00 -4.3440238282e+00\n   70    0 1.0000000000 -4.7107348697e+00 -4.2746939022e+00\n   71    0 1.0000000000 -4.6324261531e+00 -4.2070184822e+00\n   72    0 1.0000000000 -4.5541218763e+00 -4.1410657116e+00\n   73    0 1.0000000000 -4.4758515103e+00 -4.0769019992e+00\n   74    0 1.0000000000 -4.3976440069e+00 -4.0145919526e+00\n   75    0 1.0000000000 -4.3195277881e+00 -3.9541983125e+00\n   76    0 1.0000000000 -4.2415307401e+00 -3.8957818904e+00\n   77    0 1.0000000000 -4.1636802083e+00 -3.8394015065e+00\n   78    0 1.0000000000 -4.0860029976e+00 -3.7851139312e+00\n   79    0 1.0000000000 -4.0085253774e+00 -3.7329738274e+00\n   80    0 1.0000000000 -3.9312730925e+00 -3.6830336958e+00\n   81    0 1.0000000000 -3.8542713829e+00 -3.6353438219e+00\n   82    0 1.0000000000 -3.7775450146e+00 -3.5899522253e+00\n   83    0 1.0000000000 -3.7011183270e+00 -3.5469046116e+00\n   84    0 1.0000000000 -3.6250153034e+00 -3.5062443259e+00\n   85    0 1.0000000000 -3.5492596746e+00 -3.4680123099e+00\n   86    0 1.0000000000 -3.4738750755e+00 -3.4322470598e+00\n   87    0 1.0000000000 -3.3988852818e+00 -3.3989845884e+00\n   88    0 1.0000000000 -3.3243145793e+00 -3.3682583879e+00\n   89    0 1.0000000000 -3.2501883558e+00 -3.3400993972e+00\n   90    0 1.0000000000 -3.1765340857e+00 -3.3145359699e+00\n   91    0 1.0000000000 -3.1033830489e+00 -3.2915938463e+00\n   92    0 1.0000000000 -3.0307735024e+00 -3.2712961271e+00\n   93    0 1.0000000000 -2.9587569684e+00 -3.2536632505e+00\n   94    0 1.0000000000 -2.8874118843e+00 -3.2387129711e+00\n   95    0 1.0000000000 -2.8168770028e+00 -3.2264603427e+00\n   96    0 1.0000000000 -2.7474478489e+00 -3.2169177027e+00\n   97    0 1.0000000000 -2.6799325461e+00 -3.2100946596e+00\n   98    0 1.0000000000 -2.6175919115e+00 -3.2059980837e+00\n   99    0 1.0000000000 -2.5821678723e+00 -3.2046321000e+00\n  100    0 1.0000000000 -2.5818342816e+00 -3.2040430025e+00\n  101    0 1.0000000000 -2.5808336753e+00 -3.2022763031e+00\n  102    0 1.0000000000 -2.5791665512e+00 -3.1993337807e+00\n  103    0 1.0000000000 -2.5768337381e+00 -3.1952183982e+00\n  104    0 1.0000000000 -2.5738363956e+00 -3.1899342995e+00\n  105    0 1.0000000000 -2.5701760126e+00 -3.1834868052e+00\n  106    0 1.0000000000 -2.5658544062e+00 -3.1758824074e+00\n  107    0 1.0000000000 -2.5608737198e+00 -3.1671287630e+00\n  108    0 1.0000000000 -2.5552364215e+00 -3.1572346863e+00\n  109    0 1.0000000000 -2.5489453017e+00 -3.1462101396e+00\n  110    0 1.0000000000 -2.5420034706e+00 -3.1340662239e+00\n  111    0 1.0000000000 -2.5344143552e+00 -3.1208151670e+00\n  112    0 1.0000000000 -2.5261816964e+00 -3.1064703116e+00\n  113    0 1.0000000000 -2.5173095459e+00 -3.0910461018e+00\n  114    0 1.0000000000 -2.5078022619e+00 -3.0745580684e+00\n  115    0 1.0000000000 -2.4976645056e+00 -3.0570228134e+00\n  116    0 1.0000000000 -2.4869012372e+00 -3.0384579935e+00\n  117    0 1.0000000000 -2.4755177110e+00 -3.0188823017e+00\n  118    0 1.0000000000 -2.4635194709e+00 -2.9983154492e+00\n  119    0 1.0000000000 -2.4509123458e+00 -2.9767781450e+00\n  120    0 1.0000000000 -2.4377024437e+00 -2.9542920754e+00\n  121    0 1.0000000000 -2.4238961469e+00 -2.9308798819e+00\n  122    0 1.0000000000 -2.4095001062e+00 -2.9065651387e+00\n  123    0 1.0000000000 -2.3945212350e+00 -2.8813723285e+00\n  124    0 1.0000000000 -2.3789667029e+00 -2.8553268186e+00\n  125    0 1.0000000000 -2.3628439300e+00 -2.8284548343e+00\n  126    0 1.0000000000 -2.3461605800e+00 -2.8007834337e+00\n  127    0 1.0000000000 -2.3289245537e+00 -2.7723404793e+00\n  128    0 1.0000000000 -2.3111439820e+00 -2.7431546110e+00\n  129    0 1.0000000000 -2.2928272190e+00 -2.7132552163e+00\n  130    0 1.0000000000 -2.2739828349e+00 -2.6826724014e+00\n  131    0 1.0000000000 -2.2546196083e+00 -2.6514369607e+00\n  132    0 1.0000000000 -2.2347465189e+00 -2.6195803455e+00\n  133    0 1.0000000000 -2.2143727400e+00 -2.5871346328e+00\n  134    0 1.0000000000 -2.1935076307e+00 -2.5541324926e+00\n  135    0 1.0000000000 -2.1721607278e+00 -2.5206071554e+00\n  136    0 1.0000000000 -2.1503417379e+00 -2.4865923782e+00\n  137    0 1.0000000000 -2.1280605296e+00 -2.4521224112e+00\n  138    0 1.0000000000 -2.1053271249e+00 -2.4172319625e+00\n  139    0 1.0000000000 -2.0821516913e+00 -2.3819561640e+00\n  140    0 1.0000000000 -2.0585445333e+00 -2.3463305354e+00\n  141    0 1.0000000000 -2.0345160843e+00 -2.3103909487e+00\n  142    0 1.0000000000 -2.0100768975e+00 -2.2741735919e+00\n  143    0 1.0000000000 -1.9852376386e+00 -2.2377149330e+00\n  144    0 1.0000000000 -1.9600090760e+00 -2.2010516826e+00\n  145    0 1.0000000000 -1.9344020736e+00 -2.1642207576e+00\n  146    0 1.0000000000 -1.9084275813e+00 -2.1272592436e+00\n  147    0 1.0000000000 -1.8820966272e+00 -2.0902043576e+00\n  148    0 1.0000000000 -1.8554203086e+00 -2.0530934109e+00\n  149    0 1.0000000000 -1.8284097841e+00 -2.0159637710e+00\n  150    0 1.0000000000 -1.8010762650e+00 -1.9788528243e+00\n  151    0 1.0000000000 -1.7734310069e+00 -1.9417979384e+00\n  152    0 1.0000000000 -1.7454853014e+00 -1.9048364243e+00\n  153    0 1.0000000000 -1.7172504681e+00 -1.8680054993e+00\n  154    0 1.0000000000 -1.6887378464e+00 -1.8313422489e+00\n  155    0 1.0000000000 -1.6599587876e+00 -1.7948835900e+00\n  156    0 1.0000000000 -1.6309246467e+00 -1.7586662332e+00\n  157    0 1.0000000000 -1.6016467751e+00 -1.7227266465e+00\n  158    0 1.0000000000 -1.5721365125e+00 -1.6871010179e+00\n  159    0 1.0000000000 -1.5424051796e+00 -1.6518252194e+00\n  160    0 1.0000000000 -1.5124640708e+00 -1.6169347708e+00\n  161    0 1.0000000000 -1.4823244471e+00 -1.5824648037e+00\n  162    0 1.0000000000 -1.4519975287e+00 -1.5484500265e+00\n  163    0 1.0000000000 -1.4214944887e+00 -1.5149246893e+00\n  164    0 1.0000000000 -1.3908264462e+00 -1.4819225492e+00\n  165    0 1.0000000000 -1.3600044599e+00 -1.4494768365e+00\n  166    0 1.0000000000 -1.3290395223e+00 -1.4176202213e+00\n  167    0 1.0000000000 -1.2979425532e+00 -1.3863847805e+00\n  168    0 1.0000000000 -1.2667243948e+00 -1.3558019656e+00\n  169    0 1.0000000000 -1.2353958057e+00 -1.3259025709e+00\n  170    0 1.0000000000 -1.2039674566e+00 -1.2967167026e+00\n  171    0 1.0000000000 -1.1724499247e+00 -1.2682737483e+00\n  172    0 1.0000000000 -1.1408536904e+00 -1.2406023476e+00\n  173    0 1.0000000000 -1.1091891327e+00 -1.2137303634e+00\n  174    0 1.0000000000 -1.0774665260e+00 -1.1876848534e+00\n  175    0 1.0000000000 -1.0456960373e+00 -1.1624920432e+00\n  176    0 1.0000000000 -1.0138877239e+00 -1.1381773000e+00\n  177    0 1.0000000000 -9.8205153147e-01 -1.1147651065e+00\n  178    0 1.0000000000 -9.5019729381e-01 -1.0922790369e+00\n  179    0 1.0000000000 -9.1833473276e-01 -1.0707417327e+00\n  180    0 1.0000000000 -8.8647346003e-01 -1.0501748802e+00\n  181    0 1.0000000000 -8.5462298046e-01 -1.0305991885e+00\n  182    0 1.0000000000 -8.2279269773e-01 -1.0120343685e+00\n  183    0 1.0000000000 -7.9099192319e-01 -9.9449911355e-01\n  184    0 1.0000000000 -7.5922988935e-01 -9.7801108012e-01\n  185    0 1.0000000000 -7.2751577008e-01 -9.6258687028e-01\n  186    0 1.0000000000 -6.9585871146e-01 -9.4824201488e-01\n  187    0 1.0000000000 -6.6426787925e-01 -9.3499095798e-01\n  188    0 1.0000000000 -6.3275253453e-01 -9.2284704227e-01\n  189    0 1.0000000000 -6.0132215852e-01 -9.1182249565e-01\n  190    0 1.0000000000 -5.6998666860e-01 -9.0192841890e-01\n  191    0 1.0000000000 -5.3875681489e-01 -8.9317477452e-01\n  192    0 1.0000000000 -5.0764496390e-01 -8.8557037669e-01\n  193    0 1.0000000000 -4.7666680028e-01 -8.7912288238e-01\n  194    0 1.0000000000 -4.4584551618e-01 -8.7383878368e-01\n  195    0 1.0000000000 -4.1522411651e-01 -8.6972340123e-01\n  196    0 1.0000000000 -3.8491289974e-01 -8.6678087887e-01\n  197    0 1.0000000000 -3.5539185782e-01 -8.6501417946e-01\n  198    0 1.0000000000 -3.3413353345e-01 -8.6442508194e-01\n  199    0 1.0000000000 -3.7791685507e-01 -8.6560347255e-01\n  200    0 1.0000000000 -4.3818824698e-01 -8.6913980325e-01\n  201    0 1.0000000000 -5.0066837862e-01 -8.7503753999e-01\n  202    0 1.0000000000 -5.6465940238e-01 -8.8330242407e-01\n  203    0 1.0000000000 -6.3002660017e-01 -8.9394241927e-01\n  204    0 1.0000000000 -6.9672980272e-01 -9.0696763830e-01\n  205    0 1.0000000000 -7.6475524870e-01 -9.2239024875e-01\n  206    0 1.0000000000 -8.3409853749e-01 -9.4022435899e-01\n  207    0 1.0000000000 -9.0475892452e-01 -9.6048588470e-01\n  208    0 1.0000000000 -9.7673700810e-01 -9.8319239638e-01\n  209    0 1.0000000000 -1.0500336451e+00 -1.0083629488e+00\n  210    0 1.0000000000 -1.1246493764e+00 -1.0360178930e+00\n  211    0 1.0000000000 -1.2005840868e+00 -1.0661786717e+00\n  212    0 1.0000000000 -1.2778367806e+00 -1.0988675996e+00\n  213    0 1.0000000000 -1.3564054194e+00 -1.1341076284e+00\n  214    0 1.0000000000 -1.4362867934e+00 -1.1719220986e+00\n  215    0 1.0000000000 -1.5174764132e+00 -1.2123344798e+00\n  216    0 1.0000000000 -1.5999684127e+00 -1.2553680985e+00\n  217    0 1.0000000000 -1.6837554608e+00 -1.3010458573e+00\n  218    0 1.0000000000 -1.7688286767e+00 -1.3493899452e+00\n  219    0 1.0000000000 -1.8551775499e+00 -1.4004215400e+00\n  220    0 1.0000000000 -1.9427898618e+00 -1.4541605067e+00\n  221    0 1.0000000000 -2.0316516106e+00 -1.5106250899e+00\n  222    0 1.0000000000 -2.1217469375e+00 -1.5698316043e+00\n  223    0 1.0000000000 -2.2130580548e+00 -1.6317941236e+00\n  224    0 1.0000000000 -2.3055651767e+00 -1.6965241696e+00\n  225    0 1.0000000000 -2.3992464519e+00 -1.7640304031e+00\n  226    0 1.0000000000 -2.4940778988e+00 -1.8343183178e+00\n  227    0 1.0000000000 -2.5900333435e+00 -1.9073899388e+00\n  228    0 1.0000000000 -2.6870843606e+00 -1.9832435276e+00\n  229    0 1.0000000000 -2.7852002175e+00 -2.0618732944e+00\n  230    0 1.0000000000 -2.8843478224e+00 -2.1432691201e+00\n  231    0 1.0000000000 -2.9844916761e+00 -2.2274162879e+00\n  232    0 1.0000000000 -3.0855938279e+00 -2.3142952277e+00\n  233    0 1.0000000000 -3.1876138369e+00 -2.4038812732e+00\n  234    0 1.0000000000 -3.2905087374e+00 -2.4961444342e+00\n  235    0 1.0000000000 -3.3942330102e+00 -2.5910491839e+00\n  236    0 1.0000000000 -3.4987385591e+00 -2.6885542638e+00\n  237    0 1.0000000000 -3.6039746940e+00 -2.7886125068e+00\n  238    0 1.0000000000 -3.7098881194e+00 -2.8911706789e+00\n  239    0 1.0000000000 -3.8164229303e+00 -2.9961693418e+00\n  240    0 1.0000000000 -3.9235206143e+00 -3.1035427361e+00\n  241    0 1.0000000000 -4.0311200612e+00 -3.2132186866e+00\n  242    0 1.0000000000 -4.1391575800e+00 -3.3251185302e+00\n  243    0 1.0000000000 -4.2475669228e+00 -3.4391570674e+00\n  244    0 1.0000000000 -4.3562793172e+00 -3.5552425373e+00\n  245    0 1.0000000000 -4.4652235067e+00 -3.6732766170e+00\n  246    0 1.0000000000 -4.5743257980e+00 -3.7931544461e+00\n  247    0 1.0000000000 -4.6835101183e+00 -3.9147646757e+00\n  248    0 1.0000000000 -4.7926980789e+00 -4.0379895431e+00\n  249    0 1.0000000000 -4.9018090489e+00 -4.1627049713e+00\n  250    0 1.0000000000 -5.0107602360e+00 -4.2887806940e+00\n  251    0 1.0000000000 -5.1194667760e+00 -4.4160804057e+00\n  252    0 1.0000000000 -5.2278418310e+00 -4.5444619364e+00\n  253    0 1.0000000000 -5.3357966950e+00 -4.6737774514e+00\n  254    0 1.0000000000 -5.4432409082e+00 -4.8038736749e+00\n  255    0 1.0000000000 -5.5500823791e+00 -4.9345921367e+00\n  256    0 1.0000000000 -5.6562275137e+00 -5.0657694432e+00\n  257    0 1.0000000000 -5.7615813534e+00 -5.1972375692e+00\n  258    0 1.0000000000 -5.8660477190e+00 -5.3288241722e+00\n  259    0 1.0000000000 -5.9695293622e+00 -5.4603529264e+00\n  260    0 1.0000000000 -6.0719281235e+00 -5.5916438774e+00\n  261    0 1.0000000000 -6.1731450966e+00 -5.7225138141e+00\n  262    0 1.0000000000 -6.2730807983e+00 -5.8527766590e+00\n  263    0 1.0000000000 -6.3716353442e+00 -5.9822438741e+00\n  264    0 1.0000000000 -6.4687086290e+00 -6.1107248816e+00\n  265    0 1.0000000000 -6.5642005117e+00 -6.2380274985e+00\n  266    0 1.0000000000 -6.6580110043e+00 -6.3639583829e+00\n  267    0 1.0000000000 -6.7500404643e+00 -6.4883234911e+00\n  268    0 1.0000000000 -6.8401897900e+00 -6.6109285438e+00\n  269    0 1.0000000000 -6.9283606183e+00 -6.7315794996e+00\n  270    0 1.0000000000 -7.0144555238e+00 -6.8500830348e+00\n  271    0 1.0000000000 -7.0983782195e+00 -6.9662470272e+00\n  272    0 1.0000000000 -7.1800337577e+00 -7.0798810430e+00\n  273    0 1.0000000000 -7.2593287311e+00 -7.1907968238e+00\n  274    0 1.0000000000 -7.3361714727e+00 -7.2988087740e+00\n  275    0 1.0000000000 -7.4104722549e+00 -7.4037344450e+00\n  276    0 1.0000000000 -7.4821434857e+00 -7.5053950159e+00\n  277    0 1.0000000000 -7.5510999037e+00 -7.6036157678e+00\n  278    0 1.0000000000 -7.6172587679e+00 -7.6982265516e+00\n  279    0 1.0000000000 -7.6805400454e+00 -7.7890622456e+00\n  280    0 1.0000000000 -7.7408665930e+00 -7.8759632035e+00\n  281    0 1.0000000000 -7.7981643349e+00 -7.9587756898e+00\n  282    0 1.0000000000 -7.8523624336e+00 -8.0373523007e+00\n  283    0 1.0000000000 -7.9033934554e+00 -8.1115523709e+00\n  284    0 1.0000000000 -7.9511935280e+00 -8.1812423628e+00\n  285    0 1.0000000000 -7.9957024913e+00 -8.2462962378e+00\n  286    0 1.0000000000 -8.0368640404e+00 -8.3065958083e+00\n  287    0 1.0000000000 -8.0746258593e+00 -8.3620310687e+00\n  288    0 1.0000000000 -8.1089397466e+00 -8.4125005048e+00\n  289    0 1.0000000000 -8.1397617310e+00 -8.4579113798e+00\n  290    0 1.0000000000 -8.1670521777e+00 -8.4981799967e+00\n  291    0 1.0000000000 -8.1907758845e+00 -8.5332319353e+00\n  292    0 1.0000000000 -8.2109021669e+00 -8.5630022636e+00\n  293    0 1.0000000000 -8.2274049331e+00 -8.5874357226e+00\n  294    0 1.0000000000 -8.2402627476e+00 -8.6064868835e+00\n  295    0 1.0000000000 -8.2494588838e+00 -8.6201202776e+00\n  296    0 1.0000000000 -8.2549813646e+00 -8.6283104974e+00\n  297    0 1.0000000000 -8.2568229919e+00 -8.6310422694e+00\n