SINGLE-ORBITAL NN+NNN EFFECTIVE MODEL FIT

m=3
eon=0.0
t0=1.0
l_decay=0.5
dl=2.0
pairing=./m=3/pairing.txt
microscopic_orbitals=20

E_eff(k) = eps0 + 2*t1[cos(k.u1)+cos(k.u2)] + 4*t2*cos(k.u1)*cos(k.u2)

eps0     = -5.58123872066386e+00
t1       = -6.96221654558039e-01
t2       = -8.48388772168067e-02

RMSE=3.65365113739625e-01
MAE=3.07236649685371e-01
max_abs_error=7.66697474120484e-01
optimizer_success=True
optimizer_message=Linear least-squares solution
minimum_tracking_continuity=1.0000000000
mean_tracking_continuity=1.0000000000

# k_index idx continuity target fit\n    0    0 1.0000000000 -8.3903474026e+00 -8.7054808478e+00\n    1    0 1.0000000000 -8.3898452755e+00 -8.7046089605e+00\n    2    0 1.0000000000 -8.3883390844e+00 -8.7019941765e+00\n    3    0 1.0000000000 -8.3858293998e+00 -8.6976391286e+00\n    4    0 1.0000000000 -8.3823171725e+00 -8.6915482021e+00\n    5    0 1.0000000000 -8.3778037320e+00 -8.6837275300e+00\n    6    0 1.0000000000 -8.3722907866e+00 -8.6741849870e+00\n    7    0 1.0000000000 -8.3657804209e+00 -8.6629301817e+00\n    8    0 1.0000000000 -8.3582750955e+00 -8.6499744467e+00\n    9    0 1.0000000000 -8.3497776440e+00 -8.6353308273e+00\n   10    0 1.0000000000 -8.3402912717e+00 -8.6190140685e+00\n   11    0 1.0000000000 -8.3298195527e+00 -8.6010405997e+00\n   12    0 1.0000000000 -8.3183664277e+00 -8.5814285188e+00\n   13    0 1.0000000000 -8.3059362004e+00 -8.5601975735e+00\n   14    0 1.0000000000 -8.2925335348e+00 -8.5373691415e+00\n   15    0 1.0000000000 -8.2781634518e+00 -8.5129662091e+00\n   16    0 1.0000000000 -8.2628313248e+00 -8.4870133481e+00\n   17    0 1.0000000000 -8.2465428765e+00 -8.4595366907e+00\n   18    0 1.0000000000 -8.2293041740e+00 -8.4305639036e+00\n   19    0 1.0000000000 -8.2111216250e+00 -8.4001241599e+00\n   20    0 1.0000000000 -8.1920019722e+00 -8.3682481099e+00\n   21    0 1.0000000000 -8.1719522891e+00 -8.3349678501e+00\n   22    0 1.0000000000 -8.1509799745e+00 -8.3003168909e+00\n   23    0 1.0000000000 -8.1290927469e+00 -8.2643301228e+00\n   24    0 1.0000000000 -8.1062986393e+00 -8.2270437815e+00\n   25    0 1.0000000000 -8.0826059928e+00 -8.1884954112e+00\n   26    0 1.0000000000 -8.0580234509e+00 -8.1487238267e+00\n   27    0 1.0000000000 -8.0325599534e+00 -8.1077690748e+00\n   28    0 1.0000000000 -8.0062247293e+00 -8.0656723933e+00\n   29    0 1.0000000000 -7.9790272908e+00 -8.0224761701e+00\n   30    0 1.0000000000 -7.9509774263e+00 -7.9782239001e+00\n   31    0 1.0000000000 -7.9220851933e+00 -7.9329601416e+00\n   32    0 1.0000000000 -7.8923609111e+00 -7.8867304714e+00\n   33    0 1.0000000000 -7.8618151541e+00 -7.8395814388e+00\n   34    0 1.0000000000 -7.8304587436e+00 -7.7915605188e+00\n   35    0 1.0000000000 -7.7983027406e+00 -7.7427160646e+00\n   36    0 1.0000000000 -7.7653584383e+00 -7.6930972583e+00\n   37    0 1.0000000000 -7.7316373537e+00 -7.6427540618e+00\n   38    0 1.0000000000 -7.6971512200e+00 -7.5917371665e+00\n   39    0 1.0000000000 -7.6619119784e+00 -7.5400979421e+00\n   40    0 1.0000000000 -7.6259317701e+00 -7.4878883848e+00\n   41    0 1.0000000000 -7.5892229277e+00 -7.4351610654e+00\n   42    0 1.0000000000 -7.5517979673e+00 -7.3819690756e+00\n   43    0 1.0000000000 -7.5136695797e+00 -7.3283659755e+00\n   44    0 1.0000000000 -7.4748506222e+00 -7.2744057386e+00\n   45    0 1.0000000000 -7.4353541099e+00 -7.2201426985e+00\n   46    0 1.0000000000 -7.3951932071e+00 -7.1656314934e+00\n   47    0 1.0000000000 -7.3543812191e+00 -7.1109270114e+00\n   48    0 1.0000000000 -7.3129315827e+00 -7.0560843354e+00\n   49    0 1.0000000000 -7.2708578585e+00 -7.0011586872e+00\n   50    0 1.0000000000 -7.2281737216e+00 -6.9462053724e+00\n   51    0 1.0000000000 -7.1848929532e+00 -6.8912797242e+00\n   52    0 1.0000000000 -7.1410294317e+00 -6.8364370482e+00\n   53    0 1.0000000000 -7.0965971242e+00 -6.7817325662e+00\n   54    0 1.0000000000 -7.0516100779e+00 -6.7272213611e+00\n   55    0 1.0000000000 -7.0060824115e+00 -6.6729583210e+00\n   56    0 1.0000000000 -6.9600283065e+00 -6.6189980841e+00\n   57    0 1.0000000000 -6.9134619985e+00 -6.5653949839e+00\n   58    0 1.0000000000 -6.8663977694e+00 -6.5122029942e+00\n   59    0 1.0000000000 -6.8188499383e+00 -6.4594756748e+00\n   60    0 1.0000000000 -6.7708328535e+00 -6.4072661175e+00\n   61    0 1.0000000000 -6.7223608842e+00 -6.3556268931e+00\n   62    0 1.0000000000 -6.6734484123e+00 -6.3046099978e+00\n   63    0 1.0000000000 -6.6241098242e+00 -6.2542668013e+00\n   64    0 1.0000000000 -6.5743595033e+00 -6.2046479950e+00\n   65    0 1.0000000000 -6.5242118213e+00 -6.1558035407e+00\n   66    0 1.0000000000 -6.4736811315e+00 -6.1077826208e+00\n   67    0 1.0000000000 -6.4227817601e+00 -6.0606335882e+00\n   68    0 1.0000000000 -6.3715279995e+00 -6.0144039179e+00\n   69    0 1.0000000000 -6.3199341005e+00 -5.9691401594e+00\n   70    0 1.0000000000 -6.2680142654e+00 -5.9248878894e+00\n   71    0 1.0000000000 -6.2157826406e+00 -5.8816916662e+00\n   72    0 1.0000000000 -6.1632533098e+00 -5.8395949848e+00\n   73    0 1.0000000000 -6.1104402876e+00 -5.7986402329e+00\n   74    0 1.0000000000 -6.0573575126e+00 -5.7588686484e+00\n   75    0 1.0000000000 -6.0040188410e+00 -5.7203202781e+00\n   76    0 1.0000000000 -5.9504380408e+00 -5.6830339367e+00\n   77    0 1.0000000000 -5.8966287858e+00 -5.6470471687e+00\n   78    0 1.0000000000 -5.8426046497e+00 -5.6123962094e+00\n   79    0 1.0000000000 -5.7883791012e+00 -5.5791159496e+00\n   80    0 1.0000000000 -5.7339654988e+00 -5.5472398997e+00\n   81    0 1.0000000000 -5.6793770863e+00 -5.5168001560e+00\n   82    0 1.0000000000 -5.6246269885e+00 -5.4878273689e+00\n   83    0 1.0000000000 -5.5697282084e+00 -5.4603507115e+00\n   84    0 1.0000000000 -5.5146936243e+00 -5.4343978504e+00\n   85    0 1.0000000000 -5.4595359888e+00 -5.4099949180e+00\n   86    0 1.0000000000 -5.4042679295e+00 -5.3871664861e+00\n   87    0 1.0000000000 -5.3489019522e+00 -5.3659355407e+00\n   88    0 1.0000000000 -5.2934504494e+00 -5.3463234598e+00\n   89    0 1.0000000000 -5.2379257156e+00 -5.3283499911e+00\n   90    0 1.0000000000 -5.1823399758e+00 -5.3120332322e+00\n   91    0 1.0000000000 -5.1267054393e+00 -5.2973896128e+00\n   92    0 1.0000000000 -5.0710344019e+00 -5.2844338778e+00\n   93    0 1.0000000000 -5.0153394542e+00 -5.2731790725e+00\n   94    0 1.0000000000 -4.9596339439e+00 -5.2636365295e+00\n   95    0 1.0000000000 -4.9039331355e+00 -5.2558158574e+00\n   96    0 1.0000000000 -4.8482576884e+00 -5.2497249309e+00\n   97    0 1.0000000000 -4.7926475337e+00 -5.2453698831e+00\n   98    0 1.0000000000 -4.7372578953e+00 -5.2427550991e+00\n   99    0 1.0000000000 -4.6891149677e+00 -5.2418832118e+00\n  100    0 1.0000000000 -4.6888361034e+00 -5.2413530267e+00\n  101    0 1.0000000000 -4.6879995992e+00 -5.2397630054e+00\n  102    0 1.0000000000 -4.6866057214e+00 -5.2371147487e+00\n  103    0 1.0000000000 -4.6846549136e+00 -5.2334109233e+00\n  104    0 1.0000000000 -4.6821477963e+00 -5.2286552587e+00\n  105    0 1.0000000000 -4.6790851670e+00 -5.2228525433e+00\n  106    0 1.0000000000 -4.6754679989e+00 -5.2160086201e+00\n  107    0 1.0000000000 -4.6712974410e+00 -5.2081303803e+00\n  108    0 1.0000000000 -4.6665748166e+00 -5.1992257565e+00\n  109    0 1.0000000000 -4.6613016235e+00 -5.1893037150e+00\n  110    0 1.0000000000 -4.6554795319e+00 -5.1783742465e+00\n  111    0 1.0000000000 -4.6491103840e+00 -5.1664483559e+00\n  112    0 1.0000000000 -4.6421961927e+00 -5.1535380518e+00\n  113    0 1.0000000000 -4.6347391401e+00 -5.1396563335e+00\n  114    0 1.0000000000 -4.6267415764e+00 -5.1248171790e+00\n  115    0 1.0000000000 -4.6182060181e+00 -5.1090355298e+00\n  116    0 1.0000000000 -4.6091351466e+00 -5.0923272768e+00\n  117    0 1.0000000000 -4.5995318063e+00 -5.0747092439e+00\n  118    0 1.0000000000 -4.5893990030e+00 -5.0561991708e+00\n  119    0 1.0000000000 -4.5787399016e+00 -5.0368156957e+00\n  120    0 1.0000000000 -4.5675578247e+00 -5.0165783360e+00\n  121    0 1.0000000000 -4.5558562499e+00 -4.9955074690e+00\n  122    0 1.0000000000 -4.5436388078e+00 -4.9736243115e+00\n  123    0 1.0000000000 -4.5309092799e+00 -4.9509508977e+00\n  124    0 1.0000000000 -4.5176715960e+00 -4.9275100580e+00\n  125    0 1.0000000000 -4.5039298317e+00 -4.9033253952e+00\n  126    0 1.0000000000 -4.4896882061e+00 -4.8784212613e+00\n  127    0 1.0000000000 -4.4749510787e+00 -4.8528227327e+00\n  128    0 1.0000000000 -4.4597229475e+00 -4.8265555848e+00\n  129    0 1.0000000000 -4.4440084452e+00 -4.7996462665e+00\n  130    0 1.0000000000 -4.4278123371e+00 -4.7721218731e+00\n  131    0 1.0000000000 -4.4111395179e+00 -4.7440101195e+00\n  132    0 1.0000000000 -4.3939950088e+00 -4.7153393117e+00\n  133    0 1.0000000000 -4.3763839541e+00 -4.6861383188e+00\n  134    0 1.0000000000 -4.3583116187e+00 -4.6564365438e+00\n  135    0 1.0000000000 -4.3397833842e+00 -4.6262638938e+00\n  136    0 1.0000000000 -4.3208047463e+00 -4.5956507501e+00\n  137    0 1.0000000000 -4.3013813110e+00 -4.5646279376e+00\n  138    0 1.0000000000 -4.2815187918e+00 -4.5332266936e+00\n  139    0 1.0000000000 -4.2612230056e+00 -4.5014786365e+00\n  140    0 1.0000000000 -4.2404998699e+00 -4.4694157338e+00\n  141    0 1.0000000000 -4.2193553992e+00 -4.4370702703e+00\n  142    0 1.0000000000 -4.1977957013e+00 -4.4044748151e+00\n  143    0 1.0000000000 -4.1758269738e+00 -4.3716621890e+00\n  144    0 1.0000000000 -4.1534555006e+00 -4.3386654315e+00\n  145    0 1.0000000000 -4.1306876484e+00 -4.3055177677e+00\n  146    0 1.0000000000 -4.1075298631e+00 -4.2722525743e+00\n  147    0 1.0000000000 -4.0839886657e+00 -4.2389033466e+00\n  148    0 1.0000000000 -4.0600706492e+00 -4.2055036645e+00\n  149    0 1.0000000000 -4.0357824747e+00 -4.1720871586e+00\n  150    0 1.0000000000 -4.0111308678e+00 -4.1386874765e+00\n  151    0 1.0000000000 -3.9861226148e+00 -4.1053382488e+00\n  152    0 1.0000000000 -3.9607645590e+00 -4.0720730554e+00\n  153    0 1.0000000000 -3.9350635971e+00 -4.0389253916e+00\n  154    0 1.0000000000 -3.9090266755e+00 -4.0059286341e+00\n  155    0 1.0000000000 -3.8826607866e+00 -3.9731160080e+00\n  156    0 1.0000000000 -3.8559729652e+00 -3.9405205528e+00\n  157    0 1.0000000000 -3.8289702846e+00 -3.9081750893e+00\n  158    0 1.0000000000 -3.8016598532e+00 -3.8761121866e+00\n  159    0 1.0000000000 -3.7740488108e+00 -3.8443641295e+00\n  160    0 1.0000000000 -3.7461443249e+00 -3.8129628855e+00\n  161    0 1.0000000000 -3.7179535871e+00 -3.7819400730e+00\n  162    0 1.0000000000 -3.6894838098e+00 -3.7513269293e+00\n  163    0 1.0000000000 -3.6607422225e+00 -3.7211542793e+00\n  164    0 1.0000000000 -3.6317360681e+00 -3.6914525043e+00\n  165    0 1.0000000000 -3.6024725998e+00 -3.6622515114e+00\n  166    0 1.0000000000 -3.5729590775e+00 -3.6335807036e+00\n  167    0 1.0000000000 -3.5432027642e+00 -3.6054689500e+00\n  168    0 1.0000000000 -3.5132109232e+00 -3.5779445566e+00\n  169    0 1.0000000000 -3.4829908144e+00 -3.5510352383e+00\n  170    0 1.0000000000 -3.4525496910e+00 -3.5247680904e+00\n  171    0 1.0000000000 -3.4218947967e+00 -3.4991695618e+00\n  172    0 1.0000000000 -3.3910333621e+00 -3.4742654279e+00\n  173    0 1.0000000000 -3.3599726021e+00 -3.4500807651e+00\n  174    0 1.0000000000 -3.3287197125e+00 -3.4266399254e+00\n  175    0 1.0000000000 -3.2972818673e+00 -3.4039665116e+00\n  176    0 1.0000000000 -3.2656662158e+00 -3.3820833541e+00\n  177    0 1.0000000000 -3.2338798798e+00 -3.3610124871e+00\n  178    0 1.0000000000 -3.2019299508e+00 -3.3407751274e+00\n  179    0 1.0000000000 -3.1698234877e+00 -3.3213916523e+00\n  180    0 1.0000000000 -3.1375675141e+00 -3.3028815792e+00\n  181    0 1.0000000000 -3.1051690163e+00 -3.2852635463e+00\n  182    0 1.0000000000 -3.0726349407e+00 -3.2685552933e+00\n  183    0 1.0000000000 -3.0399721927e+00 -3.2527736441e+00\n  184    0 1.0000000000 -3.0071876345e+00 -3.2379344896e+00\n  185    0 1.0000000000 -2.9742880844e+00 -3.2240527713e+00\n  186    0 1.0000000000 -2.9412803165e+00 -3.2111424671e+00\n  187    0 1.0000000000 -2.9081710619e+00 -3.1992165766e+00\n  188    0 1.0000000000 -2.8749670109e+00 -3.1882871081e+00\n  189    0 1.0000000000 -2.8416748199e+00 -3.1783650666e+00\n  190    0 1.0000000000 -2.8083011236e+00 -3.1694604428e+00\n  191    0 1.0000000000 -2.7748525600e+00 -3.1615822030e+00\n  192    0 1.0000000000 -2.7413358226e+00 -3.1547382797e+00\n  193    0 1.0000000000 -2.7077577768e+00 -3.1489355644e+00\n  194    0 1.0000000000 -2.6741257542e+00 -3.1441798998e+00\n  195    0 1.0000000000 -2.6404484370e+00 -3.1404760744e+00\n  196    0 1.0000000000 -2.6067393950e+00 -3.1378278177e+00\n  197    0 1.0000000000 -2.5730417167e+00 -3.1362377964e+00\n  198    0 1.0000000000 -2.5422585516e+00 -3.1357076113e+00\n  199    0 1.0000000000 -2.6043755347e+00 -3.1367680675e+00\n  200    0 1.0000000000 -2.6726152215e+00 -3.1399493998e+00\n  201    0 1.0000000000 -2.7414970556e+00 -3.1452514955e+00\n  202    0 1.0000000000 -2.8109526384e+00 -3.1526741530e+00\n  203    0 1.0000000000 -2.8809606221e+00 -3.1622170615e+00\n  204    0 1.0000000000 -2.9515069669e+00 -3.1738797722e+00\n  205    0 1.0000000000 -3.0225792709e+00 -3.1876616620e+00\n  206    0 1.0000000000 -3.0941653463e+00 -3.2035618895e+00\n  207    0 1.0000000000 -3.1662527368e+00 -3.2215793430e+00\n  208    0 1.0000000000 -3.2388285174e+00 -3.2417125819e+00\n  209    0 1.0000000000 -3.3118791971e+00 -3.2639597711e+00\n  210    0 1.0000000000 -3.3853906653e+00 -3.2883186080e+00\n  211    0 1.0000000000 -3.4593481572e+00 -3.3147862445e+00\n  212    0 1.0000000000 -3.5337362309e+00 -3.3433592020e+00\n  213    0 1.0000000000 -3.6085387495e+00 -3.3740332822e+00\n  214    0 1.0000000000 -3.6837388672e+00 -3.4068034720e+00\n  215    0 1.0000000000 -3.7593190178e+00 -3.4416638444e+00\n  216    0 1.0000000000 -3.8352609045e+00 -3.4786074555e+00\n  217    0 1.0000000000 -3.9115454925e+00 -3.5176262384e+00\n  218    0 1.0000000000 -3.9881530010e+00 -3.5587108934e+00\n  219    0 1.0000000000 -4.0650628982e+00 -3.6018507771e+00\n  220    0 1.0000000000 -4.1422538962e+00 -3.6470337893e+00\n  221    0 1.0000000000 -4.2197039478e+00 -3.6942462590e+00\n  222    0 1.0000000000 -4.2973902438e+00 -3.7434728298e+00\n  223    0 1.0000000000 -4.3752892122e+00 -3.7946963462e+00\n  224    0 1.0000000000 -4.4533765176e+00 -3.8478977398e+00\n  225    0 1.0000000000 -4.5316270631e+00 -3.9030559181e+00\n  226    0 1.0000000000 -4.6100149920e+00 -3.9601476549e+00\n  227    0 1.0000000000 -4.6885136922e+00 -4.0191474832e+00\n  228    0 1.0000000000 -4.7670958007e+00 -4.0800275923e+00\n  229    0 1.0000000000 -4.8457332102e+00 -4.1427577283e+00\n  230    0 1.0000000000 -4.9243970770e+00 -4.2073050999e+00\n  231    0 1.0000000000 -5.0030578300e+00 -4.2736342888e+00\n  232    0 1.0000000000 -5.0816851812e+00 -4.3417071662e+00\n  233    0 1.0000000000 -5.1602481380e+00 -4.4114828163e+00\n  234    0 1.0000000000 -5.2387150168e+00 -4.4829174656e+00\n  235    0 1.0000000000 -5.3170534579e+00 -4.5559644208e+00\n  236    0 1.0000000000 -5.3952304421e+00 -4.6305740141e+00\n  237    0 1.0000000000 -5.4732123090e+00 -4.7066935568e+00\n  238    0 1.0000000000 -5.5509647766e+00 -4.7842673024e+00\n  239    0 1.0000000000 -5.6284529626e+00 -4.8632364183e+00\n  240    0 1.0000000000 -5.7056414073e+00 -4.9435389675e+00\n  241    0 1.0000000000 -5.7824940978e+00 -5.0251099000e+00\n  242    0 1.0000000000 -5.8589744939e+00 -5.1078810551e+00\n  243    0 1.0000000000 -5.9350455561e+00 -5.1917811733e+00\n  244    0 1.0000000000 -6.0106697738e+00 -5.2767359196e+00\n  245    0 1.0000000000 -6.0858091967e+00 -5.3626679175e+00\n  246    0 1.0000000000 -6.1604254661e+00 -5.4494967940e+00\n  247    0 1.0000000000 -6.2344798490e+00 -5.5371392359e+00\n  248    0 1.0000000000 -6.3079332726e+00 -5.6255090566e+00\n  249    0 1.0000000000 -6.3807463610e+00 -5.7145172753e+00\n  250    0 1.0000000000 -6.4528794724e+00 -5.8040722062e+00\n  251    0 1.0000000000 -6.5242927388e+00 -5.8940795589e+00\n  252    0 1.0000000000 -6.5949461057e+00 -5.9844425506e+00\n  253    0 1.0000000000 -6.6647993738e+00 -6.0750620276e+00\n  254    0 1.0000000000 -6.7338122420e+00 -6.1658365984e+00\n  255    0 1.0000000000 -6.8019443503e+00 -6.2566627767e+00\n  256    0 1.0000000000 -6.8691553253e+00 -6.3474351341e+00\n  257    0 1.0000000000 -6.9354048257e+00 -6.4380464623e+00\n  258    0 1.0000000000 -7.0006525888e+00 -6.5283879454e+00\n  259    0 1.0000000000 -7.0648584777e+00 -6.6183493396e+00\n  260    0 1.0000000000 -7.1279825299e+00 -6.7078191619e+00\n  261    0 1.0000000000 -7.1899850054e+00 -6.7966848870e+00\n  262    0 1.0000000000 -7.2508264363e+00 -6.8848331504e+00\n  263    0 1.0000000000 -7.3104676764e+00 -6.9721499588e+00\n  264    0 1.0000000000 -7.3688699513e+00 -7.0585209070e+00\n  265    0 1.0000000000 -7.4259949085e+00 -7.1438313990e+00\n  266    0 1.0000000000 -7.4818046677e+00 -7.2279668752e+00\n  267    0 1.0000000000 -7.5362618717e+00 -7.3108130428e+00\n  268    0 1.0000000000 -7.5893297363e+00 -7.3922561104e+00\n  269    0 1.0000000000 -7.6409721008e+00 -7.4721830242e+00\n  270    0 1.0000000000 -7.6911534777e+00 -7.5504817077e+00\n  271    0 1.0000000000 -7.7398391024e+00 -7.6270413010e+00\n  272    0 1.0000000000 -7.7869949824e+00 -7.7017524018e+00\n  273    0 1.0000000000 -7.8325879452e+00 -7.7745073056e+00\n  274    0 1.0000000000 -7.8765856864e+00 -7.8452002449e+00\n  275    0 1.0000000000 -7.9189568166e+00 -7.9137276266e+00\n  276    0 1.0000000000 -7.9596709073e+00 -7.9799882666e+00\n  277    0 1.0000000000 -7.9986985357e+00 -8.0438836219e+00\n  278    0 1.0000000000 -8.0360113283e+00 -8.1053180171e+00\n  279    0 1.0000000000 -8.0715820039e+00 -8.1641988678e+00\n  280    0 1.0000000000 -8.1053844145e+00 -8.2204368967e+00\n  281    0 1.0000000000 -8.1373935847e+00 -8.2739463451e+00\n  282    0 1.0000000000 -8.1675857504e+00 -8.3246451757e+00\n  283    0 1.0000000000 -8.1959383948e+00 -8.3724552694e+00\n  284    0 1.0000000000 -8.2224302837e+00 -8.4173026124e+00\n  285    0 1.0000000000 -8.2470414980e+00 -8.4591174749e+00\n  286    0 1.0000000000 -8.2697534650e+00 -8.4978345809e+00\n  287    0 1.0000000000 -8.2905489875e+00 -8.5333932663e+00\n  288    0 1.0000000000 -8.3094122706e+00 -8.5657376280e+00\n  289    0 1.0000000000 -8.3263289471e+00 -8.5948166608e+00\n  290    0 1.0000000000 -8.3412860998e+00 -8.6205843831e+00\n  291    0 1.0000000000 -8.3542722822e+00 -8.6429999503e+00\n  292    0 1.0000000000 -8.3652775368e+00 -8.6620277563e+00\n  293    0 1.0000000000 -8.3742934108e+00 -8.6776375213e+00\n  294    0 1.0000000000 -8.3813129698e+00 -8.6898043675e+00\n  295    0 1.0000000000 -8.3863308086e+00 -8.6985088807e+00\n  296    0 1.0000000000 -8.3893430605e+00 -8.7037371592e+00\n  297    0 1.0000000000 -8.3903474026e+00 -8.7054808478e+00\n