SINGLE-ORBITAL NN+NNN EFFECTIVE MODEL FIT

m=3
eon=0.0
t0=1.0
l_decay=0.4
dl=0.1
pairing=./m=3/pairing.txt
microscopic_orbitals=20

E_eff(k) = eps0 + 2*t1[cos(k.u1)+cos(k.u2)] + 4*t2*cos(k.u1)*cos(k.u2)

eps0     = -1.52766509245498e+01
t1       = -8.40702980082105e-01
t2       = -1.05677634081540e-01

RMSE=4.55971317850961e-01
MAE=3.91754679429721e-01
max_abs_error=9.61806850921144e-01
optimizer_success=True
optimizer_message=Linear least-squares solution
minimum_tracking_continuity=1.0000000000
mean_tracking_continuity=1.0000000000

# k_index idx continuity target fit\n    0    0 1.0000000000 -1.8639893466e+01 -1.9062173381e+01\n    1    0 1.0000000000 -1.8639333606e+01 -1.9061114048e+01\n    2    0 1.0000000000 -1.8637654170e+01 -1.9057937114e+01\n    3    0 1.0000000000 -1.8634855590e+01 -1.9052645779e+01\n    4    0 1.0000000000 -1.8630938586e+01 -1.9045245370e+01\n    5    0 1.0000000000 -1.8625904166e+01 -1.9035743340e+01\n    6    0 1.0000000000 -1.8619753625e+01 -1.9024149255e+01\n    7    0 1.0000000000 -1.8612488543e+01 -1.9010474790e+01\n    8    0 1.0000000000 -1.8604110789e+01 -1.8994733715e+01\n    9    0 1.0000000000 -1.8594622514e+01 -1.8976941879e+01\n   10    0 1.0000000000 -1.8584026153e+01 -1.8957117196e+01\n   11    0 1.0000000000 -1.8572324426e+01 -1.8935279630e+01\n   12    0 1.0000000000 -1.8559520334e+01 -1.8911451167e+01\n   13    0 1.0000000000 -1.8545617155e+01 -1.8885655803e+01\n   14    0 1.0000000000 -1.8530618450e+01 -1.8857919509e+01\n   15    0 1.0000000000 -1.8514528056e+01 -1.8828270215e+01\n   16    0 1.0000000000 -1.8497350082e+01 -1.8796737774e+01\n   17    0 1.0000000000 -1.8479088915e+01 -1.8763353938e+01\n   18    0 1.0000000000 -1.8459749211e+01 -1.8728152321e+01\n   19    0 1.0000000000 -1.8439335896e+01 -1.8691168367e+01\n   20    0 1.0000000000 -1.8417854162e+01 -1.8652439318e+01\n   21    0 1.0000000000 -1.8395309468e+01 -1.8612004168e+01\n   22    0 1.0000000000 -1.8371707535e+01 -1.8569903635e+01\n   23    0 1.0000000000 -1.8347054341e+01 -1.8526180108e+01\n   24    0 1.0000000000 -1.8321356126e+01 -1.8480877613e+01\n   25    0 1.0000000000 -1.8294619379e+01 -1.8434041768e+01\n   26    0 1.0000000000 -1.8266850846e+01 -1.8385719731e+01\n   27    0 1.0000000000 -1.8238057517e+01 -1.8335960158e+01\n   28    0 1.0000000000 -1.8208246631e+01 -1.8284813153e+01\n   29    0 1.0000000000 -1.8177425669e+01 -1.8232330218e+01\n   30    0 1.0000000000 -1.8145602349e+01 -1.8178564197e+01\n   31    0 1.0000000000 -1.8112784628e+01 -1.8123569229e+01\n   32    0 1.0000000000 -1.8078980694e+01 -1.8067400688e+01\n   33    0 1.0000000000 -1.8044198964e+01 -1.8010115133e+01\n   34    0 1.0000000000 -1.8008448081e+01 -1.7951770244e+01\n   35    0 1.0000000000 -1.7971736912e+01 -1.7892424770e+01\n   36    0 1.0000000000 -1.7934074539e+01 -1.7832138466e+01\n   37    0 1.0000000000 -1.7895470261e+01 -1.7770972037e+01\n   38    0 1.0000000000 -1.7855933589e+01 -1.7708987071e+01\n   39    0 1.0000000000 -1.7815474237e+01 -1.7646245982e+01\n   40    0 1.0000000000 -1.7774102127e+01 -1.7582811945e+01\n   41    0 1.0000000000 -1.7731827378e+01 -1.7518748832e+01\n   42    0 1.0000000000 -1.7688660304e+01 -1.7454121150e+01\n   43    0 1.0000000000 -1.7644611411e+01 -1.7388993974e+01\n   44    0 1.0000000000 -1.7599691393e+01 -1.7323432880e+01\n   45    0 1.0000000000 -1.7553911128e+01 -1.7257503884e+01\n   46    0 1.0000000000 -1.7507281671e+01 -1.7191273370e+01\n   47    0 1.0000000000 -1.7459814253e+01 -1.7124808026e+01\n   48    0 1.0000000000 -1.7411520278e+01 -1.7058174779e+01\n   49    0 1.0000000000 -1.7362411316e+01 -1.6991440721e+01\n   50    0 1.0000000000 -1.7312499098e+01 -1.6924673048e+01\n   51    0 1.0000000000 -1.7261795517e+01 -1.6857938991e+01\n   52    0 1.0000000000 -1.7210312619e+01 -1.6791305743e+01\n   53    0 1.0000000000 -1.7158062601e+01 -1.6724840400e+01\n   54    0 1.0000000000 -1.7105057807e+01 -1.6658609886e+01\n   55    0 1.0000000000 -1.7051310723e+01 -1.6592680889e+01\n   56    0 1.0000000000 -1.6996833974e+01 -1.6527119796e+01\n   57    0 1.0000000000 -1.6941640320e+01 -1.6461992619e+01\n   58    0 1.0000000000 -1.6885742652e+01 -1.6397364937e+01\n   59    0 1.0000000000 -1.6829153987e+01 -1.6333301825e+01\n   60    0 1.0000000000 -1.6771887466e+01 -1.6269867788e+01\n   61    0 1.0000000000 -1.6713956349e+01 -1.6207126698e+01\n   62    0 1.0000000000 -1.6655374011e+01 -1.6145141732e+01\n   63    0 1.0000000000 -1.6596153940e+01 -1.6083975303e+01\n   64    0 1.0000000000 -1.6536309734e+01 -1.6023689000e+01\n   65    0 1.0000000000 -1.6475855092e+01 -1.5964343525e+01\n   66    0 1.0000000000 -1.6414803819e+01 -1.5905998636e+01\n   67    0 1.0000000000 -1.6353169815e+01 -1.5848713081e+01\n   68    0 1.0000000000 -1.6290967078e+01 -1.5792544541e+01\n   69    0 1.0000000000 -1.6228209697e+01 -1.5737549572e+01\n   70    0 1.0000000000 -1.6164911850e+01 -1.5683783552e+01\n   71    0 1.0000000000 -1.6101087803e+01 -1.5631300616e+01\n   72    0 1.0000000000 -1.6036751905e+01 -1.5580153612e+01\n   73    0 1.0000000000 -1.5971918585e+01 -1.5530394039e+01\n   74    0 1.0000000000 -1.5906602354e+01 -1.5482072002e+01\n   75    0 1.0000000000 -1.5840817797e+01 -1.5435236156e+01\n   76    0 1.0000000000 -1.5774579575e+01 -1.5389933662e+01\n   77    0 1.0000000000 -1.5707902422e+01 -1.5346210135e+01\n   78    0 1.0000000000 -1.5640801143e+01 -1.5304109601e+01\n   79    0 1.0000000000 -1.5573290612e+01 -1.5263674452e+01\n   80    0 1.0000000000 -1.5505385772e+01 -1.5224945402e+01\n   81    0 1.0000000000 -1.5437101633e+01 -1.5187961449e+01\n   82    0 1.0000000000 -1.5368453273e+01 -1.5152759831e+01\n   83    0 1.0000000000 -1.5299455833e+01 -1.5119375995e+01\n   84    0 1.0000000000 -1.5230124522e+01 -1.5087843555e+01\n   85    0 1.0000000000 -1.5160474613e+01 -1.5058194260e+01\n   86    0 1.0000000000 -1.5090521445e+01 -1.5030457967e+01\n   87    0 1.0000000000 -1.5020280426e+01 -1.5004662602e+01\n   88    0 1.0000000000 -1.4949767028e+01 -1.4980834140e+01\n   89    0 1.0000000000 -1.4878996796e+01 -1.4958996573e+01\n   90    0 1.0000000000 -1.4807985345e+01 -1.4939171891e+01\n   91    0 1.0000000000 -1.4736748369e+01 -1.4921380054e+01\n   92    0 1.0000000000 -1.4665301645e+01 -1.4905638979e+01\n   93    0 1.0000000000 -1.4593661048e+01 -1.4891964514e+01\n   94    0 1.0000000000 -1.4521842575e+01 -1.4880370430e+01\n   95    0 1.0000000000 -1.4449862411e+01 -1.4870868399e+01\n   96    0 1.0000000000 -1.4377737109e+01 -1.4863467991e+01\n   97    0 1.0000000000 -1.4305484313e+01 -1.4858176655e+01\n   98    0 1.0000000000 -1.4233127781e+01 -1.4854999722e+01\n   99    0 1.0000000000 -1.4162719764e+01 -1.4853940388e+01\n  100    0 1.0000000000 -1.4162360206e+01 -1.4853306688e+01\n  101    0 1.0000000000 -1.4161281646e+01 -1.4851406227e+01\n  102    0 1.0000000000 -1.4159484429e+01 -1.4848240918e+01\n  103    0 1.0000000000 -1.4156969126e+01 -1.4843813948e+01\n  104    0 1.0000000000 -1.4153736542e+01 -1.4838129775e+01\n  105    0 1.0000000000 -1.4149787708e+01 -1.4831194122e+01\n  106    0 1.0000000000 -1.4145123886e+01 -1.4823013973e+01\n  107    0 1.0000000000 -1.4139746570e+01 -1.4813597565e+01\n  108    0 1.0000000000 -1.4133657481e+01 -1.4802954379e+01\n  109    0 1.0000000000 -1.4126858577e+01 -1.4791095133e+01\n  110    0 1.0000000000 -1.4119352044e+01 -1.4778031766e+01\n  111    0 1.0000000000 -1.4111140301e+01 -1.4763777433e+01\n  112    0 1.0000000000 -1.4102226004e+01 -1.4748346487e+01\n  113    0 1.0000000000 -1.4092612039e+01 -1.4731754466e+01\n  114    0 1.0000000000 -1.4082301532e+01 -1.4714018076e+01\n  115    0 1.0000000000 -1.4071297844e+01 -1.4695155176e+01\n  116    0 1.0000000000 -1.4059604575e+01 -1.4675184760e+01\n  117    0 1.0000000000 -1.4047225563e+01 -1.4654126936e+01\n  118    0 1.0000000000 -1.4034164891e+01 -1.4632002908e+01\n  119    0 1.0000000000 -1.4020426883e+01 -1.4608834952e+01\n  120    0 1.0000000000 -1.4006016109e+01 -1.4584646398e+01\n  121    0 1.0000000000 -1.3990937388e+01 -1.4559461599e+01\n  122    0 1.0000000000 -1.3975195789e+01 -1.4533305917e+01\n  123    0 1.0000000000 -1.3958796633e+01 -1.4506205686e+01\n  124    0 1.0000000000 -1.3941745500e+01 -1.4478188195e+01\n  125    0 1.0000000000 -1.3924048228e+01 -1.4449281656e+01\n  126    0 1.0000000000 -1.3905710919e+01 -1.4419515173e+01\n  127    0 1.0000000000 -1.3886739943e+01 -1.4388918721e+01\n  128    0 1.0000000000 -1.3867141943e+01 -1.4357523106e+01\n  129    0 1.0000000000 -1.3846923838e+01 -1.4325359942e+01\n  130    0 1.0000000000 -1.3826092832e+01 -1.4292461614e+01\n  131    0 1.0000000000 -1.3804656416e+01 -1.4258861248e+01\n  132    0 1.0000000000 -1.3782622378e+01 -1.4224592676e+01\n  133    0 1.0000000000 -1.3759998808e+01 -1.4189690405e+01\n  134    0 1.0000000000 -1.3736794109e+01 -1.4154189578e+01\n  135    0 1.0000000000 -1.3713017000e+01 -1.4118125940e+01\n  136    0 1.0000000000 -1.3688676532e+01 -1.4081535806e+01\n  137    0 1.0000000000 -1.3663782095e+01 -1.4044456018e+01\n  138    0 1.0000000000 -1.3638343431e+01 -1.4006923913e+01\n  139    0 1.0000000000 -1.3612370645e+01 -1.3968977282e+01\n  140    0 1.0000000000 -1.3585874219e+01 -1.3930654334e+01\n  141    0 1.0000000000 -1.3558865029e+01 -1.3891993658e+01\n  142    0 1.0000000000 -1.3531354359e+01 -1.3853034180e+01\n  143    0 1.0000000000 -1.3503353922e+01 -1.3813815131e+01\n  144    0 1.0000000000 -1.3474875875e+01 -1.3774376000e+01\n  145    0 1.0000000000 -1.3445932847e+01 -1.3734756499e+01\n  146    0 1.0000000000 -1.3416537958e+01 -1.3694996522e+01\n  147    0 1.0000000000 -1.3386704845e+01 -1.3655136104e+01\n  148    0 1.0000000000 -1.3356447693e+01 -1.3615215380e+01\n  149    0 1.0000000000 -1.3325781264e+01 -1.3575274548e+01\n  150    0 1.0000000000 -1.3294720932e+01 -1.3535353825e+01\n  151    0 1.0000000000 -1.3263282720e+01 -1.3495493406e+01\n  152    0 1.0000000000 -1.3231483339e+01 -1.3455733429e+01\n  153    0 1.0000000000 -1.3199340237e+01 -1.3416113929e+01\n  154    0 1.0000000000 -1.3166871640e+01 -1.3376674798e+01\n  155    0 1.0000000000 -1.3134096613e+01 -1.3337455749e+01\n  156    0 1.0000000000 -1.3101035114e+01 -1.3298496271e+01\n  157    0 1.0000000000 -1.3067708059e+01 -1.3259835595e+01\n  158    0 1.0000000000 -1.3034137390e+01 -1.3221512647e+01\n  159    0 1.0000000000 -1.3000346152e+01 -1.3183566016e+01\n  160    0 1.0000000000 -1.2966358576e+01 -1.3146033910e+01\n  161    0 1.0000000000 -1.2932200166e+01 -1.3108954123e+01\n  162    0 1.0000000000 -1.2897897802e+01 -1.3072363989e+01\n  163    0 1.0000000000 -1.2863479842e+01 -1.3036300351e+01\n  164    0 1.0000000000 -1.2828976237e+01 -1.3000799524e+01\n  165    0 1.0000000000 -1.2794418662e+01 -1.2965897252e+01\n  166    0 1.0000000000 -1.2759840641e+01 -1.2931628681e+01\n  167    0 1.0000000000 -1.2725277700e+01 -1.2898028315e+01\n  168    0 1.0000000000 -1.2690767517e+01 -1.2865129987e+01\n  169    0 1.0000000000 -1.2656350088e+01 -1.2832966823e+01\n  170    0 1.0000000000 -1.2622067903e+01 -1.2801571208e+01\n  171    0 1.0000000000 -1.2587966127e+01 -1.2770974755e+01\n  172    0 1.0000000000 -1.2554092793e+01 -1.2741208273e+01\n  173    0 1.0000000000 -1.2520498995e+01 -1.2712301733e+01\n  174    0 1.0000000000 -1.2487239093e+01 -1.2684284243e+01\n  175    0 1.0000000000 -1.2454370903e+01 -1.2657184012e+01\n  176    0 1.0000000000 -1.2421955894e+01 -1.2631028329e+01\n  177    0 1.0000000000 -1.2390059360e+01 -1.2605843531e+01\n  178    0 1.0000000000 -1.2358750579e+01 -1.2581654976e+01\n  179    0 1.0000000000 -1.2328102933e+01 -1.2558487021e+01\n  180    0 1.0000000000 -1.2298193987e+01 -1.2536362992e+01\n  181    0 1.0000000000 -1.2269105499e+01 -1.2515305168e+01\n  182    0 1.0000000000 -1.2240923359e+01 -1.2495334752e+01\n  183    0 1.0000000000 -1.2213737425e+01 -1.2476471853e+01\n  184    0 1.0000000000 -1.2187641231e+01 -1.2458735463e+01\n  185    0 1.0000000000 -1.2162731564e+01 -1.2442143441e+01\n  186    0 1.0000000000 -1.2139107855e+01 -1.2426712495e+01\n  187    0 1.0000000000 -1.2116871398e+01 -1.2412458163e+01\n  188    0 1.0000000000 -1.2096124354e+01 -1.2399394796e+01\n  189    0 1.0000000000 -1.2076968548e+01 -1.2387535549e+01\n  190    0 1.0000000000 -1.2059504056e+01 -1.2376892363e+01\n  191    0 1.0000000000 -1.2043827598e+01 -1.2367475955e+01\n  192    0 1.0000000000 -1.2030030777e+01 -1.2359295807e+01\n  193    0 1.0000000000 -1.2018198211e+01 -1.2352360154e+01\n  194    0 1.0000000000 -1.2008405632e+01 -1.2346675981e+01\n  195    0 1.0000000000 -1.2000718038e+01 -1.2342249011e+01\n  196    0 1.0000000000 -1.1995187990e+01 -1.2339083702e+01\n  197    0 1.0000000000 -1.1991854163e+01 -1.2337183240e+01\n  198    0 1.0000000000 -1.1990740230e+01 -1.2336549541e+01\n  199    0 1.0000000000 -1.1994482485e+01 -1.2337817047e+01\n  200    0 1.0000000000 -1.2008817478e+01 -1.2341619576e+01\n  201    0 1.0000000000 -1.2032826918e+01 -1.2347957148e+01\n  202    0 1.0000000000 -1.2065776579e+01 -1.2356829781e+01\n  203    0 1.0000000000 -1.2106992088e+01 -1.2368237463e+01\n  204    0 1.0000000000 -1.2155746048e+01 -1.2382180118e+01\n  205    0 1.0000000000 -1.2211288808e+01 -1.2398657559e+01\n  206    0 1.0000000000 -1.2272883705e+01 -1.2417669431e+01\n  207    0 1.0000000000 -1.2339833029e+01 -1.2439215150e+01\n  208    0 1.0000000000 -1.2411493719e+01 -1.2463293824e+01\n  209    0 1.0000000000 -1.2487284606e+01 -1.2489904175e+01\n  210    0 1.0000000000 -1.2566687591e+01 -1.2519044443e+01\n  211    0 1.0000000000 -1.2649244964e+01 -1.2550712290e+01\n  212    0 1.0000000000 -1.2734554546e+01 -1.2584904695e+01\n  213    0 1.0000000000 -1.2822263868e+01 -1.2621617834e+01\n  214    0 1.0000000000 -1.2912064144e+01 -1.2660846971e+01\n  215    0 1.0000000000 -1.3003684495e+01 -1.2702586323e+01\n  216    0 1.0000000000 -1.3096886662e+01 -1.2746828936e+01\n  217    0 1.0000000000 -1.3191460296e+01 -1.2793566549e+01\n  218    0 1.0000000000 -1.3287218855e+01 -1.2842789457e+01\n  219    0 1.0000000000 -1.3383996064e+01 -1.2894486369e+01\n  220    0 1.0000000000 -1.3481642895e+01 -1.2948644265e+01\n  221    0 1.0000000000 -1.3580024997e+01 -1.3005248255e+01\n  222    0 1.0000000000 -1.3679020523e+01 -1.3064281431e+01\n  223    0 1.0000000000 -1.3778518294e+01 -1.3125724723e+01\n  224    0 1.0000000000 -1.3878416251e+01 -1.3189556760e+01\n  225    0 1.0000000000 -1.3978620137e+01 -1.3255753720e+01\n  226    0 1.0000000000 -1.4079042400e+01 -1.3324289199e+01\n  227    0 1.0000000000 -1.4179601249e+01 -1.3395134073e+01\n  228    0 1.0000000000 -1.4280219865e+01 -1.3468256366e+01\n  229    0 1.0000000000 -1.4380825725e+01 -1.3543621121e+01\n  230    0 1.0000000000 -1.4481350036e+01 -1.3621190288e+01\n  231    0 1.0000000000 -1.4581727238e+01 -1.3700922598e+01\n  232    0 1.0000000000 -1.4681894602e+01 -1.3782773469e+01\n  233    0 1.0000000000 -1.4781791866e+01 -1.3866694897e+01\n  234    0 1.0000000000 -1.4881360939e+01 -1.3952635369e+01\n  235    0 1.0000000000 -1.4980545638e+01 -1.4040539786e+01\n  236    0 1.0000000000 -1.5079291471e+01 -1.4130349385e+01\n  237    0 1.0000000000 -1.5177545446e+01 -1.4222001684e+01\n  238    0 1.0000000000 -1.5275255911e+01 -1.4315430430e+01\n  239    0 1.0000000000 -1.5372372412e+01 -1.4410565561e+01\n  240    0 1.0000000000 -1.5468845580e+01 -1.4507333179e+01\n  241    0 1.0000000000 -1.5564627027e+01 -1.4605655539e+01\n  242    0 1.0000000000 -1.5659669264e+01 -1.4705451045e+01\n  243    0 1.0000000000 -1.5753925626e+01 -1.4806634263e+01\n  244    0 1.0000000000 -1.5847350215e+01 -1.4909115949e+01\n  245    0 1.0000000000 -1.5939897846e+01 -1.5012803082e+01\n  246    0 1.0000000000 -1.6031524010e+01 -1.5117598924e+01\n  247    0 1.0000000000 -1.6122184835e+01 -1.5223403081e+01\n  248    0 1.0000000000 -1.6211837065e+01 -1.5330111585e+01\n  249    0 1.0000000000 -1.6300438034e+01 -1.5437616991e+01\n  250    0 1.0000000000 -1.6387945652e+01 -1.5545808481e+01\n  251    0 1.0000000000 -1.6474318396e+01 -1.5654571988e+01\n  252    0 1.0000000000 -1.6559515300e+01 -1.5763790333e+01\n  253    0 1.0000000000 -1.6643495956e+01 -1.5873343369e+01\n  254    0 1.0000000000 -1.6726220509e+01 -1.5983108149e+01\n  255    0 1.0000000000 -1.6807649664e+01 -1.6092959097e+01\n  256    0 1.0000000000 -1.6887744690e+01 -1.6202768195e+01\n  257    0 1.0000000000 -1.6966467429e+01 -1.6312405186e+01\n  258    0 1.0000000000 -1.7043780303e+01 -1.6421737776e+01\n  259    0 1.0000000000 -1.7119646329e+01 -1.6530631865e+01\n  260    0 1.0000000000 -1.7194029131e+01 -1.6638951774e+01\n  261    0 1.0000000000 -1.7266892953e+01 -1.6746560484e+01\n  262    0 1.0000000000 -1.7338202677e+01 -1.6853319893e+01\n  263    0 1.0000000000 -1.7407923838e+01 -1.6959091069e+01\n  264    0 1.0000000000 -1.7476022643e+01 -1.7063734519e+01\n  265    0 1.0000000000 -1.7542465987e+01 -1.7167110462e+01\n  266    0 1.0000000000 -1.7607221476e+01 -1.7269079109e+01\n  267    0 1.0000000000 -1.7670257441e+01 -1.7369500946e+01\n  268    0 1.0000000000 -1.7731542962e+01 -1.7468237023e+01\n  269    0 1.0000000000 -1.7791047886e+01 -1.7565149250e+01\n  270    0 1.0000000000 -1.7848742849e+01 -1.7660100684e+01\n  271    0 1.0000000000 -1.7904599295e+01 -1.7752955834e+01\n  272    0 1.0000000000 -1.7958589494e+01 -1.7843580952e+01\n  273    0 1.0000000000 -1.8010686567e+01 -1.7931844332e+01\n  274    0 1.0000000000 -1.8060864503e+01 -1.8017616605e+01\n  275    0 1.0000000000 -1.8109098179e+01 -1.8100771035e+01\n  276    0 1.0000000000 -1.8155363380e+01 -1.8181183803e+01\n  277    0 1.0000000000 -1.8199636819e+01 -1.8258734299e+01\n  278    0 1.0000000000 -1.8241896154e+01 -1.8333305402e+01\n  279    0 1.0000000000 -1.8282120006e+01 -1.8404783752e+01\n  280    0 1.0000000000 -1.8320287978e+01 -1.8473060022e+01\n  281    0 1.0000000000 -1.8356380674e+01 -1.8538029175e+01\n  282    0 1.0000000000 -1.8390379710e+01 -1.8599590718e+01\n  283    0 1.0000000000 -1.8422267735e+01 -1.8657648947e+01\n  284    0 1.0000000000 -1.8452028443e+01 -1.8712113172e+01\n  285    0 1.0000000000 -1.8479646587e+01 -1.8762897946e+01\n  286    0 1.0000000000 -1.8505107997e+01 -1.8809923268e+01\n  287    0 1.0000000000 -1.8528399585e+01 -1.8853114784e+01\n  288    0 1.0000000000 -1.8549509364e+01 -1.8892403968e+01\n  289    0 1.0000000000 -1.8568426453e+01 -1.8927728293e+01\n  290    0 1.0000000000 -1.8585141091e+01 -1.8959031388e+01\n  291    0 1.0000000000 -1.8599644644e+01 -1.8986263174e+01\n  292    0 1.0000000000 -1.8611929613e+01 -1.9009379994e+01\n  293    0 1.0000000000 -1.8621989641e+01 -1.9028344719e+01\n  294    0 1.0000000000 -1.8629819518e+01 -1.9043126843e+01\n  295    0 1.0000000000 -1.8635415188e+01 -1.9053702560e+01\n  296    0 1.0000000000 -1.8638773751e+01 -1.9060054821e+01\n  297    0 1.0000000000 -1.8639893466e+01 -1.9062173381e+01\n