SINGLE-ORBITAL NN+NNN EFFECTIVE MODEL FIT

m=7
eon=0.0
t0=1.0
l_decay=0.4
dl=0.1
pairing=./m=7/pairing.txt
microscopic_orbitals=100

E_eff(k) = eps0 + 2*t1[cos(k.u1)+cos(k.u2)] + 4*t2*cos(k.u1)*cos(k.u2)

eps0     = -1.75158100210301e+01
t1       = -2.24841903567537e-01
t2       = -6.45927817374428e-03

RMSE=1.45942754954802e-01
MAE=1.18938846818431e-01
max_abs_error=3.21787991615381e-01
optimizer_success=True
optimizer_message=Linear least-squares solution
minimum_tracking_continuity=1.0000000000
mean_tracking_continuity=1.0000000000

# k_index idx continuity target fit\n    0    0 1.0000000000 -1.8328735230e+01 -1.8441014748e+01\n    1    0 1.0000000000 -1.8328622730e+01 -1.8440775343e+01\n    2    0 1.0000000000 -1.8328285238e+01 -1.8440057371e+01\n    3    0 1.0000000000 -1.8327722772e+01 -1.8438861552e+01\n    4    0 1.0000000000 -1.8326935363e+01 -1.8437189093e+01\n    5    0 1.0000000000 -1.8325923057e+01 -1.8435041677e+01\n    6    0 1.0000000000 -1.8324685909e+01 -1.8432421465e+01\n    7    0 1.0000000000 -1.8323223991e+01 -1.8429331098e+01\n    8    0 1.0000000000 -1.8321537383e+01 -1.8425773685e+01\n    9    0 1.0000000000 -1.8319626180e+01 -1.8421752810e+01\n   10    0 1.0000000000 -1.8317490491e+01 -1.8417272520e+01\n   11    0 1.0000000000 -1.8315130435e+01 -1.8412337328e+01\n   12    0 1.0000000000 -1.8312546145e+01 -1.8406952202e+01\n   13    0 1.0000000000 -1.8309737766e+01 -1.8401122565e+01\n   14    0 1.0000000000 -1.8306705457e+01 -1.8394854286e+01\n   15    0 1.0000000000 -1.8303449388e+01 -1.8388153678e+01\n   16    0 1.0000000000 -1.8299969742e+01 -1.8381027488e+01\n   17    0 1.0000000000 -1.8296266715e+01 -1.8373482890e+01\n   18    0 1.0000000000 -1.8292340516e+01 -1.8365527482e+01\n   19    0 1.0000000000 -1.8288191366e+01 -1.8357169274e+01\n   20    0 1.0000000000 -1.8283819497e+01 -1.8348416682e+01\n   21    0 1.0000000000 -1.8279225157e+01 -1.8339278519e+01\n   22    0 1.0000000000 -1.8274408603e+01 -1.8329763986e+01\n   23    0 1.0000000000 -1.8269370108e+01 -1.8319882665e+01\n   24    0 1.0000000000 -1.8264109956e+01 -1.8309644504e+01\n   25    0 1.0000000000 -1.8258628442e+01 -1.8299059812e+01\n   26    0 1.0000000000 -1.8252925875e+01 -1.8288139248e+01\n   27    0 1.0000000000 -1.8247002577e+01 -1.8276893807e+01\n   28    0 1.0000000000 -1.8240858883e+01 -1.8265334812e+01\n   29    0 1.0000000000 -1.8234495137e+01 -1.8253473904e+01\n   30    0 1.0000000000 -1.8227911701e+01 -1.8241323023e+01\n   31    0 1.0000000000 -1.8221108944e+01 -1.8228894406e+01\n   32    0 1.0000000000 -1.8214087251e+01 -1.8216200567e+01\n   33    0 1.0000000000 -1.8206847018e+01 -1.8203254288e+01\n   34    0 1.0000000000 -1.8199388655e+01 -1.8190068604e+01\n   35    0 1.0000000000 -1.8191712583e+01 -1.8176656792e+01\n   36    0 1.0000000000 -1.8183819235e+01 -1.8163032357e+01\n   37    0 1.0000000000 -1.8175709058e+01 -1.8149209018e+01\n   38    0 1.0000000000 -1.8167382511e+01 -1.8135200693e+01\n   39    0 1.0000000000 -1.8158840065e+01 -1.8121021487e+01\n   40    0 1.0000000000 -1.8150082203e+01 -1.8106685678e+01\n   41    0 1.0000000000 -1.8141109423e+01 -1.8092207701e+01\n   42    0 1.0000000000 -1.8131922232e+01 -1.8077602134e+01\n   43    0 1.0000000000 -1.8122521151e+01 -1.8062883683e+01\n   44    0 1.0000000000 -1.8112906714e+01 -1.8048067169e+01\n   45    0 1.0000000000 -1.8103079467e+01 -1.8033167511e+01\n   46    0 1.0000000000 -1.8093039968e+01 -1.8018199711e+01\n   47    0 1.0000000000 -1.8082788788e+01 -1.8003178841e+01\n   48    0 1.0000000000 -1.8072326510e+01 -1.7988120025e+01\n   49    0 1.0000000000 -1.8061653729e+01 -1.7973038426e+01\n   50    0 1.0000000000 -1.8050771055e+01 -1.7957949230e+01\n   51    0 1.0000000000 -1.8039679107e+01 -1.7942867632e+01\n   52    0 1.0000000000 -1.8028378519e+01 -1.7927808816e+01\n   53    0 1.0000000000 -1.8016869936e+01 -1.7912787945e+01\n   54    0 1.0000000000 -1.8005154017e+01 -1.7897820145e+01\n   55    0 1.0000000000 -1.7993231432e+01 -1.7882920487e+01\n   56    0 1.0000000000 -1.7981102865e+01 -1.7868103973e+01\n   57    0 1.0000000000 -1.7968769011e+01 -1.7853385522e+01\n   58    0 1.0000000000 -1.7956230578e+01 -1.7838779955e+01\n   59    0 1.0000000000 -1.7943488289e+01 -1.7824301978e+01\n   60    0 1.0000000000 -1.7930542877e+01 -1.7809966169e+01\n   61    0 1.0000000000 -1.7917395088e+01 -1.7795786964e+01\n   62    0 1.0000000000 -1.7904045682e+01 -1.7781778639e+01\n   63    0 1.0000000000 -1.7890495431e+01 -1.7767955299e+01\n   64    0 1.0000000000 -1.7876745120e+01 -1.7754330864e+01\n   65    0 1.0000000000 -1.7862795546e+01 -1.7740919052e+01\n   66    0 1.0000000000 -1.7848647522e+01 -1.7727733368e+01\n   67    0 1.0000000000 -1.7834301870e+01 -1.7714787089e+01\n   68    0 1.0000000000 -1.7819759428e+01 -1.7702093250e+01\n   69    0 1.0000000000 -1.7805021045e+01 -1.7689664633e+01\n   70    0 1.0000000000 -1.7790087587e+01 -1.7677513753e+01\n   71    0 1.0000000000 -1.7774959929e+01 -1.7665652844e+01\n   72    0 1.0000000000 -1.7759638963e+01 -1.7654093850e+01\n   73    0 1.0000000000 -1.7744125591e+01 -1.7642848409e+01\n   74    0 1.0000000000 -1.7728420732e+01 -1.7631927844e+01\n   75    0 1.0000000000 -1.7712525317e+01 -1.7621343153e+01\n   76    0 1.0000000000 -1.7696440293e+01 -1.7611104992e+01\n   77    0 1.0000000000 -1.7680166617e+01 -1.7601223670e+01\n   78    0 1.0000000000 -1.7663705265e+01 -1.7591709138e+01\n   79    0 1.0000000000 -1.7647057224e+01 -1.7582570975e+01\n   80    0 1.0000000000 -1.7630223497e+01 -1.7573818383e+01\n   81    0 1.0000000000 -1.7613205103e+01 -1.7565460174e+01\n   82    0 1.0000000000 -1.7596003073e+01 -1.7557504766e+01\n   83    0 1.0000000000 -1.7578618455e+01 -1.7549960169e+01\n   84    0 1.0000000000 -1.7561052313e+01 -1.7542833978e+01\n   85    0 1.0000000000 -1.7543305725e+01 -1.7536133370e+01\n   86    0 1.0000000000 -1.7525379786e+01 -1.7529865092e+01\n   87    0 1.0000000000 -1.7507275607e+01 -1.7524035455e+01\n   88    0 1.0000000000 -1.7488994317e+01 -1.7518650329e+01\n   89    0 1.0000000000 -1.7470537059e+01 -1.7513715136e+01\n   90    0 1.0000000000 -1.7451904994e+01 -1.7509234847e+01\n   91    0 1.0000000000 -1.7433099303e+01 -1.7505213971e+01\n   92    0 1.0000000000 -1.7414121183e+01 -1.7501656559e+01\n   93    0 1.0000000000 -1.7394971848e+01 -1.7498566191e+01\n   94    0 1.0000000000 -1.7375652533e+01 -1.7495945980e+01\n   95    0 1.0000000000 -1.7356164492e+01 -1.7493798563e+01\n   96    0 1.0000000000 -1.7336508998e+01 -1.7492126104e+01\n   97    0 1.0000000000 -1.7316687346e+01 -1.7490930286e+01\n   98    0 1.0000000000 -1.7296700849e+01 -1.7490212313e+01\n   99    0 1.0000000000 -1.7276550936e+01 -1.7489972908e+01\n  100    0 1.0000000000 -1.7276448133e+01 -1.7489759519e+01\n  101    0 1.0000000000 -1.7276139733e+01 -1.7489119568e+01\n  102    0 1.0000000000 -1.7275625753e+01 -1.7488053698e+01\n  103    0 1.0000000000 -1.7274906226e+01 -1.7486562982e+01\n  104    0 1.0000000000 -1.7273981196e+01 -1.7484648923e+01\n  105    0 1.0000000000 -1.7272850721e+01 -1.7482313446e+01\n  106    0 1.0000000000 -1.7271514872e+01 -1.7479558905e+01\n  107    0 1.0000000000 -1.7269973731e+01 -1.7476388071e+01\n  108    0 1.0000000000 -1.7268227394e+01 -1.7472804139e+01\n  109    0 1.0000000000 -1.7266275971e+01 -1.7468810717e+01\n  110    0 1.0000000000 -1.7264119582e+01 -1.7464411825e+01\n  111    0 1.0000000000 -1.7261758363e+01 -1.7459611894e+01\n  112    0 1.0000000000 -1.7259192462e+01 -1.7454415755e+01\n  113    0 1.0000000000 -1.7256422039e+01 -1.7448828642e+01\n  114    0 1.0000000000 -1.7253447267e+01 -1.7442856181e+01\n  115    0 1.0000000000 -1.7250268335e+01 -1.7436504384e+01\n  116    0 1.0000000000 -1.7246885441e+01 -1.7429779647e+01\n  117    0 1.0000000000 -1.7243298799e+01 -1.7422688743e+01\n  118    0 1.0000000000 -1.7239508637e+01 -1.7415238810e+01\n  119    0 1.0000000000 -1.7235515193e+01 -1.7407437351e+01\n  120    0 1.0000000000 -1.7231318721e+01 -1.7399292220e+01\n  121    0 1.0000000000 -1.7226919490e+01 -1.7390811619e+01\n  122    0 1.0000000000 -1.7222317778e+01 -1.7382004087e+01\n  123    0 1.0000000000 -1.7217513882e+01 -1.7372878494e+01\n  124    0 1.0000000000 -1.7212508109e+01 -1.7363444026e+01\n  125    0 1.0000000000 -1.7207300783e+01 -1.7353710185e+01\n  126    0 1.0000000000 -1.7201892240e+01 -1.7343686771e+01\n  127    0 1.0000000000 -1.7196282831e+01 -1.7333383878e+01\n  128    0 1.0000000000 -1.7190472922e+01 -1.7322811878e+01\n  129    0 1.0000000000 -1.7184462894e+01 -1.7311981418e+01\n  130    0 1.0000000000 -1.7178253141e+01 -1.7300903402e+01\n  131    0 1.0000000000 -1.7171844076e+01 -1.7289588986e+01\n  132    0 1.0000000000 -1.7165236124e+01 -1.7278049561e+01\n  133    0 1.0000000000 -1.7158429727e+01 -1.7266296748e+01\n  134    0 1.0000000000 -1.7151425343e+01 -1.7254342380e+01\n  135    0 1.0000000000 -1.7144223446e+01 -1.7242198494e+01\n  136    0 1.0000000000 -1.7136824527e+01 -1.7229877318e+01\n  137    0 1.0000000000 -1.7129229096e+01 -1.7217391259e+01\n  138    0 1.0000000000 -1.7121437677e+01 -1.7204752889e+01\n  139    0 1.0000000000 -1.7113450816e+01 -1.7191974933e+01\n  140    0 1.0000000000 -1.7105269074e+01 -1.7179070259e+01\n  141    0 1.0000000000 -1.7096893034e+01 -1.7166051859e+01\n  142    0 1.0000000000 -1.7088323298e+01 -1.7152932843e+01\n  143    0 1.0000000000 -1.7079560490e+01 -1.7139726420e+01\n  144    0 1.0000000000 -1.7070605252e+01 -1.7126445888e+01\n  145    0 1.0000000000 -1.7061458254e+01 -1.7113104619e+01\n  146    0 1.0000000000 -1.7052120184e+01 -1.7099716046e+01\n  147    0 1.0000000000 -1.7042591759e+01 -1.7086293652e+01\n  148    0 1.0000000000 -1.7032873719e+01 -1.7072850950e+01\n  149    0 1.0000000000 -1.7022966833e+01 -1.7059401478e+01\n  150    0 1.0000000000 -1.7012871900e+01 -1.7045958776e+01\n  151    0 1.0000000000 -1.7002589748e+01 -1.7032536382e+01\n  152    0 1.0000000000 -1.6992121238e+01 -1.7019147809e+01\n  153    0 1.0000000000 -1.6981467269e+01 -1.7005806540e+01\n  154    0 1.0000000000 -1.6970628774e+01 -1.6992526008e+01\n  155    0 1.0000000000 -1.6959606731e+01 -1.6979319585e+01\n  156    0 1.0000000000 -1.6948402159e+01 -1.6966200568e+01\n  157    0 1.0000000000 -1.6937016129e+01 -1.6953182169e+01\n  158    0 1.0000000000 -1.6925449762e+01 -1.6940277494e+01\n  159    0 1.0000000000 -1.6913704237e+01 -1.6927499539e+01\n  160    0 1.0000000000 -1.6901780800e+01 -1.6914861169e+01\n  161    0 1.0000000000 -1.6889680765e+01 -1.6902375109e+01\n  162    0 1.0000000000 -1.6877405525e+01 -1.6890053934e+01\n  163    0 1.0000000000 -1.6864956564e+01 -1.6877910048e+01\n  164    0 1.0000000000 -1.6852335462e+01 -1.6865955680e+01\n  165    0 1.0000000000 -1.6839543913e+01 -1.6854202867e+01\n  166    0 1.0000000000 -1.6826583737e+01 -1.6842663442e+01\n  167    0 1.0000000000 -1.6813456900e+01 -1.6831349026e+01\n  168    0 1.0000000000 -1.6800165534e+01 -1.6820271010e+01\n  169    0 1.0000000000 -1.6786711963e+01 -1.6809440550e+01\n  170    0 1.0000000000 -1.6773098734e+01 -1.6798868550e+01\n  171    0 1.0000000000 -1.6759328652e+01 -1.6788565656e+01\n  172    0 1.0000000000 -1.6745404830e+01 -1.6778542243e+01\n  173    0 1.0000000000 -1.6731330740e+01 -1.6768808402e+01\n  174    0 1.0000000000 -1.6717110283e+01 -1.6759373934e+01\n  175    0 1.0000000000 -1.6702747874e+01 -1.6750248340e+01\n  176    0 1.0000000000 -1.6688248548e+01 -1.6741440809e+01\n  177    0 1.0000000000 -1.6673618094e+01 -1.6732960208e+01\n  178    0 1.0000000000 -1.6658863226e+01 -1.6724815077e+01\n  179    0 1.0000000000 -1.6643991801e+01 -1.6717013618e+01\n  180    0 1.0000000000 -1.6629013101e+01 -1.6709563685e+01\n  181    0 1.0000000000 -1.6613938208e+01 -1.6702472780e+01\n  182    0 1.0000000000 -1.6598780492e+01 -1.6695748044e+01\n  183    0 1.0000000000 -1.6583556270e+01 -1.6689396247e+01\n  184    0 1.0000000000 -1.6568285697e+01 -1.6683423785e+01\n  185    0 1.0000000000 -1.6552993986e+01 -1.6677836672e+01\n  186    0 1.0000000000 -1.6537713111e+01 -1.6672640534e+01\n  187    0 1.0000000000 -1.6522484190e+01 -1.6667840603e+01\n  188    0 1.0000000000 -1.6507360892e+01 -1.6663441711e+01\n  189    0 1.0000000000 -1.6492414325e+01 -1.6659448289e+01\n  190    0 1.0000000000 -1.6477740113e+01 -1.6655864356e+01\n  191    0 1.0000000000 -1.6463468614e+01 -1.6652693523e+01\n  192    0 1.0000000000 -1.6449779442e+01 -1.6649938981e+01\n  193    0 1.0000000000 -1.6436921149e+01 -1.6647603505e+01\n  194    0 1.0000000000 -1.6425235022e+01 -1.6645689445e+01\n  195    0 1.0000000000 -1.6415175837e+01 -1.6644198730e+01\n  196    0 1.0000000000 -1.6407308973e+01 -1.6643132860e+01\n  197    0 1.0000000000 -1.6402246376e+01 -1.6642492908e+01\n  198    0 1.0000000000 -1.6400492229e+01 -1.6642279519e+01\n  199    0 1.0000000000 -1.6407487924e+01 -1.6642706304e+01\n  200    0 1.0000000000 -1.6425956837e+01 -1.6643986305e+01\n  201    0 1.0000000000 -1.6451416970e+01 -1.6646118471e+01\n  202    0 1.0000000000 -1.6480673301e+01 -1.6649101044e+01\n  203    0 1.0000000000 -1.6511975154e+01 -1.6652931567e+01\n  204    0 1.0000000000 -1.6544398640e+01 -1.6657606881e+01\n  205    0 1.0000000000 -1.6577437136e+01 -1.6663123124e+01\n  206    0 1.0000000000 -1.6610796707e+01 -1.6669475735e+01\n  207    0 1.0000000000 -1.6644296983e+01 -1.6676659452e+01\n  208    0 1.0000000000 -1.6677821509e+01 -1.6684668312e+01\n  209    0 1.0000000000 -1.6711291630e+01 -1.6693495655e+01\n  210    0 1.0000000000 -1.6744652055e+01 -1.6703134123e+01\n  211    0 1.0000000000 -1.6777862504e+01 -1.6713575662e+01\n  212    0 1.0000000000 -1.6810892676e+01 -1.6724811521e+01\n  213    0 1.0000000000 -1.6843719105e+01 -1.6736832258e+01\n  214    0 1.0000000000 -1.6876323125e+01 -1.6749627740e+01\n  215    0 1.0000000000 -1.6908689530e+01 -1.6763187142e+01\n  216    0 1.0000000000 -1.6940805652e+01 -1.6777498957e+01\n  217    0 1.0000000000 -1.6972660725e+01 -1.6792550990e+01\n  218    0 1.0000000000 -1.7004245433e+01 -1.6808330370e+01\n  219    0 1.0000000000 -1.7035551582e+01 -1.6824823546e+01\n  220    0 1.0000000000 -1.7066571858e+01 -1.6842016298e+01\n  221    0 1.0000000000 -1.7097299652e+01 -1.6859893737e+01\n  222    0 1.0000000000 -1.7127728919e+01 -1.6878440312e+01\n  223    0 1.0000000000 -1.7157854077e+01 -1.6897639816e+01\n  224    0 1.0000000000 -1.7187669928e+01 -1.6917475392e+01\n  225    0 1.0000000000 -1.7217171593e+01 -1.6937929539e+01\n  226    0 1.0000000000 -1.7246354464e+01 -1.6958984123e+01\n  227    0 1.0000000000 -1.7275214164e+01 -1.6980620381e+01\n  228    0 1.0000000000 -1.7303746515e+01 -1.7002818933e+01\n  229    0 1.0000000000 -1.7331947513e+01 -1.7025559790e+01\n  230    0 1.0000000000 -1.7359813308e+01 -1.7048822367e+01\n  231    0 1.0000000000 -1.7387340183e+01 -1.7072585492e+01\n  232    0 1.0000000000 -1.7414524547e+01 -1.7096827420e+01\n  233    0 1.0000000000 -1.7441362916e+01 -1.7121525845e+01\n  234    0 1.0000000000 -1.7467851908e+01 -1.7146657913e+01\n  235    0 1.0000000000 -1.7493988232e+01 -1.7172200241e+01\n  236    0 1.0000000000 -1.7519768685e+01 -1.7198128927e+01\n  237    0 1.0000000000 -1.7545190140e+01 -1.7224419572e+01\n  238    0 1.0000000000 -1.7570249549e+01 -1.7251047295e+01\n  239    0 1.0000000000 -1.7594943932e+01 -1.7277986752e+01\n  240    0 1.0000000000 -1.7619270378e+01 -1.7305212155e+01\n  241    0 1.0000000000 -1.7643226037e+01 -1.7332697294e+01\n  242    0 1.0000000000 -1.7666808125e+01 -1.7360415558e+01\n  243    0 1.0000000000 -1.7690013914e+01 -1.7388339957e+01\n  244    0 1.0000000000 -1.7712840735e+01 -1.7416443145e+01\n  245    0 1.0000000000 -1.7735285975e+01 -1.7444697448e+01\n  246    0 1.0000000000 -1.7757347075e+01 -1.7473074883e+01\n  247    0 1.0000000000 -1.7779021530e+01 -1.7501547191e+01\n  248    0 1.0000000000 -1.7800306887e+01 -1.7530085859e+01\n  249    0 1.0000000000 -1.7821200743e+01 -1.7558662151e+01\n  250    0 1.0000000000 -1.7841700748e+01 -1.7587247137e+01\n  251    0 1.0000000000 -1.7861804602e+01 -1.7615811720e+01\n  252    0 1.0000000000 -1.7881510052e+01 -1.7644326670e+01\n  253    0 1.0000000000 -1.7900814897e+01 -1.7672762653e+01\n  254    0 1.0000000000 -1.7919716983e+01 -1.7701090263e+01\n  255    0 1.0000000000 -1.7938214205e+01 -1.7729280058e+01\n  256    0 1.0000000000 -1.7956304505e+01 -1.7757302588e+01\n  257    0 1.0000000000 -1.7973985875e+01 -1.7785128435e+01\n  258    0 1.0000000000 -1.7991256352e+01 -1.7812728240e+01\n  259    0 1.0000000000 -1.8008114025e+01 -1.7840072746e+01\n  260    0 1.0000000000 -1.8024557025e+01 -1.7867132828e+01\n  261    0 1.0000000000 -1.8040583534e+01 -1.7893879531e+01\n  262    0 1.0000000000 -1.8056191781e+01 -1.7920284104e+01\n  263    0 1.0000000000 -1.8071380042e+01 -1.7946318040e+01\n  264    0 1.0000000000 -1.8086146640e+01 -1.7971953106e+01\n  265    0 1.0000000000 -1.8100489946e+01 -1.7997161389e+01\n  266    0 1.0000000000 -1.8114408378e+01 -1.8021915322e+01\n  267    0 1.0000000000 -1.8127900401e+01 -1.8046187730e+01\n  268    0 1.0000000000 -1.8140964530e+01 -1.8069951860e+01\n  269    0 1.0000000000 -1.8153599324e+01 -1.8093181419e+01\n  270    0 1.0000000000 -1.8165803393e+01 -1.8115850611e+01\n  271    0 1.0000000000 -1.8177575392e+01 -1.8137934173e+01\n  272    0 1.0000000000 -1.8188914025e+01 -1.8159407408e+01\n  273    0 1.0000000000 -1.8199818045e+01 -1.8180246222e+01\n  274    0 1.0000000000 -1.8210286252e+01 -1.8200427157e+01\n  275    0 1.0000000000 -1.8220317493e+01 -1.8219927424e+01\n  276    0 1.0000000000 -1.8229910665e+01 -1.8238724939e+01\n  277    0 1.0000000000 -1.8239064712e+01 -1.8256798350e+01\n  278    0 1.0000000000 -1.8247778628e+01 -1.8274127074e+01\n  279    0 1.0000000000 -1.8256051453e+01 -1.8290691322e+01\n  280    0 1.0000000000 -1.8263882278e+01 -1.8306472133e+01\n  281    0 1.0000000000 -1.8271270242e+01 -1.8321451399e+01\n  282    0 1.0000000000 -1.8278214530e+01 -1.8335611892e+01\n  283    0 1.0000000000 -1.8284714380e+01 -1.8348937294e+01\n  284    0 1.0000000000 -1.8290769077e+01 -1.8361412217e+01\n  285    0 1.0000000000 -1.8296377954e+01 -1.8373022229e+01\n  286    0 1.0000000000 -1.8301540395e+01 -1.8383753876e+01\n  287    0 1.0000000000 -1.8306255831e+01 -1.8393594701e+01\n  288    0 1.0000000000 -1.8310523744e+01 -1.8402533265e+01\n  289    0 1.0000000000 -1.8314343665e+01 -1.8410559164e+01\n  290    0 1.0000000000 -1.8317715172e+01 -1.8417663045e+01\n  291    0 1.0000000000 -1.8320637896e+01 -1.8423836621e+01\n  292    0 1.0000000000 -1.8323111514e+01 -1.8429072682e+01\n  293    0 1.0000000000 -1.8325135755e+01 -1.8433365111e+01\n  294    0 1.0000000000 -1.8326710395e+01 -1.8436708887e+01\n  295    0 1.0000000000 -1.8327835262e+01 -1.8439100098e+01\n  296    0 1.0000000000 -1.8328510232e+01 -1.8440535945e+01\n  297    0 1.0000000000 -1.8328735230e+01 -1.8441014748e+01\n