R1	(0,0)	1	r1	(0.000000,0.000000)
R1	(0,0)	2	r1	(0.000000,1.000000)
R1	(0,0)	3	r1	(0.000000,2.000000)
R1	(0,0)	4	r1	(0.000000,3.000000)
R1	(0,0)	5	r1	(0.000000,4.000000)
R1	(0,0)	6	r1	(1.000000,1.000000)
R1	(0,0)	7	r1	(1.000000,2.000000)
R1	(0,0)	8	r1	(1.000000,3.000000)
R1	(0,0)	9	r1	(1.000000,4.000000)
R1	(0,0)	10	r1	(2.000000,1.000000)
R1	(0,0)	11	r1	(2.000000,2.000000)
R1	(0,0)	12	r1	(2.000000,3.000000)
R1	(0,0)	13	r1	(2.000000,4.000000)
R1	(0,0)	14	r1	(3.000000,1.000000)
R1	(0,0)	15	r1	(3.000000,2.000000)
R1	(0,0)	16	r1	(3.000000,3.000000)
R1	(0,0)	17	r1	(3.000000,4.000000)
R1	(0,0)	18	r2	(0.000000,0.000000)
R1	(0,0)	19	r2	(0.882353,0.470588)
R1	(0,0)	20	r2	(0.411765,1.352941)
R1	(0,0)	21	r2	(-0.058824,2.235294)
R1	(0,0)	22	r2	(-0.529412,3.117647)
R1	(0,0)	23	r2	(1.764706,0.941176)
R1	(0,0)	24	r2	(1.294118,1.823529)
R1	(0,0)	25	r2	(0.823529,2.705882)
R1	(0,0)	26	r2	(0.352941,3.588235)
R1	(0,0)	27	r2	(2.647059,1.411765)
R1	(0,0)	28	r2	(2.176471,2.294118)
R1	(0,0)	29	r2	(1.705882,3.176471)
R1	(0,0)	30	r2	(1.235294,4.058824)
R1	(0,0)	31	r2	(3.529412,1.882353)
R1	(0,0)	32	r2	(3.058824,2.764706)
R1	(0,0)	33	r2	(2.588235,3.647059)
R1	(0,0)	34	r2	(2.117647,4.529412)
R2	(1,0)	1	r1	(4.000000,1.000000)
R2	(1,0)	2	r1	(4.000000,2.000000)
R2	(1,0)	3	r1	(4.000000,3.000000)
R2	(1,0)	4	r1	(4.000000,4.000000)
R2	(1,0)	5	r1	(4.000000,5.000000)
R2	(1,0)	6	r1	(5.000000,2.000000)
R2	(1,0)	7	r1	(5.000000,3.000000)
R2	(1,0)	8	r1	(5.000000,4.000000)
R2	(1,0)	9	r1	(5.000000,5.000000)
R2	(1,0)	10	r1	(6.000000,2.000000)
R2	(1,0)	11	r1	(6.000000,3.000000)
R2	(1,0)	12	r1	(6.000000,4.000000)
R2	(1,0)	13	r1	(6.000000,5.000000)
R2	(1,0)	14	r1	(7.000000,2.000000)
R2	(1,0)	15	r1	(7.000000,3.000000)
R2	(1,0)	16	r1	(7.000000,4.000000)
R2	(1,0)	17	r1	(7.000000,5.000000)
R2	(1,0)	18	r2	(4.000000,1.000000)
R2	(1,0)	19	r2	(4.882353,1.470588)
R2	(1,0)	20	r2	(4.411765,2.352941)
R2	(1,0)	21	r2	(3.941176,3.235294)
R2	(1,0)	22	r2	(3.470588,4.117647)
R2	(1,0)	23	r2	(5.764706,1.941176)
R2	(1,0)	24	r2	(5.294118,2.823529)
R2	(1,0)	25	r2	(4.823529,3.705882)
R2	(1,0)	26	r2	(4.352941,4.588235)
R2	(1,0)	27	r2	(6.647059,2.411765)
R2	(1,0)	28	r2	(6.176471,3.294118)
R2	(1,0)	29	r2	(5.705882,4.176471)
R2	(1,0)	30	r2	(5.235294,5.058824)
R2	(1,0)	31	r2	(7.529412,2.882353)
R2	(1,0)	32	r2	(7.058824,3.764706)
R2	(1,0)	33	r2	(6.588235,4.647059)
R2	(1,0)	34	r2	(6.117647,5.529412)
R3	(-1,0)	1	r1	(-4.000000,-1.000000)
R3	(-1,0)	2	r1	(-4.000000,0.000000)
R3	(-1,0)	3	r1	(-4.000000,1.000000)
R3	(-1,0)	4	r1	(-4.000000,2.000000)
R3	(-1,0)	5	r1	(-4.000000,3.000000)
R3	(-1,0)	6	r1	(-3.000000,0.000000)
R3	(-1,0)	7	r1	(-3.000000,1.000000)
R3	(-1,0)	8	r1	(-3.000000,2.000000)
R3	(-1,0)	9	r1	(-3.000000,3.000000)
R3	(-1,0)	10	r1	(-2.000000,0.000000)
R3	(-1,0)	11	r1	(-2.000000,1.000000)
R3	(-1,0)	12	r1	(-2.000000,2.000000)
R3	(-1,0)	13	r1	(-2.000000,3.000000)
R3	(-1,0)	14	r1	(-1.000000,0.000000)
R3	(-1,0)	15	r1	(-1.000000,1.000000)
R3	(-1,0)	16	r1	(-1.000000,2.000000)
R3	(-1,0)	17	r1	(-1.000000,3.000000)
R3	(-1,0)	18	r2	(-4.000000,-1.000000)
R3	(-1,0)	19	r2	(-3.117647,-0.529412)
R3	(-1,0)	20	r2	(-3.588235,0.352941)
R3	(-1,0)	21	r2	(-4.058824,1.235294)
R3	(-1,0)	22	r2	(-4.529412,2.117647)
R3	(-1,0)	23	r2	(-2.235294,-0.058824)
R3	(-1,0)	24	r2	(-2.705882,0.823529)
R3	(-1,0)	25	r2	(-3.176471,1.705882)
R3	(-1,0)	26	r2	(-3.647059,2.588235)
R3	(-1,0)	27	r2	(-1.352941,0.411765)
R3	(-1,0)	28	r2	(-1.823529,1.294118)
R3	(-1,0)	29	r2	(-2.294118,2.176471)
R3	(-1,0)	30	r2	(-2.764706,3.058824)
R3	(-1,0)	31	r2	(-0.470588,0.882353)
R3	(-1,0)	32	r2	(-0.941176,1.764706)
R3	(-1,0)	33	r2	(-1.411765,2.647059)
R3	(-1,0)	34	r2	(-1.882353,3.529412)
R4	(0,1)	1	r1	(-1.000000,4.000000)
R4	(0,1)	2	r1	(-1.000000,5.000000)
R4	(0,1)	3	r1	(-1.000000,6.000000)
R4	(0,1)	4	r1	(-1.000000,7.000000)
R4	(0,1)	5	r1	(-1.000000,8.000000)
R4	(0,1)	6	r1	(0.000000,5.000000)
R4	(0,1)	7	r1	(0.000000,6.000000)
R4	(0,1)	8	r1	(0.000000,7.000000)
R4	(0,1)	9	r1	(0.000000,8.000000)
R4	(0,1)	10	r1	(1.000000,5.000000)
R4	(0,1)	11	r1	(1.000000,6.000000)
R4	(0,1)	12	r1	(1.000000,7.000000)
R4	(0,1)	13	r1	(1.000000,8.000000)
R4	(0,1)	14	r1	(2.000000,5.000000)
R4	(0,1)	15	r1	(2.000000,6.000000)
R4	(0,1)	16	r1	(2.000000,7.000000)
R4	(0,1)	17	r1	(2.000000,8.000000)
R4	(0,1)	18	r2	(-1.000000,4.000000)
R4	(0,1)	19	r2	(-0.117647,4.470588)
R4	(0,1)	20	r2	(-0.588235,5.352941)
R4	(0,1)	21	r2	(-1.058824,6.235294)
R4	(0,1)	22	r2	(-1.529412,7.117647)
R4	(0,1)	23	r2	(0.764706,4.941176)
R4	(0,1)	24	r2	(0.294118,5.823529)
R4	(0,1)	25	r2	(-0.176471,6.705882)
R4	(0,1)	26	r2	(-0.647059,7.588235)
R4	(0,1)	27	r2	(1.647059,5.411765)
R4	(0,1)	28	r2	(1.176471,6.294118)
R4	(0,1)	29	r2	(0.705882,7.176471)
R4	(0,1)	30	r2	(0.235294,8.058824)
R4	(0,1)	31	r2	(2.529412,5.882353)
R4	(0,1)	32	r2	(2.058824,6.764706)
R4	(0,1)	33	r2	(1.588235,7.647059)
R4	(0,1)	34	r2	(1.117647,8.529412)
R5	(0,-1)	1	r1	(1.000000,-4.000000)
R5	(0,-1)	2	r1	(1.000000,-3.000000)
R5	(0,-1)	3	r1	(1.000000,-2.000000)
R5	(0,-1)	4	r1	(1.000000,-1.000000)
R5	(0,-1)	5	r1	(1.000000,0.000000)
R5	(0,-1)	6	r1	(2.000000,-3.000000)
R5	(0,-1)	7	r1	(2.000000,-2.000000)
R5	(0,-1)	8	r1	(2.000000,-1.000000)
R5	(0,-1)	9	r1	(2.000000,0.000000)
R5	(0,-1)	10	r1	(3.000000,-3.000000)
R5	(0,-1)	11	r1	(3.000000,-2.000000)
R5	(0,-1)	12	r1	(3.000000,-1.000000)
R5	(0,-1)	13	r1	(3.000000,0.000000)
R5	(0,-1)	14	r1	(4.000000,-3.000000)
R5	(0,-1)	15	r1	(4.000000,-2.000000)
R5	(0,-1)	16	r1	(4.000000,-1.000000)
R5	(0,-1)	17	r1	(4.000000,0.000000)
R5	(0,-1)	18	r2	(1.000000,-4.000000)
R5	(0,-1)	19	r2	(1.882353,-3.529412)
R5	(0,-1)	20	r2	(1.411765,-2.647059)
R5	(0,-1)	21	r2	(0.941176,-1.764706)
R5	(0,-1)	22	r2	(0.470588,-0.882353)
R5	(0,-1)	23	r2	(2.764706,-3.058824)
R5	(0,-1)	24	r2	(2.294118,-2.176471)
R5	(0,-1)	25	r2	(1.823529,-1.294118)
R5	(0,-1)	26	r2	(1.352941,-0.411765)
R5	(0,-1)	27	r2	(3.647059,-2.588235)
R5	(0,-1)	28	r2	(3.176471,-1.705882)
R5	(0,-1)	29	r2	(2.705882,-0.823529)
R5	(0,-1)	30	r2	(2.235294,0.058824)
R5	(0,-1)	31	r2	(4.529412,-2.117647)
R5	(0,-1)	32	r2	(4.058824,-1.235294)
R5	(0,-1)	33	r2	(3.588235,-0.352941)
R5	(0,-1)	34	r2	(3.117647,0.529412)
R6	(1,1)	1	r1	(3.000000,5.000000)
R6	(1,1)	2	r1	(3.000000,6.000000)
R6	(1,1)	3	r1	(3.000000,7.000000)
R6	(1,1)	4	r1	(3.000000,8.000000)
R6	(1,1)	5	r1	(3.000000,9.000000)
R6	(1,1)	6	r1	(4.000000,6.000000)
R6	(1,1)	7	r1	(4.000000,7.000000)
R6	(1,1)	8	r1	(4.000000,8.000000)
R6	(1,1)	9	r1	(4.000000,9.000000)
R6	(1,1)	10	r1	(5.000000,6.000000)
R6	(1,1)	11	r1	(5.000000,7.000000)
R6	(1,1)	12	r1	(5.000000,8.000000)
R6	(1,1)	13	r1	(5.000000,9.000000)
R6	(1,1)	14	r1	(6.000000,6.000000)
R6	(1,1)	15	r1	(6.000000,7.000000)
R6	(1,1)	16	r1	(6.000000,8.000000)
R6	(1,1)	17	r1	(6.000000,9.000000)
R6	(1,1)	18	r2	(3.000000,5.000000)
R6	(1,1)	19	r2	(3.882353,5.470588)
R6	(1,1)	20	r2	(3.411765,6.352941)
R6	(1,1)	21	r2	(2.941176,7.235294)
R6	(1,1)	22	r2	(2.470588,8.117647)
R6	(1,1)	23	r2	(4.764706,5.941176)
R6	(1,1)	24	r2	(4.294118,6.823529)
R6	(1,1)	25	r2	(3.823529,7.705882)
R6	(1,1)	26	r2	(3.352941,8.588235)
R6	(1,1)	27	r2	(5.647059,6.411765)
R6	(1,1)	28	r2	(5.176471,7.294118)
R6	(1,1)	29	r2	(4.705882,8.176471)
R6	(1,1)	30	r2	(4.235294,9.058824)
R6	(1,1)	31	r2	(6.529412,6.882353)
R6	(1,1)	32	r2	(6.058824,7.764706)
R6	(1,1)	33	r2	(5.588235,8.647059)
R6	(1,1)	34	r2	(5.117647,9.529412)
R7	(-1,1)	1	r1	(-5.000000,3.000000)
R7	(-1,1)	2	r1	(-5.000000,4.000000)
R7	(-1,1)	3	r1	(-5.000000,5.000000)
R7	(-1,1)	4	r1	(-5.000000,6.000000)
R7	(-1,1)	5	r1	(-5.000000,7.000000)
R7	(-1,1)	6	r1	(-4.000000,4.000000)
R7	(-1,1)	7	r1	(-4.000000,5.000000)
R7	(-1,1)	8	r1	(-4.000000,6.000000)
R7	(-1,1)	9	r1	(-4.000000,7.000000)
R7	(-1,1)	10	r1	(-3.000000,4.000000)
R7	(-1,1)	11	r1	(-3.000000,5.000000)
R7	(-1,1)	12	r1	(-3.000000,6.000000)
R7	(-1,1)	13	r1	(-3.000000,7.000000)
R7	(-1,1)	14	r1	(-2.000000,4.000000)
R7	(-1,1)	15	r1	(-2.000000,5.000000)
R7	(-1,1)	16	r1	(-2.000000,6.000000)
R7	(-1,1)	17	r1	(-2.000000,7.000000)
R7	(-1,1)	18	r2	(-5.000000,3.000000)
R7	(-1,1)	19	r2	(-4.117647,3.470588)
R7	(-1,1)	20	r2	(-4.588235,4.352941)
R7	(-1,1)	21	r2	(-5.058824,5.235294)
R7	(-1,1)	22	r2	(-5.529412,6.117647)
R7	(-1,1)	23	r2	(-3.235294,3.941176)
R7	(-1,1)	24	r2	(-3.705882,4.823529)
R7	(-1,1)	25	r2	(-4.176471,5.705882)
R7	(-1,1)	26	r2	(-4.647059,6.588235)
R7	(-1,1)	27	r2	(-2.352941,4.411765)
R7	(-1,1)	28	r2	(-2.823529,5.294118)
R7	(-1,1)	29	r2	(-3.294118,6.176471)
R7	(-1,1)	30	r2	(-3.764706,7.058824)
R7	(-1,1)	31	r2	(-1.470588,4.882353)
R7	(-1,1)	32	r2	(-1.941176,5.764706)
R7	(-1,1)	33	r2	(-2.411765,6.647059)
R7	(-1,1)	34	r2	(-2.882353,7.529412)
R8	(-1,-1)	1	r1	(-3.000000,-5.000000)
R8	(-1,-1)	2	r1	(-3.000000,-4.000000)
R8	(-1,-1)	3	r1	(-3.000000,-3.000000)
R8	(-1,-1)	4	r1	(-3.000000,-2.000000)
R8	(-1,-1)	5	r1	(-3.000000,-1.000000)
R8	(-1,-1)	6	r1	(-2.000000,-4.000000)
R8	(-1,-1)	7	r1	(-2.000000,-3.000000)
R8	(-1,-1)	8	r1	(-2.000000,-2.000000)
R8	(-1,-1)	9	r1	(-2.000000,-1.000000)
R8	(-1,-1)	10	r1	(-1.000000,-4.000000)
R8	(-1,-1)	11	r1	(-1.000000,-3.000000)
R8	(-1,-1)	12	r1	(-1.000000,-2.000000)
R8	(-1,-1)	13	r1	(-1.000000,-1.000000)
R8	(-1,-1)	14	r1	(0.000000,-4.000000)
R8	(-1,-1)	15	r1	(0.000000,-3.000000)
R8	(-1,-1)	16	r1	(0.000000,-2.000000)
R8	(-1,-1)	17	r1	(0.000000,-1.000000)
R8	(-1,-1)	18	r2	(-3.000000,-5.000000)
R8	(-1,-1)	19	r2	(-2.117647,-4.529412)
R8	(-1,-1)	20	r2	(-2.588235,-3.647059)
R8	(-1,-1)	21	r2	(-3.058824,-2.764706)
R8	(-1,-1)	22	r2	(-3.529412,-1.882353)
R8	(-1,-1)	23	r2	(-1.235294,-4.058824)
R8	(-1,-1)	24	r2	(-1.705882,-3.176471)
R8	(-1,-1)	25	r2	(-2.176471,-2.294118)
R8	(-1,-1)	26	r2	(-2.647059,-1.411765)
R8	(-1,-1)	27	r2	(-0.352941,-3.588235)
R8	(-1,-1)	28	r2	(-0.823529,-2.705882)
R8	(-1,-1)	29	r2	(-1.294118,-1.823529)
R8	(-1,-1)	30	r2	(-1.764706,-0.941176)
R8	(-1,-1)	31	r2	(0.529412,-3.117647)
R8	(-1,-1)	32	r2	(0.058824,-2.235294)
R8	(-1,-1)	33	r2	(-0.411765,-1.352941)
R8	(-1,-1)	34	r2	(-0.882353,-0.470588)
R9	(1,-1)	1	r1	(5.000000,-3.000000)
R9	(1,-1)	2	r1	(5.000000,-2.000000)
R9	(1,-1)	3	r1	(5.000000,-1.000000)
R9	(1,-1)	4	r1	(5.000000,0.000000)
R9	(1,-1)	5	r1	(5.000000,1.000000)
R9	(1,-1)	6	r1	(6.000000,-2.000000)
R9	(1,-1)	7	r1	(6.000000,-1.000000)
R9	(1,-1)	8	r1	(6.000000,0.000000)
R9	(1,-1)	9	r1	(6.000000,1.000000)
R9	(1,-1)	10	r1	(7.000000,-2.000000)
R9	(1,-1)	11	r1	(7.000000,-1.000000)
R9	(1,-1)	12	r1	(7.000000,0.000000)
R9	(1,-1)	13	r1	(7.000000,1.000000)
R9	(1,-1)	14	r1	(8.000000,-2.000000)
R9	(1,-1)	15	r1	(8.000000,-1.000000)
R9	(1,-1)	16	r1	(8.000000,0.000000)
R9	(1,-1)	17	r1	(8.000000,1.000000)
R9	(1,-1)	18	r2	(5.000000,-3.000000)
R9	(1,-1)	19	r2	(5.882353,-2.529412)
R9	(1,-1)	20	r2	(5.411765,-1.647059)
R9	(1,-1)	21	r2	(4.941176,-0.764706)
R9	(1,-1)	22	r2	(4.470588,0.117647)
R9	(1,-1)	23	r2	(6.764706,-2.058824)
R9	(1,-1)	24	r2	(6.294118,-1.176471)
R9	(1,-1)	25	r2	(5.823529,-0.294118)
R9	(1,-1)	26	r2	(5.352941,0.588235)
R9	(1,-1)	27	r2	(7.647059,-1.588235)
R9	(1,-1)	28	r2	(7.176471,-0.705882)
R9	(1,-1)	29	r2	(6.705882,0.176471)
R9	(1,-1)	30	r2	(6.235294,1.058824)
R9	(1,-1)	31	r2	(8.529412,-1.117647)
R9	(1,-1)	32	r2	(8.058824,-0.235294)
R9	(1,-1)	33	r2	(7.588235,0.647059)
R9	(1,-1)	34	r2	(7.117647,1.529412)
