SINGLE-ORBITAL NN+NNN EFFECTIVE MODEL FIT

m=3
eon=0.0
t0=1.0
l_decay=0.5
dl=0.0
pairing=./m=3/pairing.txt
microscopic_orbitals=20

E_eff(k) = eps0 + 2*t1[cos(k.u1)+cos(k.u2)] + 4*t2*cos(k.u1)*cos(k.u2)

eps0     = -1.46166093717791e+01
t1       = -1.16520168710229e+00
t2       = -1.59731310497830e-01

RMSE=5.99075000693152e-01
MAE=5.13550287604972e-01
max_abs_error=1.25835393012847e+00
optimizer_success=True
optimizer_message=Linear least-squares solution
minimum_tracking_continuity=1.0000000000
mean_tracking_continuity=1.0000000000

# k_index idx continuity target fit\n    0    0 1.0000000000 -1.9367181322e+01 -1.9916341362e+01\n    1    0 1.0000000000 -1.9366336347e+01 -1.9914846431e+01\n    2    0 1.0000000000 -1.9363801725e+01 -1.9910363143e+01\n    3    0 1.0000000000 -1.9359578367e+01 -1.9902896012e+01\n    4    0 1.0000000000 -1.9353667787e+01 -1.9892452558e+01\n    5    0 1.0000000000 -1.9346072105e+01 -1.9879043295e+01\n    6    0 1.0000000000 -1.9336794045e+01 -1.9862681726e+01\n    7    0 1.0000000000 -1.9325836929e+01 -1.9843384325e+01\n    8    0 1.0000000000 -1.9313204683e+01 -1.9821170524e+01\n    9    0 1.0000000000 -1.9298901824e+01 -1.9796062690e+01\n   10    0 1.0000000000 -1.9282933465e+01 -1.9768086103e+01\n   11    0 1.0000000000 -1.9265305308e+01 -1.9737268935e+01\n   12    0 1.0000000000 -1.9246023640e+01 -1.9703642216e+01\n   13    0 1.0000000000 -1.9225095329e+01 -1.9667239804e+01\n   14    0 1.0000000000 -1.9202527820e+01 -1.9628098354e+01\n   15    0 1.0000000000 -1.9178329129e+01 -1.9586257279e+01\n   16    0 1.0000000000 -1.9152507837e+01 -1.9541758708e+01\n   17    0 1.0000000000 -1.9125073084e+01 -1.9494647447e+01\n   18    0 1.0000000000 -1.9096034566e+01 -1.9444970934e+01\n   19    0 1.0000000000 -1.9065402524e+01 -1.9392779190e+01\n   20    0 1.0000000000 -1.9033187739e+01 -1.9338124765e+01\n   21    0 1.0000000000 -1.8999401523e+01 -1.9281062694e+01\n   22    0 1.0000000000 -1.8964055716e+01 -1.9221650432e+01\n   23    0 1.0000000000 -1.8927162671e+01 -1.9159947803e+01\n   24    0 1.0000000000 -1.8888735251e+01 -1.9096016936e+01\n   25    0 1.0000000000 -1.8848786819e+01 -1.9029922204e+01\n   26    0 1.0000000000 -1.8807331227e+01 -1.8961730158e+01\n   27    0 1.0000000000 -1.8764382809e+01 -1.8891509463e+01\n   28    0 1.0000000000 -1.8719956372e+01 -1.8819330824e+01\n   29    0 1.0000000000 -1.8674067184e+01 -1.8745266920e+01\n   30    0 1.0000000000 -1.8626730963e+01 -1.8669392327e+01\n   31    0 1.0000000000 -1.8577963870e+01 -1.8591783443e+01\n   32    0 1.0000000000 -1.8527782498e+01 -1.8512518414e+01\n   33    0 1.0000000000 -1.8476203858e+01 -1.8431677054e+01\n   34    0 1.0000000000 -1.8423245371e+01 -1.8349340763e+01\n   35    0 1.0000000000 -1.8368924855e+01 -1.8265592446e+01\n   36    0 1.0000000000 -1.8313260516e+01 -1.8180516432e+01\n   37    0 1.0000000000 -1.8256270931e+01 -1.8094198383e+01\n   38    0 1.0000000000 -1.8197975044e+01 -1.8006725216e+01\n   39    0 1.0000000000 -1.8138392148e+01 -1.7918185009e+01\n   40    0 1.0000000000 -1.8077541875e+01 -1.7828666913e+01\n   41    0 1.0000000000 -1.8015444183e+01 -1.7738261066e+01\n   42    0 1.0000000000 -1.7952119345e+01 -1.7647058500e+01\n   43    0 1.0000000000 -1.7887587937e+01 -1.7555151046e+01\n   44    0 1.0000000000 -1.7821870822e+01 -1.7462631249e+01\n   45    0 1.0000000000 -1.7754989142e+01 -1.7369592268e+01\n   46    0 1.0000000000 -1.7686964301e+01 -1.7276127785e+01\n   47    0 1.0000000000 -1.7617817957e+01 -1.7182331911e+01\n   48    0 1.0000000000 -1.7547572004e+01 -1.7088299090e+01\n   49    0 1.0000000000 -1.7476248564e+01 -1.6994124006e+01\n   50    0 1.0000000000 -1.7403869972e+01 -1.6899901486e+01\n   51    0 1.0000000000 -1.7330458762e+01 -1.6805726402e+01\n   52    0 1.0000000000 -1.7256037657e+01 -1.6711693581e+01\n   53    0 1.0000000000 -1.7180629555e+01 -1.6617897707e+01\n   54    0 1.0000000000 -1.7104257516e+01 -1.6524433224e+01\n   55    0 1.0000000000 -1.7026944749e+01 -1.6431394243e+01\n   56    0 1.0000000000 -1.6948714602e+01 -1.6338874446e+01\n   57    0 1.0000000000 -1.6869590547e+01 -1.6246966992e+01\n   58    0 1.0000000000 -1.6789596169e+01 -1.6155764426e+01\n   59    0 1.0000000000 -1.6708755151e+01 -1.6065358579e+01\n   60    0 1.0000000000 -1.6627091268e+01 -1.5975840483e+01\n   61    0 1.0000000000 -1.6544628368e+01 -1.5887300275e+01\n   62    0 1.0000000000 -1.6461390365e+01 -1.5799827109e+01\n   63    0 1.0000000000 -1.6377401226e+01 -1.5713509060e+01\n   64    0 1.0000000000 -1.6292684958e+01 -1.5628433046e+01\n   65    0 1.0000000000 -1.6207265601e+01 -1.5544684729e+01\n   66    0 1.0000000000 -1.6121167211e+01 -1.5462348438e+01\n   67    0 1.0000000000 -1.6034413854e+01 -1.5381507078e+01\n   68    0 1.0000000000 -1.5947029594e+01 -1.5302242049e+01\n   69    0 1.0000000000 -1.5859038480e+01 -1.5224633165e+01\n   70    0 1.0000000000 -1.5770464542e+01 -1.5148758572e+01\n   71    0 1.0000000000 -1.5681331773e+01 -1.5074694668e+01\n   72    0 1.0000000000 -1.5591664129e+01 -1.5002516029e+01\n   73    0 1.0000000000 -1.5501485510e+01 -1.4932295334e+01\n   74    0 1.0000000000 -1.5410819759e+01 -1.4864103288e+01\n   75    0 1.0000000000 -1.5319690649e+01 -1.4798008556e+01\n   76    0 1.0000000000 -1.5228121875e+01 -1.4734077689e+01\n   77    0 1.0000000000 -1.5136137050e+01 -1.4672375060e+01\n   78    0 1.0000000000 -1.5043759694e+01 -1.4612962798e+01\n   79    0 1.0000000000 -1.4951013226e+01 -1.4555900727e+01\n   80    0 1.0000000000 -1.4857920963e+01 -1.4501246302e+01\n   81    0 1.0000000000 -1.4764506110e+01 -1.4449054557e+01\n   82    0 1.0000000000 -1.4670791755e+01 -1.4399378045e+01\n   83    0 1.0000000000 -1.4576800869e+01 -1.4352266784e+01\n   84    0 1.0000000000 -1.4482556297e+01 -1.4307768213e+01\n   85    0 1.0000000000 -1.4388080764e+01 -1.4265927138e+01\n   86    0 1.0000000000 -1.4293396869e+01 -1.4226785688e+01\n   87    0 1.0000000000 -1.4198527094e+01 -1.4190383276e+01\n   88    0 1.0000000000 -1.4103493813e+01 -1.4156756557e+01\n   89    0 1.0000000000 -1.4008319308e+01 -1.4125939389e+01\n   90    0 1.0000000000 -1.3913025803e+01 -1.4097962802e+01\n   91    0 1.0000000000 -1.3817635523e+01 -1.4072854968e+01\n   92    0 1.0000000000 -1.3722170810e+01 -1.4050641167e+01\n   93    0 1.0000000000 -1.3626654351e+01 -1.4031343766e+01\n   94    0 1.0000000000 -1.3531109687e+01 -1.4014982197e+01\n   95    0 1.0000000000 -1.3435562485e+01 -1.4001572934e+01\n   96    0 1.0000000000 -1.3340044354e+01 -1.3991129480e+01\n   97    0 1.0000000000 -1.3244608074e+01 -1.3983662349e+01\n   98    0 1.0000000000 -1.3149433389e+01 -1.3979179061e+01\n   99    0 1.0000000000 -1.3064441712e+01 -1.3977684130e+01\n  100    0 1.0000000000 -1.3063966532e+01 -1.3976832542e+01\n  101    0 1.0000000000 -1.3062541156e+01 -1.3974278637e+01\n  102    0 1.0000000000 -1.3060166074e+01 -1.3970024986e+01\n  103    0 1.0000000000 -1.3056842106e+01 -1.3964075872e+01\n  104    0 1.0000000000 -1.3052570397e+01 -1.3956437285e+01\n  105    0 1.0000000000 -1.3047352419e+01 -1.3947116916e+01\n  106    0 1.0000000000 -1.3041189971e+01 -1.3936124152e+01\n  107    0 1.0000000000 -1.3034085179e+01 -1.3923470059e+01\n  108    0 1.0000000000 -1.3026040491e+01 -1.3909167380e+01\n  109    0 1.0000000000 -1.3017058684e+01 -1.3893230517e+01\n  110    0 1.0000000000 -1.3007142855e+01 -1.3875675517e+01\n  111    0 1.0000000000 -1.2996296427e+01 -1.3856520055e+01\n  112    0 1.0000000000 -1.2984523145e+01 -1.3835783420e+01\n  113    0 1.0000000000 -1.2971827074e+01 -1.3813486492e+01\n  114    0 1.0000000000 -1.2958212601e+01 -1.3789651722e+01\n  115    0 1.0000000000 -1.2943684433e+01 -1.3764303110e+01\n  116    0 1.0000000000 -1.2928247594e+01 -1.3737466179e+01\n  117    0 1.0000000000 -1.2911907428e+01 -1.3709167952e+01\n  118    0 1.0000000000 -1.2894669594e+01 -1.3679436923e+01\n  119    0 1.0000000000 -1.2876540067e+01 -1.3648303029e+01\n  120    0 1.0000000000 -1.2857525137e+01 -1.3615797618e+01\n  121    0 1.0000000000 -1.2837631410e+01 -1.3581953421e+01\n  122    0 1.0000000000 -1.2816865801e+01 -1.3546804517e+01\n  123    0 1.0000000000 -1.2795235542e+01 -1.3510386297e+01\n  124    0 1.0000000000 -1.2772748172e+01 -1.3472735430e+01\n  125    0 1.0000000000 -1.2749411546e+01 -1.3433889830e+01\n  126    0 1.0000000000 -1.2725233826e+01 -1.3393888609e+01\n  127    0 1.0000000000 -1.2700223487e+01 -1.3352772045e+01\n  128    0 1.0000000000 -1.2674389313e+01 -1.3310581540e+01\n  129    0 1.0000000000 -1.2647740402e+01 -1.3267359576e+01\n  130    0 1.0000000000 -1.2620286160e+01 -1.3223149673e+01\n  131    0 1.0000000000 -1.2592036308e+01 -1.3177996347e+01\n  132    0 1.0000000000 -1.2563000880e+01 -1.3131945064e+01\n  133    0 1.0000000000 -1.2533190225e+01 -1.3085042193e+01\n  134    0 1.0000000000 -1.2502615010e+01 -1.3037334962e+01\n  135    0 1.0000000000 -1.2471286223e+01 -1.2988871408e+01\n  136    0 1.0000000000 -1.2439215173e+01 -1.2939700329e+01\n  137    0 1.0000000000 -1.2406413500e+01 -1.2889871237e+01\n  138    0 1.0000000000 -1.2372893174e+01 -1.2839434305e+01\n  139    0 1.0000000000 -1.2338666504e+01 -1.2788440319e+01\n  140    0 1.0000000000 -1.2303746141e+01 -1.2736940626e+01\n  141    0 1.0000000000 -1.2268145091e+01 -1.2684987081e+01\n  142    0 1.0000000000 -1.2231876719e+01 -1.2632631998e+01\n  143    0 1.0000000000 -1.2194954760e+01 -1.2579928093e+01\n  144    0 1.0000000000 -1.2157393334e+01 -1.2526928434e+01\n  145    0 1.0000000000 -1.2119206953e+01 -1.2473686389e+01\n  146    0 1.0000000000 -1.2080410543e+01 -1.2420255567e+01\n  147    0 1.0000000000 -1.2041019456e+01 -1.2366689768e+01\n  148    0 1.0000000000 -1.2001049493e+01 -1.2313042928e+01\n  149    0 1.0000000000 -1.1960516923e+01 -1.2259369067e+01\n  150    0 1.0000000000 -1.1919438512e+01 -1.2205722227e+01\n  151    0 1.0000000000 -1.1877831548e+01 -1.2152156429e+01\n  152    0 1.0000000000 -1.1835713875e+01 -1.2098725606e+01\n  153    0 1.0000000000 -1.1793103930e+01 -1.2045483561e+01\n  154    0 1.0000000000 -1.1750020784e+01 -1.1992483902e+01\n  155    0 1.0000000000 -1.1706484187e+01 -1.1939779997e+01\n  156    0 1.0000000000 -1.1662514624e+01 -1.1887424914e+01\n  157    0 1.0000000000 -1.1618133372e+01 -1.1835471369e+01\n  158    0 1.0000000000 -1.1573362568e+01 -1.1783971676e+01\n  159    0 1.0000000000 -1.1528225288e+01 -1.1732977690e+01\n  160    0 1.0000000000 -1.1482745630e+01 -1.1682540758e+01\n  161    0 1.0000000000 -1.1436948816e+01 -1.1632711666e+01\n  162    0 1.0000000000 -1.1390861300e+01 -1.1583540587e+01\n  163    0 1.0000000000 -1.1344510894e+01 -1.1535077033e+01\n  164    0 1.0000000000 -1.1297926916e+01 -1.1487369802e+01\n  165    0 1.0000000000 -1.1251140346e+01 -1.1440466931e+01\n  166    0 1.0000000000 -1.1204184016e+01 -1.1394415648e+01\n  167    0 1.0000000000 -1.1157092818e+01 -1.1349262323e+01\n  168    0 1.0000000000 -1.1109903942e+01 -1.1305052420e+01\n  169    0 1.0000000000 -1.1062657151e+01 -1.1261830455e+01\n  170    0 1.0000000000 -1.1015395084e+01 -1.1219639950e+01\n  171    0 1.0000000000 -1.0968163615e+01 -1.1178523386e+01\n  172    0 1.0000000000 -1.0921012245e+01 -1.1138522165e+01\n  173    0 1.0000000000 -1.0873994561e+01 -1.1099676565e+01\n  174    0 1.0000000000 -1.0827168742e+01 -1.1062025699e+01\n  175    0 1.0000000000 -1.0780598148e+01 -1.1025607478e+01\n  176    0 1.0000000000 -1.0734351962e+01 -1.0990458574e+01\n  177    0 1.0000000000 -1.0688505930e+01 -1.0956614377e+01\n  178    0 1.0000000000 -1.0643143167e+01 -1.0924108966e+01\n  179    0 1.0000000000 -1.0598355058e+01 -1.0892975072e+01\n  180    0 1.0000000000 -1.0554242230e+01 -1.0863244043e+01\n  181    0 1.0000000000 -1.0510915599e+01 -1.0834945816e+01\n  182    0 1.0000000000 -1.0468497463e+01 -1.0808108885e+01\n  183    0 1.0000000000 -1.0427122609e+01 -1.0782760273e+01\n  184    0 1.0000000000 -1.0386939371e+01 -1.0758925503e+01\n  185    0 1.0000000000 -1.0348110571e+01 -1.0736628575e+01\n  186    0 1.0000000000 -1.0310814206e+01 -1.0715891940e+01\n  187    0 1.0000000000 -1.0275243752e+01 -1.0696736479e+01\n  188    0 1.0000000000 -1.0241607852e+01 -1.0679181478e+01\n  189    0 1.0000000000 -1.0210129187e+01 -1.0663244615e+01\n  190    0 1.0000000000 -1.0181042225e+01 -1.0648941936e+01\n  191    0 1.0000000000 -1.0154589611e+01 -1.0636287844e+01\n  192    0 1.0000000000 -1.0131016970e+01 -1.0625295079e+01\n  193    0 1.0000000000 -1.0110566026e+01 -1.0615974710e+01\n  194    0 1.0000000000 -1.0093466154e+01 -1.0608336124e+01\n  195    0 1.0000000000 -1.0079924734e+01 -1.0602387009e+01\n  196    0 1.0000000000 -1.0070117020e+01 -1.0598133358e+01\n  197    0 1.0000000000 -1.0064176489e+01 -1.0595579453e+01\n  198    0 1.0000000000 -1.0062186807e+01 -1.0594727865e+01\n  199    0 1.0000000000 -1.0067512878e+01 -1.0596431202e+01\n  200    0 1.0000000000 -1.0090278149e+01 -1.0601541441e+01\n  201    0 1.0000000000 -1.0130178544e+01 -1.0610059253e+01\n  202    0 1.0000000000 -1.0184270704e+01 -1.0621985736e+01\n  203    0 1.0000000000 -1.0250429560e+01 -1.0637322366e+01\n  204    0 1.0000000000 -1.0326774427e+01 -1.0656070947e+01\n  205    0 1.0000000000 -1.0411648619e+01 -1.0678233538e+01\n  206    0 1.0000000000 -1.0503642620e+01 -1.0703812366e+01\n  207    0 1.0000000000 -1.0601588328e+01 -1.0732809725e+01\n  208    0 1.0000000000 -1.0704532548e+01 -1.0765227863e+01\n  209    0 1.0000000000 -1.0811702807e+01 -1.0801068850e+01\n  210    0 1.0000000000 -1.0922473561e+01 -1.0840334438e+01\n  211    0 1.0000000000 -1.1036336440e+01 -1.0883025907e+01\n  212    0 1.0000000000 -1.1152875578e+01 -1.0929143898e+01\n  213    0 1.0000000000 -1.1271747816e+01 -1.0978688236e+01\n  214    0 1.0000000000 -1.1392667108e+01 -1.1031657749e+01\n  215    0 1.0000000000 -1.1515392343e+01 -1.1088050066e+01\n  216    0 1.0000000000 -1.1639717868e+01 -1.1147861419e+01\n  217    0 1.0000000000 -1.1765466114e+01 -1.1211086431e+01\n  218    0 1.0000000000 -1.1892481840e+01 -1.1277717904e+01\n  219    0 1.0000000000 -1.2020627626e+01 -1.1347746592e+01\n  220    0 1.0000000000 -1.2149780329e+01 -1.1421160985e+01\n  221    0 1.0000000000 -1.2279828277e+01 -1.1497947078e+01\n  222    0 1.0000000000 -1.2410669038e+01 -1.1578088147e+01\n  223    0 1.0000000000 -1.2542207639e+01 -1.1661564520e+01\n  224    0 1.0000000000 -1.2674355127e+01 -1.1748353350e+01\n  225    0 1.0000000000 -1.2807027412e+01 -1.1838428393e+01\n  226    0 1.0000000000 -1.2940144327e+01 -1.1931759792e+01\n  227    0 1.0000000000 -1.3073628860e+01 -1.2028313853e+01\n  228    0 1.0000000000 -1.3207406524e+01 -1.2128052845e+01\n  229    0 1.0000000000 -1.3341404841e+01 -1.2230934795e+01\n  230    0 1.0000000000 -1.3475552920e+01 -1.2336913291e+01\n  231    0 1.0000000000 -1.3609781100e+01 -1.2445937308e+01\n  232    0 1.0000000000 -1.3744020666e+01 -1.2557951025e+01\n  233    0 1.0000000000 -1.3878203607e+01 -1.2672893670e+01\n  234    0 1.0000000000 -1.4012262418e+01 -1.2790699370e+01\n  235    0 1.0000000000 -1.4146129941e+01 -1.2911297018e+01\n  236    0 1.0000000000 -1.4279739230e+01 -1.3034610148e+01\n  237    0 1.0000000000 -1.4413023447e+01 -1.3160556840e+01\n  238    0 1.0000000000 -1.4545915773e+01 -1.3289049624e+01\n  239    0 1.0000000000 -1.4678349344e+01 -1.3419995414e+01\n  240    0 1.0000000000 -1.4810257197e+01 -1.3553295453e+01\n  241    0 1.0000000000 -1.4941572236e+01 -1.3688845283e+01\n  242    0 1.0000000000 -1.5072227206e+01 -1.3826534727e+01\n  243    0 1.0000000000 -1.5202154677e+01 -1.3966247894e+01\n  244    0 1.0000000000 -1.5331287042e+01 -1.4107863206e+01\n  245    0 1.0000000000 -1.5459556518e+01 -1.4251253444e+01\n  246    0 1.0000000000 -1.5586895159e+01 -1.4396285809e+01\n  247    0 1.0000000000 -1.5713234873e+01 -1.4542822016e+01\n  248    0 1.0000000000 -1.5838507445e+01 -1.4690718399e+01\n  249    0 1.0000000000 -1.5962644570e+01 -1.4839826038e+01\n  250    0 1.0000000000 -1.6085577883e+01 -1.4989990911e+01\n  251    0 1.0000000000 -1.6207239002e+01 -1.5141054067e+01\n  252    0 1.0000000000 -1.6327559567e+01 -1.5292851811e+01\n  253    0 1.0000000000 -1.6446471292e+01 -1.5445215924e+01\n  254    0 1.0000000000 -1.6563906011e+01 -1.5597973884e+01\n  255    0 1.0000000000 -1.6679795734e+01 -1.5750949128e+01\n  256    0 1.0000000000 -1.6794072702e+01 -1.5903961312e+01\n  257    0 1.0000000000 -1.6906669446e+01 -1.6056826602e+01\n  258    0 1.0000000000 -1.7017518850e+01 -1.6209357982e+01\n  259    0 1.0000000000 -1.7126554213e+01 -1.6361365568e+01\n  260    0 1.0000000000 -1.7233709312e+01 -1.6512656956e+01\n  261    0 1.0000000000 -1.7338918473e+01 -1.6663037562e+01\n  262    0 1.0000000000 -1.7442116636e+01 -1.6812311000e+01\n  263    0 1.0000000000 -1.7543239427e+01 -1.6960279450e+01\n  264    0 1.0000000000 -1.7642223224e+01 -1.7106744056e+01\n  265    0 1.0000000000 -1.7739005233e+01 -1.7251505326e+01\n  266    0 1.0000000000 -1.7833523557e+01 -1.7394363538e+01\n  267    0 1.0000000000 -1.7925717267e+01 -1.7535119163e+01\n  268    0 1.0000000000 -1.8015526479e+01 -1.7673573287e+01\n  269    0 1.0000000000 -1.8102892420e+01 -1.7809528044e+01\n  270    0 1.0000000000 -1.8187757505e+01 -1.7942787050e+01\n  271    0 1.0000000000 -1.8270065405e+01 -1.8073155838e+01\n  272    0 1.0000000000 -1.8349761121e+01 -1.8200442301e+01\n  273    0 1.0000000000 -1.8426791053e+01 -1.8324457125e+01\n  274    0 1.0000000000 -1.8501103070e+01 -1.8445014231e+01\n  275    0 1.0000000000 -1.8572646578e+01 -1.8561931205e+01\n  276    0 1.0000000000 -1.8641372584e+01 -1.8675029729e+01\n  277    0 1.0000000000 -1.8707233769e+01 -1.8784136005e+01\n  278    0 1.0000000000 -1.8770184544e+01 -1.8889081170e+01\n  279    0 1.0000000000 -1.8830181118e+01 -1.8989701705e+01\n  280    0 1.0000000000 -1.8887181553e+01 -1.9085839831e+01\n  281    0 1.0000000000 -1.8941145828e+01 -1.9177343896e+01\n  282    0 1.0000000000 -1.8992035889e+01 -1.9264068751e+01\n  283    0 1.0000000000 -1.9039815708e+01 -1.9345876103e+01\n  284    0 1.0000000000 -1.9084451331e+01 -1.9422634868e+01\n  285    0 1.0000000000 -1.9125910924e+01 -1.9494221493e+01\n  286    0 1.0000000000 -1.9164164824e+01 -1.9560520267e+01\n  287    0 1.0000000000 -1.9199185580e+01 -1.9621423617e+01\n  288    0 1.0000000000 -1.9230947988e+01 -1.9676832378e+01\n  289    0 1.0000000000 -1.9259429134e+01 -1.9726656045e+01\n  290    0 1.0000000000 -1.9284608425e+01 -1.9770813005e+01\n  291    0 1.0000000000 -1.9306467617e+01 -1.9809230745e+01\n  292    0 1.0000000000 -1.9324990845e+01 -1.9841846038e+01\n  293    0 1.0000000000 -1.9340164645e+01 -1.9868605108e+01\n  294    0 1.0000000000 -1.9351977974e+01 -1.9889463763e+01\n  295    0 1.0000000000 -1.9360422224e+01 -1.9904387514e+01\n  296    0 1.0000000000 -1.9365491239e+01 -1.9913351662e+01\n  297    0 1.0000000000 -1.9367181322e+01 -1.9916341362e+01\n