SINGLE-ORBITAL NN+NNN EFFECTIVE MODEL FIT

m=5
eon=0.0
t0=1.0
l_decay=2.0
dl=0.1
pairing=./m=5/pairing.txt
microscopic_orbitals=52

E_eff(k) = eps0 + 2*t1[cos(k.u1)+cos(k.u2)] + 4*t2*cos(k.u1)*cos(k.u2)

eps0     = -3.30450423413137e+01
t1       = -8.01360963986241e+00
t2       = -2.53064665006775e+00

RMSE=1.78744730485729e+00
MAE=1.53847715721258e+00
max_abs_error=3.58181219486771e+00
optimizer_success=True
optimizer_message=Linear least-squares solution
minimum_tracking_continuity=1.0000000000
mean_tracking_continuity=1.0000000000

# k_index idx continuity target fit\n    0    0 1.0000000000 -7.3569909208e+01 -7.5222067501e+01\n    1    0 1.0000000000 -7.3558665437e+01 -7.5208902182e+01\n    2    0 1.0000000000 -7.3524944354e+01 -7.5169419482e+01\n    3    0 1.0000000000 -7.3468776634e+01 -7.5103659155e+01\n    4    0 1.0000000000 -7.3390213365e+01 -7.5011687418e+01\n    5    0 1.0000000000 -7.3289325985e+01 -7.4893596878e+01\n    6    0 1.0000000000 -7.3166206202e+01 -7.4749506442e+01\n    7    0 1.0000000000 -7.3020965889e+01 -7.4579561198e+01\n    8    0 1.0000000000 -7.2853736952e+01 -7.4383932264e+01\n    9    0 1.0000000000 -7.2664671178e+01 -7.4162816624e+01\n   10    0 1.0000000000 -7.2453940059e+01 -7.3916436922e+01\n   11    0 1.0000000000 -7.2221734596e+01 -7.3645041241e+01\n   12    0 1.0000000000 -7.1968265072e+01 -7.3348902855e+01\n   13    0 1.0000000000 -7.1693760812e+01 -7.3028319948e+01\n   14    0 1.0000000000 -7.1398469914e+01 -7.2683615321e+01\n   15    0 1.0000000000 -7.1082658961e+01 -7.2315136063e+01\n   16    0 1.0000000000 -7.0746612708e+01 -7.1923253200e+01\n   17    0 1.0000000000 -7.0390633753e+01 -7.1508361325e+01\n   18    0 1.0000000000 -7.0015042179e+01 -7.1070878200e+01\n   19    0 1.0000000000 -6.9620175178e+01 -7.0611244333e+01\n   20    0 1.0000000000 -6.9206386658e+01 -7.0129922536e+01\n   21    0 1.0000000000 -6.8774046826e+01 -6.9627397460e+01\n   22    0 1.0000000000 -6.8323541747e+01 -6.9104175104e+01\n   23    0 1.0000000000 -6.7855272891e+01 -6.8560782309e+01\n   24    0 1.0000000000 -6.7369656655e+01 -6.7997766226e+01\n   25    0 1.0000000000 -6.6867123870e+01 -6.7415693764e+01\n   26    0 1.0000000000 -6.6348119284e+01 -6.6815151021e+01\n   27    0 1.0000000000 -6.5813101032e+01 -6.6196742692e+01\n   28    0 1.0000000000 -6.5262540087e+01 -6.5561091462e+01\n   29    0 1.0000000000 -6.4696919694e+01 -6.4908837379e+01\n   30    0 1.0000000000 -6.4116734785e+01 -6.4240637206e+01\n   31    0 1.0000000000 -6.3522491379e+01 -6.3557163764e+01\n   32    0 1.0000000000 -6.2914705972e+01 -6.2859105254e+01\n   33    0 1.0000000000 -6.2293904902e+01 -6.2147164561e+01\n   34    0 1.0000000000 -6.1660623709e+01 -6.1422058549e+01\n   35    0 1.0000000000 -6.1015406475e+01 -6.0684517338e+01\n   36    0 1.0000000000 -6.0358805155e+01 -5.9935283571e+01\n   37    0 1.0000000000 -5.9691378895e+01 -5.9175111661e+01\n   38    0 1.0000000000 -5.9013693335e+01 -5.8404767037e+01\n   39    0 1.0000000000 -5.8326319906e+01 -5.7625025371e+01\n   40    0 1.0000000000 -5.7629835114e+01 -5.6836671798e+01\n   41    0 1.0000000000 -5.6924819819e+01 -5.6040500121e+01\n   42    0 1.0000000000 -5.6211858497e+01 -5.5237312019e+01\n   43    0 1.0000000000 -5.5491538507e+01 -5.4427916234e+01\n   44    0 1.0000000000 -5.4764449339e+01 -5.3613127758e+01\n   45    0 1.0000000000 -5.4031181868e+01 -5.2793767016e+01\n   46    0 1.0000000000 -5.3292327595e+01 -5.1970659033e+01\n   47    0 1.0000000000 -5.2548477893e+01 -5.1144632609e+01\n   48    0 1.0000000000 -5.1800223242e+01 -5.0316519483e+01\n   49    0 1.0000000000 -5.1048152473e+01 -4.9487153495e+01\n   50    0 1.0000000000 -5.0292852004e+01 -4.8657369747e+01\n   51    0 1.0000000000 -4.9534905088e+01 -4.7828003759e+01\n   52    0 1.0000000000 -4.8774891056e+01 -4.6999890633e+01\n   53    0 1.0000000000 -4.8013384574e+01 -4.6173864210e+01\n   54    0 1.0000000000 -4.7250954897e+01 -4.5350756226e+01\n   55    0 1.0000000000 -4.6488165143e+01 -4.4531395484e+01\n   56    0 1.0000000000 -4.5725571573e+01 -4.3716607008e+01\n   57    0 1.0000000000 -4.4963722889e+01 -4.2907211223e+01\n   58    0 1.0000000000 -4.4203159539e+01 -4.2104023121e+01\n   59    0 1.0000000000 -4.3444413053e+01 -4.1307851444e+01\n   60    0 1.0000000000 -4.2688005394e+01 -4.0519497871e+01\n   61    0 1.0000000000 -4.1934448334e+01 -3.9739756205e+01\n   62    0 1.0000000000 -4.1184242867e+01 -3.8969411581e+01\n   63    0 1.0000000000 -4.0437878640e+01 -3.8209239671e+01\n   64    0 1.0000000000 -3.9695833438e+01 -3.7460005904e+01\n   65    0 1.0000000000 -3.8958572705e+01 -3.6722464693e+01\n   66    0 1.0000000000 -3.8226549111e+01 -3.5997358681e+01\n   67    0 1.0000000000 -3.7500202179e+01 -3.5285417988e+01\n   68    0 1.0000000000 -3.6779957983e+01 -3.4587359478e+01\n   69    0 1.0000000000 -3.6066228907e+01 -3.3903886036e+01\n   70    0 1.0000000000 -3.5359413505e+01 -3.3235685863e+01\n   71    0 1.0000000000 -3.4659896458e+01 -3.2583431780e+01\n   72    0 1.0000000000 -3.3968048648e+01 -3.1947780550e+01\n   73    0 1.0000000000 -3.3284227388e+01 -3.1329372221e+01\n   74    0 1.0000000000 -3.2608776813e+01 -3.0728829478e+01\n   75    0 1.0000000000 -3.1942028503e+01 -3.0146757016e+01\n   76    0 1.0000000000 -3.1284302352e+01 -2.9583740933e+01\n   77    0 1.0000000000 -3.0635907793e+01 -2.9040348138e+01\n   78    0 1.0000000000 -2.9997145435e+01 -2.8517125782e+01\n   79    0 1.0000000000 -2.9368309261e+01 -2.8014600706e+01\n   80    0 1.0000000000 -2.8749689559e+01 -2.7533278909e+01\n   81    0 1.0000000000 -2.8141576830e+01 -2.7073645042e+01\n   82    0 1.0000000000 -2.7544267029e+01 -2.6636161917e+01\n   83    0 1.0000000000 -2.6958068658e+01 -2.6221270042e+01\n   84    0 1.0000000000 -2.6383312472e+01 -2.5829387179e+01\n   85    0 1.0000000000 -2.5820364937e+01 -2.5460907921e+01\n   86    0 1.0000000000 -2.5269647210e+01 -2.5116203294e+01\n   87    0 1.0000000000 -2.4731662386e+01 -2.4795620387e+01\n   88    0 1.0000000000 -2.4207035417e+01 -2.4499482001e+01\n   89    0 1.0000000000 -2.3696572912e+01 -2.4228086320e+01\n   90    0 1.0000000000 -2.3201354848e+01 -2.3981706618e+01\n   91    0 1.0000000000 -2.2722878762e+01 -2.3760590978e+01\n   92    0 1.0000000000 -2.2263292020e+01 -2.3564962044e+01\n   93    0 1.0000000000 -2.1825773970e+01 -2.3395016800e+01\n   94    0 1.0000000000 -2.1415172127e+01 -2.3250926364e+01\n   95    0 1.0000000000 -2.1039048359e+01 -2.3132835824e+01\n   96    0 1.0000000000 -2.0709277524e+01 -2.3040864087e+01\n   97    0 1.0000000000 -2.0443930413e+01 -2.2975103760e+01\n   98    0 1.0000000000 -2.0267525957e+01 -2.2935621060e+01\n   99    0 1.0000000000 -2.0204952494e+01 -2.2922455741e+01\n  100    0 1.0000000000 -2.0203030444e+01 -2.2919483009e+01\n  101    0 1.0000000000 -2.0197276562e+01 -2.2910567805e+01\n  102    0 1.0000000000 -2.0187694838e+01 -2.2895719107e+01\n  103    0 1.0000000000 -2.0174291915e+01 -2.2874951866e+01\n  104    0 1.0000000000 -2.0157077086e+01 -2.2848286993e+01\n  105    0 1.0000000000 -2.0136062280e+01 -2.2815751336e+01\n  106    0 1.0000000000 -2.0111262048e+01 -2.2777377658e+01\n  107    0 1.0000000000 -2.0082693550e+01 -2.2733204596e+01\n  108    0 1.0000000000 -2.0050376530e+01 -2.2683276629e+01\n  109    0 1.0000000000 -2.0014333300e+01 -2.2627644031e+01\n  110    0 1.0000000000 -1.9974588709e+01 -2.2566362819e+01\n  111    0 1.0000000000 -1.9931170116e+01 -2.2499494697e+01\n  112    0 1.0000000000 -1.9884107360e+01 -2.2427106997e+01\n  113    0 1.0000000000 -1.9833432727e+01 -2.2349272607e+01\n  114    0 1.0000000000 -1.9779180908e+01 -2.2266069898e+01\n  115    0 1.0000000000 -1.9721388967e+01 -2.2177582650e+01\n  116    0 1.0000000000 -1.9660096290e+01 -2.2083899962e+01\n  117    0 1.0000000000 -1.9595344550e+01 -2.1985116163e+01\n  118    0 1.0000000000 -1.9527177650e+01 -2.1881330722e+01\n  119    0 1.0000000000 -1.9455641680e+01 -2.1772648140e+01\n  120    0 1.0000000000 -1.9380784861e+01 -2.1659177853e+01\n  121    0 1.0000000000 -1.9302657494e+01 -2.1541034114e+01\n  122    0 1.0000000000 -1.9221311897e+01 -2.1418335886e+01\n  123    0 1.0000000000 -1.9136802351e+01 -2.1291206714e+01\n  124    0 1.0000000000 -1.9049185038e+01 -2.1159774607e+01\n  125    0 1.0000000000 -1.8958517974e+01 -2.1024171906e+01\n  126    0 1.0000000000 -1.8864860949e+01 -2.0884535152e+01\n  127    0 1.0000000000 -1.8768275455e+01 -2.0741004946e+01\n  128    0 1.0000000000 -1.8668824620e+01 -2.0593725811e+01\n  129    0 1.0000000000 -1.8566573135e+01 -2.0442846046e+01\n  130    0 1.0000000000 -1.8461587183e+01 -2.0288517572e+01\n  131    0 1.0000000000 -1.8353934365e+01 -2.0130895787e+01\n  132    0 1.0000000000 -1.8243683626e+01 -1.9970139401e+01\n  133    0 1.0000000000 -1.8130905176e+01 -1.9806410283e+01\n  134    0 1.0000000000 -1.8015670411e+01 -1.9639873294e+01\n  135    0 1.0000000000 -1.7898051842e+01 -1.9470696123e+01\n  136    0 1.0000000000 -1.7778123004e+01 -1.9299049116e+01\n  137    0 1.0000000000 -1.7655958385e+01 -1.9125105108e+01\n  138    0 1.0000000000 -1.7531633340e+01 -1.8949039246e+01\n  139    0 1.0000000000 -1.7405224009e+01 -1.8771028813e+01\n  140    0 1.0000000000 -1.7276807236e+01 -1.8591253050e+01\n  141    0 1.0000000000 -1.7146460486e+01 -1.8409892977e+01\n  142    0 1.0000000000 -1.7014261763e+01 -1.8227131207e+01\n  143    0 1.0000000000 -1.6880289522e+01 -1.8043151766e+01\n  144    0 1.0000000000 -1.6744622593e+01 -1.7858139906e+01\n  145    0 1.0000000000 -1.6607340092e+01 -1.7672281919e+01\n  146    0 1.0000000000 -1.6468521343e+01 -1.7485764947e+01\n  147    0 1.0000000000 -1.6328245792e+01 -1.7298776797e+01\n  148    0 1.0000000000 -1.6186592928e+01 -1.7111505750e+01\n  149    0 1.0000000000 -1.6043642198e+01 -1.6924140373e+01\n  150    0 1.0000000000 -1.5899472932e+01 -1.6736869326e+01\n  151    0 1.0000000000 -1.5754164263e+01 -1.6549881176e+01\n  152    0 1.0000000000 -1.5607795042e+01 -1.6363364204e+01\n  153    0 1.0000000000 -1.5460443770e+01 -1.6177506217e+01\n  154    0 1.0000000000 -1.5312188517e+01 -1.5992494357e+01\n  155    0 1.0000000000 -1.5163106850e+01 -1.5808514916e+01\n  156    0 1.0000000000 -1.5013275761e+01 -1.5625753147e+01\n  157    0 1.0000000000 -1.4862771593e+01 -1.5444393073e+01\n  158    0 1.0000000000 -1.4711669975e+01 -1.5264617310e+01\n  159    0 1.0000000000 -1.4560045755e+01 -1.5086606877e+01\n  160    0 1.0000000000 -1.4407972934e+01 -1.4910541015e+01\n  161    0 1.0000000000 -1.4255524608e+01 -1.4736597007e+01\n  162    0 1.0000000000 -1.4102772902e+01 -1.4564950000e+01\n  163    0 1.0000000000 -1.3949788921e+01 -1.4395772829e+01\n  164    0 1.0000000000 -1.3796642694e+01 -1.4229235840e+01\n  165    0 1.0000000000 -1.3643403123e+01 -1.4065506722e+01\n  166    0 1.0000000000 -1.3490137939e+01 -1.3904750336e+01\n  167    0 1.0000000000 -1.3336913658e+01 -1.3747128551e+01\n  168    0 1.0000000000 -1.3183795545e+01 -1.3592800077e+01\n  169    0 1.0000000000 -1.3030847580e+01 -1.3441920312e+01\n  170    0 1.0000000000 -1.2878132431e+01 -1.3294641177e+01\n  171    0 1.0000000000 -1.2725711430e+01 -1.3151110971e+01\n  172    0 1.0000000000 -1.2573644566e+01 -1.3011474217e+01\n  173    0 1.0000000000 -1.2421990472e+01 -1.2875871516e+01\n  174    0 1.0000000000 -1.2270806432e+01 -1.2744439409e+01\n  175    0 1.0000000000 -1.2120148400e+01 -1.2617310237e+01\n  176    0 1.0000000000 -1.1970071030e+01 -1.2494612009e+01\n  177    0 1.0000000000 -1.1820627729e+01 -1.2376468271e+01\n  178    0 1.0000000000 -1.1671870732e+01 -1.2262997983e+01\n  179    0 1.0000000000 -1.1523851210e+01 -1.2154315402e+01\n  180    0 1.0000000000 -1.1376619431e+01 -1.2050529960e+01\n  181    0 1.0000000000 -1.1230224970e+01 -1.1951746161e+01\n  182    0 1.0000000000 -1.1084717013e+01 -1.1858063473e+01\n  183    0 1.0000000000 -1.0940144788e+01 -1.1769576225e+01\n  184    0 1.0000000000 -1.0796558180e+01 -1.1686373516e+01\n  185    0 1.0000000000 -1.0654008629e+01 -1.1608539126e+01\n  186    0 1.0000000000 -1.0512550471e+01 -1.1536151426e+01\n  187    0 1.0000000000 -1.0372243005e+01 -1.1469283304e+01\n  188    0 1.0000000000 -1.0233153754e+01 -1.1408002092e+01\n  189    0 1.0000000000 -1.0095363861e+01 -1.1352369494e+01\n  190    0 1.0000000000 -9.9589773672e+00 -1.1302441527e+01\n  191    0 1.0000000000 -9.8241381289e+00 -1.1258268465e+01\n  192    0 1.0000000000 -9.6910627214e+00 -1.1219894787e+01\n  193    0 1.0000000000 -9.5601099791e+00 -1.1187359131e+01\n  194    0 1.0000000000 -9.4319441330e+00 -1.1160694257e+01\n  195    0 1.0000000000 -9.3079727219e+00 -1.1139927016e+01\n  196    0 1.0000000000 -9.1917421537e+00 -1.1125078318e+01\n  197    0 1.0000000000 -9.0942300897e+00 -1.1116163114e+01\n  198    0 1.0000000000 -9.0499579104e+00 -1.1113190382e+01\n  199    0 1.0000000000 -9.1366665601e+00 -1.1119138412e+01\n  200    0 1.0000000000 -9.3424405200e+00 -1.1137007286e+01\n  201    0 1.0000000000 -9.5874901307e+00 -1.1166871198e+01\n  202    0 1.0000000000 -9.8492520286e+00 -1.1208853317e+01\n  203    0 1.0000000000 -1.0122779036e+01 -1.1263125036e+01\n  204    0 1.0000000000 -1.0406719405e+01 -1.1329904945e+01\n  205    0 1.0000000000 -1.0700723096e+01 -1.1409457507e+01\n  206    0 1.0000000000 -1.1004803446e+01 -1.1502091461e+01\n  207    0 1.0000000000 -1.1319133251e+01 -1.1608157940e+01\n  208    0 1.0000000000 -1.1643966252e+01 -1.1728048330e+01\n  209    0 1.0000000000 -1.1979602382e+01 -1.1862191871e+01\n  210    0 1.0000000000 -1.2326370546e+01 -1.2011053010e+01\n  211    0 1.0000000000 -1.2684619195e+01 -1.2175128518e+01\n  212    0 1.0000000000 -1.3054710634e+01 -1.2354944386e+01\n  213    0 1.0000000000 -1.3437017219e+01 -1.2551052513e+01\n  214    0 1.0000000000 -1.3831918548e+01 -1.2764027201e+01\n  215    0 1.0000000000 -1.4239799162e+01 -1.2994461463e+01\n  216    0 1.0000000000 -1.4661046517e+01 -1.3242963182e+01\n  217    0 1.0000000000 -1.5096049049e+01 -1.3510151111e+01\n  218    0 1.0000000000 -1.5545194284e+01 -1.3796650754e+01\n  219    0 1.0000000000 -1.6008866898e+01 -1.4103090132e+01\n  220    0 1.0000000000 -1.6487446733e+01 -1.4430095464e+01\n  221    0 1.0000000000 -1.6981306713e+01 -1.4778286767e+01\n  222    0 1.0000000000 -1.7490810680e+01 -1.5148273415e+01\n  223    0 1.0000000000 -1.8016311128e+01 -1.5540649656e+01\n  224    0 1.0000000000 -1.8558146837e+01 -1.5955990121e+01\n  225    0 1.0000000000 -1.9116640415e+01 -1.6394845343e+01\n  226    0 1.0000000000 -1.9692095753e+01 -1.6857737299e+01\n  227    0 1.0000000000 -2.0284795399e+01 -1.7345155006e+01\n  228    0 1.0000000000 -2.0894997867e+01 -1.7857550181e+01\n  229    0 1.0000000000 -2.1522934894e+01 -1.8395332991e+01\n  230    0 1.0000000000 -2.2168808654e+01 -1.8958867912e+01\n  231    0 1.0000000000 -2.2832788959e+01 -1.9548469712e+01\n  232    0 1.0000000000 -2.3515010449e+01 -2.0164399584e+01\n  233    0 1.0000000000 -2.4215569807e+01 -2.0806861439e+01\n  234    0 1.0000000000 -2.4934523002e+01 -2.1475998385e+01\n  235    0 1.0000000000 -2.5671882600e+01 -2.2171889398e+01\n  236    0 1.0000000000 -2.6427615144e+01 -2.2894546213e+01\n  237    0 1.0000000000 -2.7201638644e+01 -2.3643910445e+01\n  238    0 1.0000000000 -2.7993820178e+01 -2.4419850950e+01\n  239    0 1.0000000000 -2.8803973647e+01 -2.5222161452e+01\n  240    0 1.0000000000 -2.9631857677e+01 -2.6050558427e+01\n  241    0 1.0000000000 -3.0477173721e+01 -2.6904679286e+01\n  242    0 1.0000000000 -3.1339564339e+01 -2.7784080834e+01\n  243    0 1.0000000000 -3.2218611712e+01 -2.8688238043e+01\n  244    0 1.0000000000 -3.3113836376e+01 -2.9616543128e+01\n  245    0 1.0000000000 -3.4024696202e+01 -3.0568304937e+01\n  246    0 1.0000000000 -3.4950585639e+01 -3.1542748672e+01\n  247    0 1.0000000000 -3.5890835217e+01 -3.2539015925e+01\n  248    0 1.0000000000 -3.6844711325e+01 -3.3556165051e+01\n  249    0 1.0000000000 -3.7811416280e+01 -3.4593171867e+01\n  250    0 1.0000000000 -3.8790088672e+01 -3.5648930683e+01\n  251    0 1.0000000000 -3.9779804003e+01 -3.6722255665e+01\n  252    0 1.0000000000 -4.0779575622e+01 -3.7811882522e+01\n  253    0 1.0000000000 -4.1788355939e+01 -3.8916470518e+01\n  254    0 1.0000000000 -4.2805037940e+01 -4.0034604802e+01\n  255    0 1.0000000000 -4.3828456974e+01 -4.1164799053e+01\n  256    0 1.0000000000 -4.4857392827e+01 -4.2305498429e+01\n  257    0 1.0000000000 -4.5890572060e+01 -4.3455082806e+01\n  258    0 1.0000000000 -4.6926670622e+01 -4.4611870314e+01\n  259    0 1.0000000000 -4.7964316699e+01 -4.5774121138e+01\n  260    0 1.0000000000 -4.9002093820e+01 -4.6940041586e+01\n  261    0 1.0000000000 -5.0038544187e+01 -4.8107788407e+01\n  262    0 1.0000000000 -5.1072172224e+01 -4.9275473340e+01\n  263    0 1.0000000000 -5.2101448326e+01 -5.0441167883e+01\n  264    0 1.0000000000 -5.3124812798e+01 -5.1602908271e+01\n  265    0 1.0000000000 -5.4140679971e+01 -5.2758700629e+01\n  266    0 1.0000000000 -5.5147442467e+01 -5.3906526299e+01\n  267    0 1.0000000000 -5.6143475606e+01 -5.5044347319e+01\n  268    0 1.0000000000 -5.7127141940e+01 -5.6170112021e+01\n  269    0 1.0000000000 -5.8096795881e+01 -5.7281760750e+01\n  270    0 1.0000000000 -5.9050788423e+01 -5.8377231665e+01\n  271    0 1.0000000000 -5.9987471932e+01 -5.9454466611e+01\n  272    0 1.0000000000 -6.0905204973e+01 -6.0511417034e+01\n  273    0 1.0000000000 -6.1802357184e+01 -6.1546049931e+01\n  274    0 1.0000000000 -6.2677314146e+01 -6.2556353793e+01\n  275    0 1.0000000000 -6.3528482253e+01 -6.3540344535e+01\n  276    0 1.0000000000 -6.4354293551e+01 -6.4496071392e+01\n  277    0 1.0000000000 -6.5153210538e+01 -6.5421622742e+01\n  278    0 1.0000000000 -6.5923730891e+01 -6.6315131856e+01\n  279    0 1.0000000000 -6.6664392115e+01 -6.7174782545e+01\n  280    0 1.0000000000 -6.7373776098e+01 -6.7998814673e+01\n  281    0 1.0000000000 -6.8050513540e+01 -6.8785529536e+01\n  282    0 1.0000000000 -6.8693288249e+01 -6.9533295070e+01\n  283    0 1.0000000000 -6.9300841294e+01 -7.0240550876e+01\n  284    0 1.0000000000 -6.9871974983e+01 -7.0905813043e+01\n  285    0 1.0000000000 -7.0405556667e+01 -7.1527678749e+01\n  286    0 1.0000000000 -7.0900522340e+01 -7.2104830627e+01\n  287    0 1.0000000000 -7.1355880037e+01 -7.2636040871e+01\n  288    0 1.0000000000 -7.1770713009e+01 -7.3120175082e+01\n  289    0 1.0000000000 -7.2144182657e+01 -7.3556195817e+01\n  290    0 1.0000000000 -7.2475531229e+01 -7.3943165853e+01\n  291    0 1.0000000000 -7.2764084259e+01 -7.4280251137e+01\n  292    0 1.0000000000 -7.3009252736e+01 -7.4566723413e+01\n  293    0 1.0000000000 -7.3210535008e+01 -7.4801962520e+01\n  294    0 1.0000000000 -7.3367518401e+01 -7.4985458358e+01\n  295    0 1.0000000000 -7.3479880553e+01 -7.5116812494e+01\n  296    0 1.0000000000 -7.3547390456e+01 -7.5195739429e+01\n  297    0 1.0000000000 -7.3569909208e+01 -7.5222067501e+01\n