SINGLE-ORBITAL NN+NNN EFFECTIVE MODEL FIT

m=2
eon=0.0
t0=1.0
l_decay=0.5
dl=2.5
pairing=./m=2/pairing.txt
microscopic_orbitals=10

E_eff(k) = eps0 + 2*t1[cos(k.u1)+cos(k.u2)] + 4*t2*cos(k.u1)*cos(k.u2)

eps0     = -3.69277131422765e+00
t1       = -9.07590853336227e-01
t2       = -1.77171582224502e-01

RMSE=3.82911981128975e-01
MAE=3.27677987889216e-01
max_abs_error=7.77619289617070e-01
optimizer_success=True
optimizer_message=Linear least-squares solution
minimum_tracking_continuity=1.0000000000
mean_tracking_continuity=1.0000000000

# k_index idx continuity target fit\n    0    0 1.0000000000 -7.6787253650e+00 -8.0318210565e+00\n    1    0 1.0000000000 -7.6778756500e+00 -8.0305503959e+00\n    2    0 1.0000000000 -7.6753270210e+00 -8.0267396936e+00\n    3    0 1.0000000000 -7.6710810244e+00 -8.0203927866e+00\n    4    0 1.0000000000 -7.6651402362e+00 -8.0115160657e+00\n    5    0 1.0000000000 -7.6575082588e+00 -8.0001184691e+00\n    6    0 1.0000000000 -7.6481897175e+00 -7.9862114731e+00\n    7    0 1.0000000000 -7.6371902557e+00 -7.9698090810e+00\n    8    0 1.0000000000 -7.6245165287e+00 -7.9509278084e+00\n    9    0 1.0000000000 -7.6101761969e+00 -7.9295866674e+00\n   10    0 1.0000000000 -7.5941779181e+00 -7.9058071465e+00\n   11    0 1.0000000000 -7.5765313381e+00 -7.8796131898e+00\n   12    0 1.0000000000 -7.5572470806e+00 -7.8510311723e+00\n   13    0 1.0000000000 -7.5363367367e+00 -7.8200898737e+00\n   14    0 1.0000000000 -7.5138128521e+00 -7.7868204493e+00\n   15    0 1.0000000000 -7.4896889145e+00 -7.7512563986e+00\n   16    0 1.0000000000 -7.4639793398e+00 -7.7134335316e+00\n   17    0 1.0000000000 -7.4366994566e+00 -7.6733899326e+00\n   18    0 1.0000000000 -7.4078654908e+00 -7.6311659222e+00\n   19    0 1.0000000000 -7.3774945487e+00 -7.5868040164e+00\n   20    0 1.0000000000 -7.3456045991e+00 -7.5403488839e+00\n   21    0 1.0000000000 -7.3122144554e+00 -7.4918473010e+00\n   22    0 1.0000000000 -7.2773437557e+00 -7.4413481047e+00\n   23    0 1.0000000000 -7.2410129428e+00 -7.3889021435e+00\n   24    0 1.0000000000 -7.2032432435e+00 -7.3345622259e+00\n   25    0 1.0000000000 -7.1640566466e+00 -7.2783830677e+00\n   26    0 1.0000000000 -7.1234758808e+00 -7.2204212366e+00\n   27    0 1.0000000000 -7.0815243915e+00 -7.1607350951e+00\n   28    0 1.0000000000 -7.0382263168e+00 -7.0993847421e+00\n   29    0 1.0000000000 -6.9936064636e+00 -7.0364319523e+00\n   30    0 1.0000000000 -6.9476902821e+00 -6.9719401138e+00\n   31    0 1.0000000000 -6.9005038406e+00 -6.9059741644e+00\n   32    0 1.0000000000 -6.8520737992e+00 -6.8386005261e+00\n   33    0 1.0000000000 -6.8024273835e+00 -6.7698870387e+00\n   34    0 1.0000000000 -6.7515923572e+00 -6.6999028906e+00\n   35    0 1.0000000000 -6.6995969949e+00 -6.6287185501e+00\n   36    0 1.0000000000 -6.6464700539e+00 -6.5564056937e+00\n   37    0 1.0000000000 -6.5922407466e+00 -6.4830371343e+00\n   38    0 1.0000000000 -6.5369387114e+00 -6.4086867479e+00\n   39    0 1.0000000000 -6.4805939842e+00 -6.3334293990e+00\n   40    0 1.0000000000 -6.4232369692e+00 -6.2573408653e+00\n   41    0 1.0000000000 -6.3648984099e+00 -6.1804977616e+00\n   42    0 1.0000000000 -6.3056093595e+00 -6.1029774623e+00\n   43    0 1.0000000000 -6.2454011517e+00 -6.0248580239e+00\n   44    0 1.0000000000 -6.1843053707e+00 -5.9462181059e+00\n   45    0 1.0000000000 -6.1223538221e+00 -5.8671368922e+00\n   46    0 1.0000000000 -6.0595785029e+00 -5.7876940108e+00\n   47    0 1.0000000000 -5.9960115722e+00 -5.7079694538e+00\n   48    0 1.0000000000 -5.9316853216e+00 -5.6280434973e+00\n   49    0 1.0000000000 -5.8666321461e+00 -5.5479966199e+00\n   50    0 1.0000000000 -5.8008845146e+00 -5.4679094219e+00\n   51    0 1.0000000000 -5.7344749411e+00 -5.3878625445e+00\n   52    0 1.0000000000 -5.6674359562e+00 -5.3079365880e+00\n   53    0 1.0000000000 -5.5998000785e+00 -5.2282120310e+00\n   54    0 1.0000000000 -5.5315997863e+00 -5.1487691496e+00\n   55    0 1.0000000000 -5.4628674902e+00 -5.0696879359e+00\n   56    0 1.0000000000 -5.3936355060e+00 -4.9910480179e+00\n   57    0 1.0000000000 -5.3239360272e+00 -4.9129285795e+00\n   58    0 1.0000000000 -5.2538010991e+00 -4.8354082802e+00\n   59    0 1.0000000000 -5.1832625929e+00 -4.7585651765e+00\n   60    0 1.0000000000 -5.1123521805e+00 -4.6824766428e+00\n   61    0 1.0000000000 -5.0411013094e+00 -4.6072192939e+00\n   62    0 1.0000000000 -4.9695411793e+00 -4.5328689075e+00\n   63    0 1.0000000000 -4.8977027185e+00 -4.4595003481e+00\n   64    0 1.0000000000 -4.8256165613e+00 -4.3871874917e+00\n   65    0 1.0000000000 -4.7533130261e+00 -4.3160031512e+00\n   66    0 1.0000000000 -4.6808220949e+00 -4.2460190031e+00\n   67    0 1.0000000000 -4.6081733928e+00 -4.1773055157e+00\n   68    0 1.0000000000 -4.5353961690e+00 -4.1099318774e+00\n   69    0 1.0000000000 -4.4625192790e+00 -4.0439659280e+00\n   70    0 1.0000000000 -4.3895711671e+00 -3.9794740895e+00\n   71    0 1.0000000000 -4.3165798513e+00 -3.9165212997e+00\n   72    0 1.0000000000 -4.2435729085e+00 -3.8551709467e+00\n   73    0 1.0000000000 -4.1705774616e+00 -3.7954848052e+00\n   74    0 1.0000000000 -4.0976201684e+00 -3.7375229741e+00\n   75    0 1.0000000000 -4.0247272122e+00 -3.6813438159e+00\n   76    0 1.0000000000 -3.9519242948e+00 -3.6270038983e+00\n   77    0 1.0000000000 -3.8792366325e+00 -3.5745579371e+00\n   78    0 1.0000000000 -3.8066889547e+00 -3.5240587408e+00\n   79    0 1.0000000000 -3.7343055078e+00 -3.4755571579e+00\n   80    0 1.0000000000 -3.6621100637e+00 -3.4291020254e+00\n   81    0 1.0000000000 -3.5901259360e+00 -3.3847401196e+00\n   82    0 1.0000000000 -3.5183760060e+00 -3.3425161092e+00\n   83    0 1.0000000000 -3.4468827623e+00 -3.3024725102e+00\n   84    0 1.0000000000 -3.3756683605e+00 -3.2646496432e+00\n   85    0 1.0000000000 -3.3047547121e+00 -3.2290855925e+00\n   86    0 1.0000000000 -3.2341636170e+00 -3.1958161681e+00\n   87    0 1.0000000000 -3.1639169667e+00 -3.1648748695e+00\n   88    0 1.0000000000 -3.0940370599e+00 -3.1362928520e+00\n   89    0 1.0000000000 -3.0245471088e+00 -3.1100988953e+00\n   90    0 1.0000000000 -2.9554720830e+00 -3.0863193744e+00\n   91    0 1.0000000000 -2.8868401828e+00 -3.0649782334e+00\n   92    0 1.0000000000 -2.8186855598e+00 -3.0460969608e+00\n   93    0 1.0000000000 -2.7510537144e+00 -3.0296945687e+00\n   94    0 1.0000000000 -2.6840132288e+00 -3.0157875727e+00\n   95    0 1.0000000000 -2.6176845282e+00 -3.0043899761e+00\n   96    0 1.0000000000 -2.5523232232e+00 -2.9955132552e+00\n   97    0 1.0000000000 -2.4886297230e+00 -2.9891663482e+00\n   98    0 1.0000000000 -2.4294712451e+00 -2.9853556459e+00\n   99    0 1.0000000000 -2.3952239104e+00 -2.9840849853e+00\n  100    0 1.0000000000 -2.3949099374e+00 -2.9835279118e+00\n  101    0 1.0000000000 -2.3939681719e+00 -2.9818572522e+00\n  102    0 1.0000000000 -2.3923990738e+00 -2.9790746886e+00\n  103    0 1.0000000000 -2.3902034092e+00 -2.9751830229e+00\n  104    0 1.0000000000 -2.3873822497e+00 -2.9701861737e+00\n  105    0 1.0000000000 -2.3839369713e+00 -2.9640891724e+00\n  106    0 1.0000000000 -2.3798692533e+00 -2.9568981581e+00\n  107    0 1.0000000000 -2.3751810770e+00 -2.9486203716e+00\n  108    0 1.0000000000 -2.3698747232e+00 -2.9392641479e+00\n  109    0 1.0000000000 -2.3639527709e+00 -2.9288389079e+00\n  110    0 1.0000000000 -2.3574180945e+00 -2.9173551490e+00\n  111    0 1.0000000000 -2.3502738617e+00 -2.9048244343e+00\n  112    0 1.0000000000 -2.3425235298e+00 -2.8912593812e+00\n  113    0 1.0000000000 -2.3341708437e+00 -2.8766736486e+00\n  114    0 1.0000000000 -2.3252198315e+00 -2.8610819231e+00\n  115    0 1.0000000000 -2.3156748016e+00 -2.8444999042e+00\n  116    0 1.0000000000 -2.3055403386e+00 -2.8269442885e+00\n  117    0 1.0000000000 -2.2948212991e+00 -2.8084327532e+00\n  118    0 1.0000000000 -2.2835228077e+00 -2.7889839377e+00\n  119    0 1.0000000000 -2.2716502520e+00 -2.7686174254e+00\n  120    0 1.0000000000 -2.2592092782e+00 -2.7473537236e+00\n  121    0 1.0000000000 -2.2462057858e+00 -2.7252142430e+00\n  122    0 1.0000000000 -2.2326459228e+00 -2.7022212763e+00\n  123    0 1.0000000000 -2.2185360798e+00 -2.6783979755e+00\n  124    0 1.0000000000 -2.2038828848e+00 -2.6537683284e+00\n  125    0 1.0000000000 -2.1886931971e+00 -2.6283571352e+00\n  126    0 1.0000000000 -2.1729741016e+00 -2.6021899828e+00\n  127    0 1.0000000000 -2.1567329022e+00 -2.5752932191e+00\n  128    0 1.0000000000 -2.1399771161e+00 -2.5476939271e+00\n  129    0 1.0000000000 -2.1227144666e+00 -2.5194198968e+00\n  130    0 1.0000000000 -2.1049528771e+00 -2.4904995979e+00\n  131    0 1.0000000000 -2.0867004639e+00 -2.4609621505e+00\n  132    0 1.0000000000 -2.0679655295e+00 -2.4308372964e+00\n  133    0 1.0000000000 -2.0487565553e+00 -2.4001553688e+00\n  134    0 1.0000000000 -2.0290821946e+00 -2.3689472618e+00\n  135    0 1.0000000000 -2.0089512655e+00 -2.3372443993e+00\n  136    0 1.0000000000 -1.9883727432e+00 -2.3050787034e+00\n  137    0 1.0000000000 -1.9673557527e+00 -2.2724825621e+00\n  138    0 1.0000000000 -1.9459095612e+00 -2.2394887972e+00\n  139    0 1.0000000000 -1.9240435705e+00 -2.2061306304e+00\n  140    0 1.0000000000 -1.9017673094e+00 -2.1724416507e+00\n  141    0 1.0000000000 -1.8790904259e+00 -2.1384557800e+00\n  142    0 1.0000000000 -1.8560226794e+00 -2.1042072391e+00\n  143    0 1.0000000000 -1.8325739329e+00 -2.0697305135e+00\n  144    0 1.0000000000 -1.8087541454e+00 -2.0350603183e+00\n  145    0 1.0000000000 -1.7845733636e+00 -2.0002315634e+00\n  146    0 1.0000000000 -1.7600417146e+00 -1.9652793185e+00\n  147    0 1.0000000000 -1.7351693979e+00 -1.9302387775e+00\n  148    0 1.0000000000 -1.7099666774e+00 -1.8951452232e+00\n  149    0 1.0000000000 -1.6844438738e+00 -1.8600339919e+00\n  150    0 1.0000000000 -1.6586113572e+00 -1.8249404376e+00\n  151    0 1.0000000000 -1.6324795386e+00 -1.7898998966e+00\n  152    0 1.0000000000 -1.6060588635e+00 -1.7549476517e+00\n  153    0 1.0000000000 -1.5793598033e+00 -1.7201188968e+00\n  154    0 1.0000000000 -1.5523928485e+00 -1.6854487016e+00\n  155    0 1.0000000000 -1.5251685013e+00 -1.6509719760e+00\n  156    0 1.0000000000 -1.4976972683e+00 -1.6167234351e+00\n  157    0 1.0000000000 -1.4699896535e+00 -1.5827375644e+00\n  158    0 1.0000000000 -1.4420561514e+00 -1.5490485847e+00\n  159    0 1.0000000000 -1.4139072402e+00 -1.5156904179e+00\n  160    0 1.0000000000 -1.3855533753e+00 -1.4826966530e+00\n  161    0 1.0000000000 -1.3570049830e+00 -1.4501005118e+00\n  162    0 1.0000000000 -1.3282724539e+00 -1.4179348158e+00\n  163    0 1.0000000000 -1.2993661374e+00 -1.3862319533e+00\n  164    0 1.0000000000 -1.2702963358e+00 -1.3550238463e+00\n  165    0 1.0000000000 -1.2410732988e+00 -1.3243419187e+00\n  166    0 1.0000000000 -1.2117072184e+00 -1.2942170646e+00\n  167    0 1.0000000000 -1.1822082241e+00 -1.2646796172e+00\n  168    0 1.0000000000 -1.1525863781e+00 -1.2357593183e+00\n  169    0 1.0000000000 -1.1228516715e+00 -1.2074852880e+00\n  170    0 1.0000000000 -1.0930140201e+00 -1.1798859960e+00\n  171    0 1.0000000000 -1.0630832618e+00 -1.1529892324e+00\n  172    0 1.0000000000 -1.0330691530e+00 -1.1268220799e+00\n  173    0 1.0000000000 -1.0029813667e+00 -1.1014108867e+00\n  174    0 1.0000000000 -9.7282949103e-01 -1.0767812397e+00\n  175    0 1.0000000000 -9.4262302790e-01 -1.0529579388e+00\n  176    0 1.0000000000 -9.1237139316e-01 -1.0299649721e+00\n  177    0 1.0000000000 -8.8208391732e-01 -1.0078254915e+00\n  178    0 1.0000000000 -8.5176984744e-01 -9.8656178974e-01\n  179    0 1.0000000000 -8.2143835044e-01 -9.6619527742e-01\n  180    0 1.0000000000 -7.9109851798e-01 -9.4674646194e-01\n  181    0 1.0000000000 -7.6075937348e-01 -9.2823492660e-01\n  182    0 1.0000000000 -7.3042988175e-01 -9.1067931096e-01\n  183    0 1.0000000000 -7.0011896222e-01 -8.9409729202e-01\n  184    0 1.0000000000 -6.6983550708e-01 -8.7850556647e-01\n  185    0 1.0000000000 -6.3958840637e-01 -8.6391983387e-01\n  186    0 1.0000000000 -6.0938658341e-01 -8.5035478080e-01\n  187    0 1.0000000000 -5.7923904641e-01 -8.3782406613e-01\n  188    0 1.0000000000 -5.4915496614e-01 -8.2634030722e-01\n  189    0 1.0000000000 -5.1914379875e-01 -8.1591506724e-01\n  190    0 1.0000000000 -4.8921549065e-01 -8.0655884354e-01\n  191    0 1.0000000000 -4.5938084436e-01 -7.9828105702e-01\n  192    0 1.0000000000 -4.2965222654e-01 -7.9109004273e-01\n  193    0 1.0000000000 -4.0004508283e-01 -7.8499304140e-01\n  194    0 1.0000000000 -3.7058162770e-01 -7.7999619220e-01\n  195    0 1.0000000000 -3.4130159489e-01 -7.7610452652e-01\n  196    0 1.0000000000 -3.1230343157e-01 -7.7332196296e-01\n  197    0 1.0000000000 -2.8400565616e-01 -7.7165130331e-01\n  198    0 1.0000000000 -2.6328619313e-01 -7.7109422978e-01\n  199    0 1.0000000000 -3.0590462189e-01 -7.7220855646e-01\n  200    0 1.0000000000 -3.6364583912e-01 -7.7555256878e-01\n  201    0 1.0000000000 -4.2336301799e-01 -7.8112935381e-01\n  202    0 1.0000000000 -4.8446305927e-01 -7.8894402436e-01\n  203    0 1.0000000000 -5.4683131576e-01 -7.9900367062e-01\n  204    0 1.0000000000 -6.1043310264e-01 -8.1131729278e-01\n  205    0 1.0000000000 -6.7525600916e-01 -8.2589571492e-01\n  206    0 1.0000000000 -7.4129546900e-01 -8.4275148066e-01\n  207    0 1.0000000000 -8.0854992895e-01 -8.6189873083e-01\n  208    0 1.0000000000 -8.7701888784e-01 -8.8335306404e-01\n  209    0 1.0000000000 -9.4670197567e-01 -9.0713138047e-01\n  210    0 1.0000000000 -1.0175984643e+00 -9.3325170981e-01\n  211    0 1.0000000000 -1.0897069766e+00 -9.6173302416e-01\n  212    0 1.0000000000 -1.1630252935e+00 -9.9259503655e-01\n  213    0 1.0000000000 -1.2375502137e+00 -1.0258579863e+00\n  214    0 1.0000000000 -1.3132774417e+00 -1.0615424120e+00\n  215    0 1.0000000000 -1.3902014933e+00 -1.0996689131e+00\n  216    0 1.0000000000 -1.4683156107e+00 -1.1402579020e+00\n  217    0 1.0000000000 -1.5476116843e+00 -1.1833293461e+00\n  218    0 1.0000000000 -1.6280801786e+00 -1.2289025033e+00\n  219    0 1.0000000000 -1.7097100615e+00 -1.2769956498e+00\n  220    0 1.0000000000 -1.7924887353e+00 -1.3276258042e+00\n  221    0 1.0000000000 -1.8764019704e+00 -1.3808084458e+00\n  222    0 1.0000000000 -1.9614338402e+00 -1.4365572324e+00\n  223    0 1.0000000000 -2.0475666579e+00 -1.4948837151e+00\n  224    0 1.0000000000 -2.1347809160e+00 -1.5557970549e+00\n  225    0 1.0000000000 -2.2230552262e+00 -1.6193037392e+00\n  226    0 1.0000000000 -2.3123662637e+00 -1.6854073030e+00\n  227    0 1.0000000000 -2.4026887117e+00 -1.7541080533e+00\n  228    0 1.0000000000 -2.4939952106e+00 -1.8254027994e+00\n  229    0 1.0000000000 -2.5862563090e+00 -1.8992845905e+00\n  230    0 1.0000000000 -2.6794404183e+00 -1.9757424617e+00\n  231    0 1.0000000000 -2.7735137714e+00 -2.0547611898e+00\n  232    0 1.0000000000 -2.8684403843e+00 -2.1363210594e+00\n  233    0 1.0000000000 -2.9641820228e+00 -2.2203976422e+00\n  234    0 1.0000000000 -3.0606981732e+00 -2.3069615894e+00\n  235    0 1.0000000000 -3.1579460179e+00 -2.3959784379e+00\n  236    0 1.0000000000 -3.2558804163e+00 -2.4874084336e+00\n  237    0 1.0000000000 -3.3544538907e+00 -2.5812063700e+00\n  238    0 1.0000000000 -3.4536166178e+00 -2.6773214451e+00\n  239    0 1.0000000000 -3.5533164268e+00 -2.7756971372e+00\n  240    0 1.0000000000 -3.6534988025e+00 -2.8762710993e+00\n  241    0 1.0000000000 -3.7541068962e+00 -2.9789750743e+00\n  242    0 1.0000000000 -3.8550815414e+00 -3.0837348308e+00\n  243    0 1.0000000000 -3.9563612784e+00 -3.1904701201e+00\n  244    0 1.0000000000 -4.0578823838e+00 -3.2990946556e+00\n  245    0 1.0000000000 -4.1595789085e+00 -3.4095161143e+00\n  246    0 1.0000000000 -4.2613827226e+00 -3.5216361612e+00\n  247    0 1.0000000000 -4.3632235670e+00 -3.6353504964e+00\n  248    0 1.0000000000 -4.4650291134e+00 -3.7505489256e+00\n  249    0 1.0000000000 -4.5667250313e+00 -3.8671154539e+00\n  250    0 1.0000000000 -4.6682350619e+00 -3.9849284020e+00\n  251    0 1.0000000000 -4.7694811005e+00 -4.1038605470e+00\n  252    0 1.0000000000 -4.8703832856e+00 -4.2237792842e+00\n  253    0 1.0000000000 -4.9708600956e+00 -4.3445468128e+00\n  254    0 1.0000000000 -5.0708284524e+00 -4.4660203434e+00\n  255    0 1.0000000000 -5.1702038328e+00 -4.5880523270e+00\n  256    0 1.0000000000 -5.2689003857e+00 -4.7104907048e+00\n  257    0 1.0000000000 -5.3668310572e+00 -4.8331791796e+00\n  258    0 1.0000000000 -5.4639077213e+00 -4.9559575054e+00\n  259    0 1.0000000000 -5.5600413174e+00 -5.0786617968e+00\n  260    0 1.0000000000 -5.6551419930e+00 -5.2011248564e+00\n  261    0 1.0000000000 -5.7491192528e+00 -5.3231765185e+00\n  262    0 1.0000000000 -5.8418821124e+00 -5.4446440092e+00\n  263    0 1.0000000000 -5.9333392573e+00 -5.5653523214e+00\n  264    0 1.0000000000 -6.0233992058e+00 -5.6851246031e+00\n  265    0 1.0000000000 -6.1119704768e+00 -5.8037825581e+00\n  266    0 1.0000000000 -6.1989617599e+00 -5.9211468580e+00\n  267    0 1.0000000000 -6.2842820898e+00 -6.0370375637e+00\n  268    0 1.0000000000 -6.3678410224e+00 -6.1512745552e+00\n  269    0 1.0000000000 -6.4495488136e+00 -6.2636779686e+00\n  270    0 1.0000000000 -6.5293165991e+00 -6.3740686379e+00\n  271    0 1.0000000000 -6.6070565755e+00 -6.4822685415e+00\n  272    0 1.0000000000 -6.6826821820e+00 -6.5881012506e+00\n  273    0 1.0000000000 -6.7561082814e+00 -6.6913923782e+00\n  274    0 1.0000000000 -6.8272513410e+00 -6.7919700285e+00\n  275    0 1.0000000000 -6.8960296118e+00 -6.8896652427e+00\n  276    0 1.0000000000 -6.9623633064e+00 -6.9843124420e+00\n  277    0 1.0000000000 -7.0261747737e+00 -7.0757498649e+00\n  278    0 1.0000000000 -7.0873886713e+00 -7.1638199974e+00\n  279    0 1.0000000000 -7.1459321339e+00 -7.2483699959e+00\n  280    0 1.0000000000 -7.2017349378e+00 -7.3292520985e+00\n  281    0 1.0000000000 -7.2547296608e+00 -7.4063240265e+00\n  282    0 1.0000000000 -7.3048518367e+00 -7.4794493729e+00\n  283    0 1.0000000000 -7.3520401040e+00 -7.5484979756e+00\n  284    0 1.0000000000 -7.3962363485e+00 -7.6133462772e+00\n  285    0 1.0000000000 -7.4373858393e+00 -7.6738776661e+00\n  286    0 1.0000000000 -7.4754373573e+00 -7.7299828011e+00\n  287    0 1.0000000000 -7.5103433166e+00 -7.7815599159e+00\n  288    0 1.0000000000 -7.5420598767e+00 -7.8285151044e+00\n  289    0 1.0000000000 -7.5705470478e+00 -7.8707625837e+00\n  290    0 1.0000000000 -7.5957687861e+00 -7.9082249361e+00\n  291    0 1.0000000000 -7.6176930804e+00 -7.9408333269e+00\n  292    0 1.0000000000 -7.6362920292e+00 -7.9685276994e+00\n  293    0 1.0000000000 -7.6515419081e+00 -7.9912569447e+00\n  294    0 1.0000000000 -7.6634232273e+00 -8.0089790472e+00\n  295    0 1.0000000000 -7.6719207786e+00 -8.0216612033e+00\n  296    0 1.0000000000 -7.6770236726e+00 -8.0292799149e+00\n  297    0 1.0000000000 -7.6787253650e+00 -8.0318210565e+00\n