SINGLE-ORBITAL NN+NNN EFFECTIVE MODEL FIT

m=3
eon=0.0
t0=1.0
l_decay=0.5
dl=2.5
pairing=./m=3/pairing.txt
microscopic_orbitals=20

E_eff(k) = eps0 + 2*t1[cos(k.u1)+cos(k.u2)] + 4*t2*cos(k.u1)*cos(k.u2)

eps0     = -5.19565771728741e+00
t1       = -6.46732777573035e-01
t2       = -7.72961945961573e-02

RMSE=3.41414790462278e-01
MAE=2.86846254218532e-01
max_abs_error=7.17257289179951e-01
optimizer_success=True
optimizer_message=Linear least-squares solution
minimum_tracking_continuity=1.0000000000
mean_tracking_continuity=1.0000000000

# k_index idx continuity target fit\n    0    0 1.0000000000 -7.7981998904e+00 -8.0917736060e+00\n    1    0 1.0000000000 -7.7977371918e+00 -8.0909667394e+00\n    2    0 1.0000000000 -7.7963492682e+00 -8.0885469523e+00\n    3    0 1.0000000000 -7.7940366365e+00 -8.0845166812e+00\n    4    0 1.0000000000 -7.7908001575e+00 -8.0788799841e+00\n    5    0 1.0000000000 -7.7866410355e+00 -8.0716425367e+00\n    6    0 1.0000000000 -7.7815608173e+00 -8.0628116266e+00\n    7    0 1.0000000000 -7.7755613912e+00 -8.0523961457e+00\n    8    0 1.0000000000 -7.7686449853e+00 -8.0404065816e+00\n    9    0 1.0000000000 -7.7608141663e+00 -8.0268550066e+00\n   10    0 1.0000000000 -7.7520718371e+00 -8.0117550662e+00\n   11    0 1.0000000000 -7.7424212348e+00 -7.9951219646e+00\n   12    0 1.0000000000 -7.7318659286e+00 -7.9769724499e+00\n   13    0 1.0000000000 -7.7204098167e+00 -7.9573247973e+00\n   14    0 1.0000000000 -7.7080571237e+00 -7.9361987902e+00\n   15    0 1.0000000000 -7.6948123973e+00 -7.9136157007e+00\n   16    0 1.0000000000 -7.6806805052e+00 -7.8895982680e+00\n   17    0 1.0000000000 -7.6656666312e+00 -7.8641706758e+00\n   18    0 1.0000000000 -7.6497762716e+00 -7.8373585274e+00\n   19    0 1.0000000000 -7.6330152311e+00 -7.8091888204e+00\n   20    0 1.0000000000 -7.6153896185e+00 -7.7796899192e+00\n   21    0 1.0000000000 -7.5969058424e+00 -7.7488915269e+00\n   22    0 1.0000000000 -7.5775706063e+00 -7.7168246547e+00\n   23    0 1.0000000000 -7.5573909039e+00 -7.6835215913e+00\n   24    0 1.0000000000 -7.5363740141e+00 -7.6490158700e+00\n   25    0 1.0000000000 -7.5145274953e+00 -7.6133422352e+00\n   26    0 1.0000000000 -7.4918591806e+00 -7.5765366072e+00\n   27    0 1.0000000000 -7.4683771718e+00 -7.5386360461e+00\n   28    0 1.0000000000 -7.4440898334e+00 -7.4996787146e+00\n   29    0 1.0000000000 -7.4190057872e+00 -7.4597038395e+00\n   30    0 1.0000000000 -7.3931339056e+00 -7.4187516720e+00\n   31    0 1.0000000000 -7.3664833059e+00 -7.3768634475e+00\n   32    0 1.0000000000 -7.3390633433e+00 -7.3340813439e+00\n   33    0 1.0000000000 -7.3108836046e+00 -7.2904484392e+00\n   34    0 1.0000000000 -7.2819539017e+00 -7.2460086679e+00\n   35    0 1.0000000000 -7.2522842645e+00 -7.2008067772e+00\n   36    0 1.0000000000 -7.2218849338e+00 -7.1548882816e+00\n   37    0 1.0000000000 -7.1907663549e+00 -7.1082994170e+00\n   38    0 1.0000000000 -7.1589391697e+00 -7.0610870945e+00\n   39    0 1.0000000000 -7.1264142099e+00 -7.0132988529e+00\n   40    0 1.0000000000 -7.0932024894e+00 -6.9649828110e+00\n   41    0 1.0000000000 -7.0593151973e+00 -6.9161876188e+00\n   42    0 1.0000000000 -7.0247636898e+00 -6.8669624091e+00\n   43    0 1.0000000000 -6.9895594831e+00 -6.8173567473e+00\n   44    0 1.0000000000 -6.9537142457e+00 -6.7674205823e+00\n   45    0 1.0000000000 -6.9172397905e+00 -6.7172041955e+00\n   46    0 1.0000000000 -6.8801480674e+00 -6.6667581505e+00\n   47    0 1.0000000000 -6.8424511552e+00 -6.6161332422e+00\n   48    0 1.0000000000 -6.8041612544e+00 -6.5653804457e+00\n   49    0 1.0000000000 -6.7652906787e+00 -6.5145508647e+00\n   50    0 1.0000000000 -6.7258518477e+00 -6.4636956802e+00\n   51    0 1.0000000000 -6.6858572789e+00 -6.4128660992e+00\n   52    0 1.0000000000 -6.6453195801e+00 -6.3621133026e+00\n   53    0 1.0000000000 -6.6042514412e+00 -6.3114883944e+00\n   54    0 1.0000000000 -6.5626656268e+00 -6.2610423494e+00\n   55    0 1.0000000000 -6.5205749683e+00 -6.2108259626e+00\n   56    0 1.0000000000 -6.4779923564e+00 -6.1608897975e+00\n   57    0 1.0000000000 -6.4349307330e+00 -6.1112841358e+00\n   58    0 1.0000000000 -6.3914030840e+00 -6.0620589260e+00\n   59    0 1.0000000000 -6.3474224314e+00 -6.0132637339e+00\n   60    0 1.0000000000 -6.3030018263e+00 -5.9649476919e+00\n   61    0 1.0000000000 -6.2581543409e+00 -5.9171594504e+00\n   62    0 1.0000000000 -6.2128930613e+00 -5.8699471279e+00\n   63    0 1.0000000000 -6.1672310804e+00 -5.8233582633e+00\n   64    0 1.0000000000 -6.1211814907e+00 -5.7774397676e+00\n   65    0 1.0000000000 -6.0747573771e+00 -5.7322378769e+00\n   66    0 1.0000000000 -6.0279718097e+00 -5.6877981057e+00\n   67    0 1.0000000000 -5.9808378375e+00 -5.6441652009e+00\n   68    0 1.0000000000 -5.9333684811e+00 -5.6013830973e+00\n   69    0 1.0000000000 -5.8855767262e+00 -5.5594948728e+00\n   70    0 1.0000000000 -5.8374755172e+00 -5.5185427054e+00\n   71    0 1.0000000000 -5.7890777510e+00 -5.4785678302e+00\n   72    0 1.0000000000 -5.7403962701e+00 -5.4396104988e+00\n   73    0 1.0000000000 -5.6914438573e+00 -5.4017099377e+00\n   74    0 1.0000000000 -5.6422332292e+00 -5.3649043097e+00\n   75    0 1.0000000000 -5.5927770310e+00 -5.3292306749e+00\n   76    0 1.0000000000 -5.5430878305e+00 -5.2947249536e+00\n   77    0 1.0000000000 -5.4931781128e+00 -5.2614218902e+00\n   78    0 1.0000000000 -5.4430602756e+00 -5.2293550180e+00\n   79    0 1.0000000000 -5.3927466238e+00 -5.1985566256e+00\n   80    0 1.0000000000 -5.3422493654e+00 -5.1690577245e+00\n   81    0 1.0000000000 -5.2915806073e+00 -5.1408880175e+00\n   82    0 1.0000000000 -5.2407523512e+00 -5.1140758690e+00\n   83    0 1.0000000000 -5.1897764908e+00 -5.0886482768e+00\n   84    0 1.0000000000 -5.1386648095e+00 -5.0646308442e+00\n   85    0 1.0000000000 -5.0874289788e+00 -5.0420477547e+00\n   86    0 1.0000000000 -5.0360805591e+00 -5.0209217476e+00\n   87    0 1.0000000000 -4.9846310020e+00 -5.0012740949e+00\n   88    0 1.0000000000 -4.9330916572e+00 -4.9831245803e+00\n   89    0 1.0000000000 -4.8814737855e+00 -4.9664914787e+00\n   90    0 1.0000000000 -4.8297885829e+00 -4.9513915382e+00\n   91    0 1.0000000000 -4.7780472265e+00 -4.9378399633e+00\n   92    0 1.0000000000 -4.7262609612e+00 -4.9258503991e+00\n   93    0 1.0000000000 -4.6744412779e+00 -4.9154349183e+00\n   94    0 1.0000000000 -4.6226003082e+00 -4.9066040082e+00\n   95    0 1.0000000000 -4.5707518145e+00 -4.8993665608e+00\n   96    0 1.0000000000 -4.5189141621e+00 -4.8937298637e+00\n   97    0 1.0000000000 -4.4671221777e+00 -4.8896995925e+00\n   98    0 1.0000000000 -4.4155092877e+00 -4.8872798054e+00\n   99    0 1.0000000000 -4.3703833797e+00 -4.8864729389e+00\n  100    0 1.0000000000 -4.3701234106e+00 -4.8859773952e+00\n  101    0 1.0000000000 -4.3693435844e+00 -4.8844912633e+00\n  102    0 1.0000000000 -4.3680441442e+00 -4.8820160393e+00\n  103    0 1.0000000000 -4.3662254952e+00 -4.8785542158e+00\n  104    0 1.0000000000 -4.3638882043e+00 -4.8741092785e+00\n  105    0 1.0000000000 -4.3610329995e+00 -4.8686857030e+00\n  106    0 1.0000000000 -4.3576607700e+00 -4.8622889505e+00\n  107    0 1.0000000000 -4.3537725650e+00 -4.8549254618e+00\n  108    0 1.0000000000 -4.3493695934e+00 -4.8466026515e+00\n  109    0 1.0000000000 -4.3444532230e+00 -4.8373288999e+00\n  110    0 1.0000000000 -4.3390249796e+00 -4.8271135448e+00\n  111    0 1.0000000000 -4.3330865460e+00 -4.8159668724e+00\n  112    0 1.0000000000 -4.3266397607e+00 -4.8039001062e+00\n  113    0 1.0000000000 -4.3196866171e+00 -4.7909253966e+00\n  114    0 1.0000000000 -4.3122292623e+00 -4.7770558080e+00\n  115    0 1.0000000000 -4.3042699952e+00 -4.7623053058e+00\n  116    0 1.0000000000 -4.2958112655e+00 -4.7466887426e+00\n  117    0 1.0000000000 -4.2868556720e+00 -4.7302218429e+00\n  118    0 1.0000000000 -4.2774059609e+00 -4.7129211875e+00\n  119    0 1.0000000000 -4.2674650243e+00 -4.6948041967e+00\n  120    0 1.0000000000 -4.2570358981e+00 -4.6758891128e+00\n  121    0 1.0000000000 -4.2461217603e+00 -4.6561949816e+00\n  122    0 1.0000000000 -4.2347259289e+00 -4.6357416336e+00\n  123    0 1.0000000000 -4.2228518598e+00 -4.6145496633e+00\n  124    0 1.0000000000 -4.2105031448e+00 -4.5926404095e+00\n  125    0 1.0000000000 -4.1976835093e+00 -4.5700359328e+00\n  126    0 1.0000000000 -4.1843968099e+00 -4.5467589940e+00\n  127    0 1.0000000000 -4.1706470323e+00 -4.5228330311e+00\n  128    0 1.0000000000 -4.1564382885e+00 -4.4982821354e+00\n  129    0 1.0000000000 -4.1417748144e+00 -4.4731310277e+00\n  130    0 1.0000000000 -4.1266609674e+00 -4.4474050329e+00\n  131    0 1.0000000000 -4.1111012237e+00 -4.4211300549e+00\n  132    0 1.0000000000 -4.0951001753e+00 -4.3943325505e+00\n  133    0 1.0000000000 -4.0786625276e+00 -4.3670395025e+00\n  134    0 1.0000000000 -4.0617930964e+00 -4.3392783925e+00\n  135    0 1.0000000000 -4.0444968052e+00 -4.3110771738e+00\n  136    0 1.0000000000 -4.0267786819e+00 -4.2824642426e+00\n  137    0 1.0000000000 -4.0086438562e+00 -4.2534684095e+00\n  138    0 1.0000000000 -3.9900975566e+00 -4.2241188711e+00\n  139    0 1.0000000000 -3.9711451069e+00 -4.1944451798e+00\n  140    0 1.0000000000 -3.9517919237e+00 -4.1644772145e+00\n  141    0 1.0000000000 -3.9320435128e+00 -4.1342451503e+00\n  142    0 1.0000000000 -3.9119054663e+00 -4.1037794285e+00\n  143    0 1.0000000000 -3.8913834593e+00 -4.0731107253e+00\n  144    0 1.0000000000 -3.8704832465e+00 -4.0422699217e+00\n  145    0 1.0000000000 -3.8492106596e+00 -4.0112880716e+00\n  146    0 1.0000000000 -3.8275716031e+00 -3.9801963712e+00\n  147    0 1.0000000000 -3.8055720519e+00 -3.9490261272e+00\n  148    0 1.0000000000 -3.7832180473e+00 -3.9178087253e+00\n  149    0 1.0000000000 -3.7605156941e+00 -3.8865755989e+00\n  150    0 1.0000000000 -3.7374711573e+00 -3.8553581971e+00\n  151    0 1.0000000000 -3.7140906582e+00 -3.8241879530e+00\n  152    0 1.0000000000 -3.6903804721e+00 -3.7930962526e+00\n  153    0 1.0000000000 -3.6663469239e+00 -3.7621144026e+00\n  154    0 1.0000000000 -3.6419963853e+00 -3.7312735989e+00\n  155    0 1.0000000000 -3.6173352717e+00 -3.7006048958e+00\n  156    0 1.0000000000 -3.5923700383e+00 -3.6701391740e+00\n  157    0 1.0000000000 -3.5671071771e+00 -3.6399071098e+00\n  158    0 1.0000000000 -3.5415532137e+00 -3.6099391445e+00\n  159    0 1.0000000000 -3.5157147040e+00 -3.5802654532e+00\n  160    0 1.0000000000 -3.4895982304e+00 -3.5509159147e+00\n  161    0 1.0000000000 -3.4632103997e+00 -3.5219200817e+00\n  162    0 1.0000000000 -3.4365578385e+00 -3.4933071505e+00\n  163    0 1.0000000000 -3.4096471913e+00 -3.4651059318e+00\n  164    0 1.0000000000 -3.3824851164e+00 -3.4373448218e+00\n  165    0 1.0000000000 -3.3550782834e+00 -3.4100517738e+00\n  166    0 1.0000000000 -3.3274333695e+00 -3.3832542694e+00\n  167    0 1.0000000000 -3.2995570572e+00 -3.3569792914e+00\n  168    0 1.0000000000 -3.2714560306e+00 -3.3312532966e+00\n  169    0 1.0000000000 -3.2431369731e+00 -3.3061021889e+00\n  170    0 1.0000000000 -3.2146065636e+00 -3.2815512932e+00\n  171    0 1.0000000000 -3.1858714746e+00 -3.2576253303e+00\n  172    0 1.0000000000 -3.1569383689e+00 -3.2343483915e+00\n  173    0 1.0000000000 -3.1278138965e+00 -3.2117439148e+00\n  174    0 1.0000000000 -3.0985046927e+00 -3.1898346609e+00\n  175    0 1.0000000000 -3.0690173748e+00 -3.1686426907e+00\n  176    0 1.0000000000 -3.0393585401e+00 -3.1481893426e+00\n  177    0 1.0000000000 -3.0095347626e+00 -3.1284952115e+00\n  178    0 1.0000000000 -2.9795525916e+00 -3.1095801276e+00\n  179    0 1.0000000000 -2.9494185487e+00 -3.0914631368e+00\n  180    0 1.0000000000 -2.9191391258e+00 -3.0741624814e+00\n  181    0 1.0000000000 -2.8887207831e+00 -3.0576955817e+00\n  182    0 1.0000000000 -2.8581699475e+00 -3.0420790185e+00\n  183    0 1.0000000000 -2.8274930103e+00 -3.0273285163e+00\n  184    0 1.0000000000 -2.7966963266e+00 -3.0134589277e+00\n  185    0 1.0000000000 -2.7657862141e+00 -3.0004842181e+00\n  186    0 1.0000000000 -2.7347689527e+00 -2.9884174519e+00\n  187    0 1.0000000000 -2.7036507859e+00 -2.9772707794e+00\n  188    0 1.0000000000 -2.6724379229e+00 -2.9670554244e+00\n  189    0 1.0000000000 -2.6411365445e+00 -2.9577816728e+00\n  190    0 1.0000000000 -2.6097528139e+00 -2.9494588625e+00\n  191    0 1.0000000000 -2.5782928996e+00 -2.9420953738e+00\n  192    0 1.0000000000 -2.5467630211e+00 -2.9356986213e+00\n  193    0 1.0000000000 -2.5151695525e+00 -2.9302750458e+00\n  194    0 1.0000000000 -2.4835192822e+00 -2.9258301085e+00\n  195    0 1.0000000000 -2.4518201932e+00 -2.9223682849e+00\n  196    0 1.0000000000 -2.4200845781e+00 -2.9198930610e+00\n  197    0 1.0000000000 -2.3883507105e+00 -2.9184069290e+00\n  198    0 1.0000000000 -2.3592688348e+00 -2.9179113854e+00\n  199    0 1.0000000000 -2.4180015507e+00 -2.9189025511e+00\n  200    0 1.0000000000 -2.4822538861e+00 -2.9218759899e+00\n  201    0 1.0000000000 -2.5470759620e+00 -2.9268315239e+00\n  202    0 1.0000000000 -2.6124095143e+00 -2.9337688435e+00\n  203    0 1.0000000000 -2.6782354766e+00 -2.9426874898e+00\n  204    0 1.0000000000 -2.7445408225e+00 -2.9535868283e+00\n  205    0 1.0000000000 -2.8113138445e+00 -2.9664660157e+00\n  206    0 1.0000000000 -2.8785429677e+00 -2.9813239607e+00\n  207    0 1.0000000000 -2.9462163480e+00 -2.9981592765e+00\n  208    0 1.0000000000 -3.0143217049e+00 -3.0169702281e+00\n  209    0 1.0000000000 -3.0828462399e+00 -3.0377546723e+00\n  210    0 1.0000000000 -3.1517765915e+00 -3.0605099929e+00\n  211    0 1.0000000000 -3.2210988061e+00 -3.0852330286e+00\n  212    0 1.0000000000 -3.2907983181e+00 -3.1119199976e+00\n  213    0 1.0000000000 -3.3608599355e+00 -3.1405664159e+00\n  214    0 1.0000000000 -3.4312678273e+00 -3.1711670119e+00\n  215    0 1.0000000000 -3.5020055142e+00 -3.2037156365e+00\n  216    0 1.0000000000 -3.5730558600e+00 -3.2382051701e+00\n  217    0 1.0000000000 -3.6444010647e+00 -3.2746274268e+00\n  218    0 1.0000000000 -3.7160226588e+00 -3.3129730553e+00\n  219    0 1.0000000000 -3.7879014982e+00 -3.3532314385e+00\n  220    0 1.0000000000 -3.8600177608e+00 -3.3953905914e+00\n  221    0 1.0000000000 -3.9323509436e+00 -3.4394370584e+00\n  222    0 1.0000000000 -4.0048798605e+00 -3.4853558098e+00\n  223    0 1.0000000000 -4.0775826425e+00 -3.5331301391e+00\n  224    0 1.0000000000 -4.1504367372e+00 -3.5827415609e+00\n  225    0 1.0000000000 -4.2234189105e+00 -3.6341697101e+00\n  226    0 1.0000000000 -4.2965052493e+00 -3.6873922432e+00\n  227    0 1.0000000000 -4.3696711651e+00 -3.7423847426e+00\n  228    0 1.0000000000 -4.4428913988e+00 -3.7991206235e+00\n  229    0 1.0000000000 -4.5161400267e+00 -3.8575710446e+00\n  230    0 1.0000000000 -4.5893904681e+00 -3.9177048236e+00\n  231    0 1.0000000000 -4.6626154936e+00 -3.9794883567e+00\n  232    0 1.0000000000 -4.7357872350e+00 -4.0428855446e+00\n  233    0 1.0000000000 -4.8088771965e+00 -4.1078577228e+00\n  234    0 1.0000000000 -4.8818562671e+00 -4.1743636002e+00\n  235    0 1.0000000000 -4.9546947348e+00 -4.2423592027e+00\n  236    0 1.0000000000 -5.0273623014e+00 -4.3117978252e+00\n  237    0 1.0000000000 -5.0998280991e+00 -4.3826299910e+00\n  238    0 1.0000000000 -5.1720607088e+00 -4.4548034196e+00\n  239    0 1.0000000000 -5.2440281791e+00 -4.5282630020e+00\n  240    0 1.0000000000 -5.3156980474e+00 -4.6029507861e+00\n  241    0 1.0000000000 -5.3870373617e+00 -4.6788059701e+00\n  242    0 1.0000000000 -5.4580127044e+00 -4.7557649061e+00\n  243    0 1.0000000000 -5.5285902172e+00 -4.8337611127e+00\n  244    0 1.0000000000 -5.5987356273e+00 -4.9127252977e+00\n  245    0 1.0000000000 -5.6684142749e+00 -4.9925853906e+00\n  246    0 1.0000000000 -5.7375911428e+00 -5.0732665853e+00\n  247    0 1.0000000000 -5.8062308858e+00 -5.1546913926e+00\n  248    0 1.0000000000 -5.8742978629e+00 -5.2367797034e+00\n  249    0 1.0000000000 -5.9417561702e+00 -5.3194488619e+00\n  250    0 1.0000000000 -6.0085696744e+00 -5.4026137484e+00\n  251    0 1.0000000000 -6.0747020483e+00 -5.4861868728e+00\n  252    0 1.0000000000 -6.1401168073e+00 -5.5700784779e+00\n  253    0 1.0000000000 -6.2047773466e+00 -5.6541966522e+00\n  254    0 1.0000000000 -6.2686469794e+00 -5.7384474525e+00\n  255    0 1.0000000000 -6.3316889770e+00 -5.8227350357e+00\n  256    0 1.0000000000 -6.3938666085e+00 -5.9069617995e+00\n  257    0 1.0000000000 -6.4551431821e+00 -5.9910285321e+00\n  258    0 1.0000000000 -6.5154820872e+00 -6.0748345700e+00\n  259    0 1.0000000000 -6.5748468369e+00 -6.1582779641e+00\n  260    0 1.0000000000 -6.6332011112e+00 -6.2412556526e+00\n  261    0 1.0000000000 -6.6905088010e+00 -6.3236636418e+00\n  262    0 1.0000000000 -6.7467340524e+00 -6.4053971932e+00\n  263    0 1.0000000000 -6.8018413112e+00 -6.4863510162e+00\n  264    0 1.0000000000 -6.8557953680e+00 -6.5664194670e+00\n  265    0 1.0000000000 -6.9085614032e+00 -6.6454967522e+00\n  266    0 1.0000000000 -6.9601050328e+00 -6.7234771363e+00\n  267    0 1.0000000000 -7.0103923532e+00 -6.8002551537e+00\n  268    0 1.0000000000 -7.0593899868e+00 -6.8757258233e+00\n  269    0 1.0000000000 -7.1070651271e+00 -6.9497848655e+00\n  270    0 1.0000000000 -7.1533855833e+00 -7.0223289212e+00\n  271    0 1.0000000000 -7.1983198251e+00 -7.0932557717e+00\n  272    0 1.0000000000 -7.2418370268e+00 -7.1624645593e+00\n  273    0 1.0000000000 -7.2839071104e+00 -7.2298560073e+00\n  274    0 1.0000000000 -7.3245007891e+00 -7.2953326389e+00\n  275    0 1.0000000000 -7.3635896086e+00 -7.3587989949e+00\n  276    0 1.0000000000 -7.4011459892e+00 -7.4201618487e+00\n  277    0 1.0000000000 -7.4371432654e+00 -7.4793304181e+00\n  278    0 1.0000000000 -7.4715557259e+00 -7.5362165735e+00\n  279    0 1.0000000000 -7.5043586511e+00 -7.5907350416e+00\n  280    0 1.0000000000 -7.5355283505e+00 -7.6428036041e+00\n  281    0 1.0000000000 -7.5650421982e+00 -7.6923432904e+00\n  282    0 1.0000000000 -7.5928786672e+00 -7.7392785641e+00\n  283    0 1.0000000000 -7.6190173622e+00 -7.7835375020e+00\n  284    0 1.0000000000 -7.6434390506e+00 -7.8250519664e+00\n  285    0 1.0000000000 -7.6661256925e+00 -7.8637577683e+00\n  286    0 1.0000000000 -7.6870604683e+00 -7.8995948220e+00\n  287    0 1.0000000000 -7.7062278049e+00 -7.9325072910e+00\n  288    0 1.0000000000 -7.7236133998e+00 -7.9624437236e+00\n  289    0 1.0000000000 -7.7392042440e+00 -7.9893571783e+00\n  290    0 1.0000000000 -7.7529886417e+00 -8.0132053389e+00\n  291    0 1.0000000000 -7.7649562294e+00 -8.0339506183e+00\n  292    0 1.0000000000 -7.7750979918e+00 -8.0515602511e+00\n  293    0 1.0000000000 -7.7834062762e+00 -8.0660063742e+00\n  294    0 1.0000000000 -7.7898748047e+00 -8.0772660957e+00\n  295    0 1.0000000000 -7.7944986841e+00 -8.0853215520e+00\n  296    0 1.0000000000 -7.7972744135e+00 -8.0901599513e+00\n  297    0 1.0000000000 -7.7981998904e+00 -8.0917736060e+00\n