SINGLE-ORBITAL NN+NNN EFFECTIVE MODEL FIT

m=4
eon=0.0
t0=1.0
l_decay=0.5
dl=2.5
pairing=./m=4/pairing.txt
microscopic_orbitals=34

E_eff(k) = eps0 + 2*t1[cos(k.u1)+cos(k.u2)] + 4*t2*cos(k.u1)*cos(k.u2)

eps0     = -6.08144564965277e+00
t1       = -4.51739340098697e-01
t2       = -3.54470272786054e-02

RMSE=2.64315591919850e-01
MAE=2.18729686686055e-01
max_abs_error=5.65516512458178e-01
optimizer_success=True
optimizer_message=Linear least-squares solution
minimum_tracking_continuity=1.0000000000
mean_tracking_continuity=1.0000000000

# k_index idx continuity target fit\n    0    0 1.0000000000 -7.8142865456e+00 -8.0301911192e+00\n    1    0 1.0000000000 -7.8140098007e+00 -8.0296648716e+00\n    2    0 1.0000000000 -7.8131796308e+00 -8.0280866589e+00\n    3    0 1.0000000000 -7.8117962302e+00 -8.0254580702e+00\n    4    0 1.0000000000 -7.8098599229e+00 -8.0217817522e+00\n    5    0 1.0000000000 -7.8073711619e+00 -8.0170614067e+00\n    6    0 1.0000000000 -7.8043305295e+00 -8.0113017866e+00\n    7    0 1.0000000000 -7.8007387368e+00 -8.0045086914e+00\n    8    0 1.0000000000 -7.7965966231e+00 -7.9966889612e+00\n    9    0 1.0000000000 -7.7919051560e+00 -7.9878504697e+00\n   10    0 1.0000000000 -7.7866654303e+00 -7.9780021167e+00\n   11    0 1.0000000000 -7.7808786681e+00 -7.9671538185e+00\n   12    0 1.0000000000 -7.7745462176e+00 -7.9553164985e+00\n   13    0 1.0000000000 -7.7676695528e+00 -7.9425020758e+00\n   14    0 1.0000000000 -7.7602502725e+00 -7.9287234535e+00\n   15    0 1.0000000000 -7.7522900998e+00 -7.9139945055e+00\n   16    0 1.0000000000 -7.7437908808e+00 -7.8983300626e+00\n   17    0 1.0000000000 -7.7347545843e+00 -7.8817458975e+00\n   18    0 1.0000000000 -7.7251833002e+00 -7.8642587091e+00\n   19    0 1.0000000000 -7.7150792388e+00 -7.8458861056e+00\n   20    0 1.0000000000 -7.7044447295e+00 -7.8266465865e+00\n   21    0 1.0000000000 -7.6932822200e+00 -7.8065595244e+00\n   22    0 1.0000000000 -7.6815942746e+00 -7.7856451454e+00\n   23    0 1.0000000000 -7.6693835733e+00 -7.7639245084e+00\n   24    0 1.0000000000 -7.6566529104e+00 -7.7414194842e+00\n   25    0 1.0000000000 -7.6434051929e+00 -7.7181527335e+00\n   26    0 1.0000000000 -7.6296434395e+00 -7.6941476840e+00\n   27    0 1.0000000000 -7.6153707786e+00 -7.6694285067e+00\n   28    0 1.0000000000 -7.6005904473e+00 -7.6440200917e+00\n   29    0 1.0000000000 -7.5853057893e+00 -7.6179480231e+00\n   30    0 1.0000000000 -7.5695202540e+00 -7.5912385533e+00\n   31    0 1.0000000000 -7.5532373938e+00 -7.5639185765e+00\n   32    0 1.0000000000 -7.5364608634e+00 -7.5360156016e+00\n   33    0 1.0000000000 -7.5191944174e+00 -7.5075577245e+00\n   34    0 1.0000000000 -7.5014419089e+00 -7.4785735999e+00\n   35    0 1.0000000000 -7.4832072872e+00 -7.4490924122e+00\n   36    0 1.0000000000 -7.4644945964e+00 -7.4191438467e+00\n   37    0 1.0000000000 -7.4453079733e+00 -7.3887580589e+00\n   38    0 1.0000000000 -7.4256516453e+00 -7.3579656448e+00\n   39    0 1.0000000000 -7.4055299287e+00 -7.3267976098e+00\n   40    0 1.0000000000 -7.3849472262e+00 -7.2952853373e+00\n   41    0 1.0000000000 -7.3639080257e+00 -7.2634605575e+00\n   42    0 1.0000000000 -7.3424168972e+00 -7.2313553154e+00\n   43    0 1.0000000000 -7.3204784916e+00 -7.1990019382e+00\n   44    0 1.0000000000 -7.2980975378e+00 -7.1664330030e+00\n   45    0 1.0000000000 -7.2752788411e+00 -7.1336813039e+00\n   46    0 1.0000000000 -7.2520272809e+00 -7.1007798192e+00\n   47    0 1.0000000000 -7.2283478081e+00 -7.0677616778e+00\n   48    0 1.0000000000 -7.2042454435e+00 -7.0346601262e+00\n   49    0 1.0000000000 -7.1797252751e+00 -7.0015084949e+00\n   50    0 1.0000000000 -7.1547924559e+00 -6.9683401648e+00\n   51    0 1.0000000000 -7.1294522020e+00 -6.9351885335e+00\n   52    0 1.0000000000 -7.1037097896e+00 -6.9020869819e+00\n   53    0 1.0000000000 -7.0775705535e+00 -6.8690688405e+00\n   54    0 1.0000000000 -7.0510398841e+00 -6.8361673558e+00\n   55    0 1.0000000000 -7.0241232256e+00 -6.8034156567e+00\n   56    0 1.0000000000 -6.9968260733e+00 -6.7708467215e+00\n   57    0 1.0000000000 -6.9691539716e+00 -6.7384933443e+00\n   58    0 1.0000000000 -6.9411125112e+00 -6.7063881022e+00\n   59    0 1.0000000000 -6.9127073274e+00 -6.6745633224e+00\n   60    0 1.0000000000 -6.8839440970e+00 -6.6430510499e+00\n   61    0 1.0000000000 -6.8548285367e+00 -6.6118830149e+00\n   62    0 1.0000000000 -6.8253664002e+00 -6.5810906008e+00\n   63    0 1.0000000000 -6.7955634762e+00 -6.5507048130e+00\n   64    0 1.0000000000 -6.7654255860e+00 -6.5207562475e+00\n   65    0 1.0000000000 -6.7349585808e+00 -6.4912750598e+00\n   66    0 1.0000000000 -6.7041683402e+00 -6.4622909352e+00\n   67    0 1.0000000000 -6.6730607691e+00 -6.4338330581e+00\n   68    0 1.0000000000 -6.6416417958e+00 -6.4059300832e+00\n   69    0 1.0000000000 -6.6099173696e+00 -6.3786101064e+00\n   70    0 1.0000000000 -6.5778934586e+00 -6.3519006366e+00\n   71    0 1.0000000000 -6.5455760475e+00 -6.3258285680e+00\n   72    0 1.0000000000 -6.5129711351e+00 -6.3004201530e+00\n   73    0 1.0000000000 -6.4800847325e+00 -6.2757009757e+00\n   74    0 1.0000000000 -6.4469228605e+00 -6.2516959262e+00\n   75    0 1.0000000000 -6.4134915475e+00 -6.2284291755e+00\n   76    0 1.0000000000 -6.3797968278e+00 -6.2059241513e+00\n   77    0 1.0000000000 -6.3458447388e+00 -6.1842035143e+00\n   78    0 1.0000000000 -6.3116413192e+00 -6.1632891353e+00\n   79    0 1.0000000000 -6.2771926072e+00 -6.1432020732e+00\n   80    0 1.0000000000 -6.2425046379e+00 -6.1239625541e+00\n   81    0 1.0000000000 -6.2075834416e+00 -6.1055899506e+00\n   82    0 1.0000000000 -6.1724350420e+00 -6.0881027622e+00\n   83    0 1.0000000000 -6.1370654538e+00 -6.0715185971e+00\n   84    0 1.0000000000 -6.1014806810e+00 -6.0558541542e+00\n   85    0 1.0000000000 -6.0656867154e+00 -6.0411252062e+00\n   86    0 1.0000000000 -6.0296895342e+00 -6.0273465839e+00\n   87    0 1.0000000000 -5.9934950985e+00 -6.0145321612e+00\n   88    0 1.0000000000 -5.9571093521e+00 -6.0026948412e+00\n   89    0 1.0000000000 -5.9205382195e+00 -5.9918465430e+00\n   90    0 1.0000000000 -5.8837876051e+00 -5.9819981900e+00\n   91    0 1.0000000000 -5.8468633921e+00 -5.9731596985e+00\n   92    0 1.0000000000 -5.8097714434e+00 -5.9653399683e+00\n   93    0 1.0000000000 -5.7725176027e+00 -5.9585468731e+00\n   94    0 1.0000000000 -5.7351077020e+00 -5.9527872530e+00\n   95    0 1.0000000000 -5.6975475794e+00 -5.9480669075e+00\n   96    0 1.0000000000 -5.6598431366e+00 -5.9443905895e+00\n   97    0 1.0000000000 -5.6220005679e+00 -5.9417620008e+00\n   98    0 1.0000000000 -5.5840278697e+00 -5.9401837881e+00\n   99    0 1.0000000000 -5.5460533827e+00 -5.9396575405e+00\n  100    0 1.0000000000 -5.5458570705e+00 -5.9392740616e+00\n  101    0 1.0000000000 -5.5452751463e+00 -5.9381240110e+00\n  102    0 1.0000000000 -5.5443077323e+00 -5.9362085467e+00\n  103    0 1.0000000000 -5.5429550303e+00 -5.9335295973e+00\n  104    0 1.0000000000 -5.5412173212e+00 -5.9300898605e+00\n  105    0 1.0000000000 -5.5390949657e+00 -5.9258927996e+00\n  106    0 1.0000000000 -5.5365884033e+00 -5.9209426409e+00\n  107    0 1.0000000000 -5.5336981524e+00 -5.9152443686e+00\n  108    0 1.0000000000 -5.5304248103e+00 -5.9088037205e+00\n  109    0 1.0000000000 -5.5267690526e+00 -5.9016271817e+00\n  110    0 1.0000000000 -5.5227316332e+00 -5.8937219784e+00\n  111    0 1.0000000000 -5.5183133835e+00 -5.8850960705e+00\n  112    0 1.0000000000 -5.5135152127e+00 -5.8757581436e+00\n  113    0 1.0000000000 -5.5083381068e+00 -5.8657176000e+00\n  114    0 1.0000000000 -5.5027831283e+00 -5.8549845499e+00\n  115    0 1.0000000000 -5.4968514160e+00 -5.8435698005e+00\n  116    0 1.0000000000 -5.4905441842e+00 -5.8314848455e+00\n  117    0 1.0000000000 -5.4838627223e+00 -5.8187418533e+00\n  118    0 1.0000000000 -5.4768083941e+00 -5.8053536552e+00\n  119    0 1.0000000000 -5.4693826374e+00 -5.7913337318e+00\n  120    0 1.0000000000 -5.4615869632e+00 -5.7766962001e+00\n  121    0 1.0000000000 -5.4534229550e+00 -5.7614557988e+00\n  122    0 1.0000000000 -5.4448922683e+00 -5.7456278737e+00\n  123    0 1.0000000000 -5.4359966297e+00 -5.7292283623e+00\n  124    0 1.0000000000 -5.4267378363e+00 -5.7122737773e+00\n  125    0 1.0000000000 -5.4171177545e+00 -5.6947811906e+00\n  126    0 1.0000000000 -5.4071383200e+00 -5.6767682159e+00\n  127    0 1.0000000000 -5.3968015359e+00 -5.6582529905e+00\n  128    0 1.0000000000 -5.3861094729e+00 -5.6392541579e+00\n  129    0 1.0000000000 -5.3750642676e+00 -5.6197908482e+00\n  130    0 1.0000000000 -5.3636681218e+00 -5.5998826592e+00\n  131    0 1.0000000000 -5.3519233019e+00 -5.5795496370e+00\n  132    0 1.0000000000 -5.3398321374e+00 -5.5588122550e+00\n  133    0 1.0000000000 -5.3273970202e+00 -5.5376913941e+00\n  134    0 1.0000000000 -5.3146204038e+00 -5.5162083212e+00\n  135    0 1.0000000000 -5.3015048016e+00 -5.4943846679e+00\n  136    0 1.0000000000 -5.2880527865e+00 -5.4722424089e+00\n  137    0 1.0000000000 -5.2742669894e+00 -5.4498038394e+00\n  138    0 1.0000000000 -5.2601500983e+00 -5.4270915532e+00\n  139    0 1.0000000000 -5.2457048572e+00 -5.4041284197e+00\n  140    0 1.0000000000 -5.2309340647e+00 -5.3809375608e+00\n  141    0 1.0000000000 -5.2158405731e+00 -5.3575423277e+00\n  142    0 1.0000000000 -5.2004272873e+00 -5.3339662774e+00\n  143    0 1.0000000000 -5.1846971631e+00 -5.3102331491e+00\n  144    0 1.0000000000 -5.1686532067e+00 -5.2863668399e+00\n  145    0 1.0000000000 -5.1522984728e+00 -5.2623913812e+00\n  146    0 1.0000000000 -5.1356360639e+00 -5.2383309144e+00\n  147    0 1.0000000000 -5.1186691288e+00 -5.2142096661e+00\n  148    0 1.0000000000 -5.1014008611e+00 -5.1900519245e+00\n  149    0 1.0000000000 -5.0838344986e+00 -5.1658820144e+00\n  150    0 1.0000000000 -5.0659733212e+00 -5.1417242728e+00\n  151    0 1.0000000000 -5.0478206503e+00 -5.1176030246e+00\n  152    0 1.0000000000 -5.0293798471e+00 -5.0935425577e+00\n  153    0 1.0000000000 -5.0106543113e+00 -5.0695670990e+00\n  154    0 1.0000000000 -4.9916474800e+00 -5.0457007898e+00\n  155    0 1.0000000000 -4.9723628262e+00 -5.0219676615e+00\n  156    0 1.0000000000 -4.9528038576e+00 -4.9983916112e+00\n  157    0 1.0000000000 -4.9329741150e+00 -4.9749963781e+00\n  158    0 1.0000000000 -4.9128771713e+00 -4.9518055192e+00\n  159    0 1.0000000000 -4.8925166300e+00 -4.9288423857e+00\n  160    0 1.0000000000 -4.8718961238e+00 -4.9061300995e+00\n  161    0 1.0000000000 -4.8510193134e+00 -4.8836915300e+00\n  162    0 1.0000000000 -4.8298898858e+00 -4.8615492710e+00\n  163    0 1.0000000000 -4.8085115537e+00 -4.8397256177e+00\n  164    0 1.0000000000 -4.7868880532e+00 -4.8182425448e+00\n  165    0 1.0000000000 -4.7650231433e+00 -4.7971216839e+00\n  166    0 1.0000000000 -4.7429206040e+00 -4.7763843019e+00\n  167    0 1.0000000000 -4.7205842351e+00 -4.7560512797e+00\n  168    0 1.0000000000 -4.6980178553e+00 -4.7361430907e+00\n  169    0 1.0000000000 -4.6752253000e+00 -4.7166797810e+00\n  170    0 1.0000000000 -4.6522104209e+00 -4.6976809484e+00\n  171    0 1.0000000000 -4.6289770841e+00 -4.6791657230e+00\n  172    0 1.0000000000 -4.6055291688e+00 -4.6611527483e+00\n  173    0 1.0000000000 -4.5818705664e+00 -4.6436601616e+00\n  174    0 1.0000000000 -4.5580051790e+00 -4.6267055767e+00\n  175    0 1.0000000000 -4.5339369179e+00 -4.6103060652e+00\n  176    0 1.0000000000 -4.5096697026e+00 -4.5944781401e+00\n  177    0 1.0000000000 -4.4852074594e+00 -4.5792377388e+00\n  178    0 1.0000000000 -4.4605541204e+00 -4.5646002071e+00\n  179    0 1.0000000000 -4.4357136218e+00 -4.5505802838e+00\n  180    0 1.0000000000 -4.4106899032e+00 -4.5371920856e+00\n  181    0 1.0000000000 -4.3854869059e+00 -4.5244490934e+00\n  182    0 1.0000000000 -4.3601085723e+00 -4.5123641384e+00\n  183    0 1.0000000000 -4.3345588441e+00 -4.5009493890e+00\n  184    0 1.0000000000 -4.3088416614e+00 -4.4902163389e+00\n  185    0 1.0000000000 -4.2829609620e+00 -4.4801757953e+00\n  186    0 1.0000000000 -4.2569206795e+00 -4.4708378684e+00\n  187    0 1.0000000000 -4.2307247430e+00 -4.4622119605e+00\n  188    0 1.0000000000 -4.2043770758e+00 -4.4543067572e+00\n  189    0 1.0000000000 -4.1778815943e+00 -4.4471302184e+00\n  190    0 1.0000000000 -4.1512422081e+00 -4.4406895703e+00\n  191    0 1.0000000000 -4.1244628187e+00 -4.4349912980e+00\n  192    0 1.0000000000 -4.0975473208e+00 -4.4300411393e+00\n  193    0 1.0000000000 -4.0704996038e+00 -4.4258440784e+00\n  194    0 1.0000000000 -4.0433235592e+00 -4.4224043416e+00\n  195    0 1.0000000000 -4.0160231020e+00 -4.4197253923e+00\n  196    0 1.0000000000 -3.9886022571e+00 -4.4178099279e+00\n  197    0 1.0000000000 -3.9610657174e+00 -4.4166598773e+00\n  198    0 1.0000000000 -3.9334503817e+00 -4.4162763984e+00\n  199    0 1.0000000000 -3.9888487525e+00 -4.4170433922e+00\n  200    0 1.0000000000 -4.0444352581e+00 -4.4193440322e+00\n  201    0 1.0000000000 -4.1001241769e+00 -4.4231772933e+00\n  202    0 1.0000000000 -4.1559042044e+00 -4.4285414620e+00\n  203    0 1.0000000000 -4.2117648780e+00 -4.4354341300e+00\n  204    0 1.0000000000 -4.2676956867e+00 -4.4438521842e+00\n  205    0 1.0000000000 -4.3236859362e+00 -4.4537917945e+00\n  206    0 1.0000000000 -4.3797247140e+00 -4.4652483992e+00\n  207    0 1.0000000000 -4.4358008783e+00 -4.4782166871e+00\n  208    0 1.0000000000 -4.4919030539e+00 -4.4926905787e+00\n  209    0 1.0000000000 -4.5480196315e+00 -4.5086632031e+00\n  210    0 1.0000000000 -4.6041387674e+00 -4.5261268749e+00\n  211    0 1.0000000000 -4.6602483850e+00 -4.5450730674e+00\n  212    0 1.0000000000 -4.7163361759e+00 -4.5654923851e+00\n  213    0 1.0000000000 -4.7723896024e+00 -4.5873745343e+00\n  214    0 1.0000000000 -4.8283958992e+00 -4.6107082915e+00\n  215    0 1.0000000000 -4.8843420765e+00 -4.6354814719e+00\n  216    0 1.0000000000 -4.9402149227e+00 -4.6616808957e+00\n  217    0 1.0000000000 -4.9960010076e+00 -4.6892923541e+00\n  218    0 1.0000000000 -5.0516866863e+00 -4.7183005745e+00\n  219    0 1.0000000000 -5.1072581028e+00 -4.7486891858e+00\n  220    0 1.0000000000 -5.1627011941e+00 -4.7804406827e+00\n  221    0 1.0000000000 -5.2180016949e+00 -4.8135363908e+00\n  222    0 1.0000000000 -5.2731451425e+00 -4.8479564320e+00\n  223    0 1.0000000000 -5.3281168815e+00 -4.8836796902e+00\n  224    0 1.0000000000 -5.3829020697e+00 -4.9206837781e+00\n  225    0 1.0000000000 -5.4374856836e+00 -4.9589450051e+00\n  226    0 1.0000000000 -5.4918525246e+00 -4.9984383462e+00\n  227    0 1.0000000000 -5.5459872251e+00 -5.0391374134e+00\n  228    0 1.0000000000 -5.5998742556e+00 -5.0810144280e+00\n  229    0 1.0000000000 -5.6534979316e+00 -5.1240401953e+00\n  230    0 1.0000000000 -5.7068424208e+00 -5.1681840823e+00\n  231    0 1.0000000000 -5.7598917509e+00 -5.2134139967e+00\n  232    0 1.0000000000 -5.8126298176e+00 -5.2596963703e+00\n  233    0 1.0000000000 -5.8650403927e+00 -5.3069961439e+00\n  234    0 1.0000000000 -5.9171071329e+00 -5.3552767562e+00\n  235    0 1.0000000000 -5.9688135887e+00 -5.4045001367e+00\n  236    0 1.0000000000 -6.0201432132e+00 -5.4546267007e+00\n  237    0 1.0000000000 -6.0710793722e+00 -5.5056153496e+00\n  238    0 1.0000000000 -6.1216053534e+00 -5.5574234741e+00\n  239    0 1.0000000000 -6.1717043769e+00 -5.6100069623e+00\n  240    0 1.0000000000 -6.2213596051e+00 -5.6633202116e+00\n  241    0 1.0000000000 -6.2705541538e+00 -5.7173161449e+00\n  242    0 1.0000000000 -6.3192711024e+00 -5.7719462315e+00\n  243    0 1.0000000000 -6.3674935055e+00 -5.8271605125e+00\n  244    0 1.0000000000 -6.4152044042e+00 -5.8829076306e+00\n  245    0 1.0000000000 -6.4623868371e+00 -5.9391348649e+00\n  246    0 1.0000000000 -6.5090238529e+00 -5.9957881704e+00\n  247    0 1.0000000000 -6.5550985218e+00 -6.0528122217e+00\n  248    0 1.0000000000 -6.6005939478e+00 -6.1101504619e+00\n  249    0 1.0000000000 -6.6454932809e+00 -6.1677451564e+00\n  250    0 1.0000000000 -6.6897797300e+00 -6.2255374506e+00\n  251    0 1.0000000000 -6.7334365753e+00 -6.2834674328e+00\n  252    0 1.0000000000 -6.7764471809e+00 -6.3414742015e+00\n  253    0 1.0000000000 -6.8187950083e+00 -6.3994959370e+00\n  254    0 1.0000000000 -6.8604636286e+00 -6.4574699776e+00\n  255    0 1.0000000000 -6.9014367364e+00 -6.5153328992e+00\n  256    0 1.0000000000 -6.9416981626e+00 -6.5730206003e+00\n  257    0 1.0000000000 -6.9812318877e+00 -6.6304683894e+00\n  258    0 1.0000000000 -7.0200220549e+00 -6.6876110769e+00\n  259    0 1.0000000000 -7.0580529837e+00 -6.7443830706e+00\n  260    0 1.0000000000 -7.0953091833e+00 -6.8007184738e+00\n  261    0 1.0000000000 -7.1317753653e+00 -6.8565511870e+00\n  262    0 1.0000000000 -7.1674364577e+00 -6.9118150122e+00\n  263    0 1.0000000000 -7.2022776174e+00 -6.9664437596e+00\n  264    0 1.0000000000 -7.2362842441e+00 -7.0203713571e+00\n  265    0 1.0000000000 -7.2694419925e+00 -7.0735319608e+00\n  266    0 1.0000000000 -7.3017367860e+00 -7.1258600683e+00\n  267    0 1.0000000000 -7.3331548290e+00 -7.1772906324e+00\n  268    0 1.0000000000 -7.3636826199e+00 -7.2277591768e+00\n  269    0 1.0000000000 -7.3933069633e+00 -7.2772019120e+00\n  270    0 1.0000000000 -7.4220149825e+00 -7.3255558515e+00\n  271    0 1.0000000000 -7.4497941315e+00 -7.3727589288e+00\n  272    0 1.0000000000 -7.4766322070e+00 -7.4187501132e+00\n  273    0 1.0000000000 -7.5025173600e+00 -7.4634695263e+00\n  274    0 1.0000000000 -7.5274381070e+00 -7.5068585564e+00\n  275    0 1.0000000000 -7.5513833412e+00 -7.5488599725e+00\n  276    0 1.0000000000 -7.5743423437e+00 -7.5894180363e+00\n  277    0 1.0000000000 -7.5963047931e+00 -7.6284786125e+00\n  278    0 1.0000000000 -7.6172607766e+00 -7.6659892769e+00\n  279    0 1.0000000000 -7.6372007991e+00 -7.7018994219e+00\n  280    0 1.0000000000 -7.6561157929e+00 -7.7361603592e+00\n  281    0 1.0000000000 -7.6739971268e+00 -7.7687254190e+00\n  282    0 1.0000000000 -7.6908366148e+00 -7.7995500465e+00\n  283    0 1.0000000000 -7.7066265241e+00 -7.8285918936e+00\n  284    0 1.0000000000 -7.7213595830e+00 -7.8558109075e+00\n  285    0 1.0000000000 -7.7350289886e+00 -7.8811694143e+00\n  286    0 1.0000000000 -7.7476284130e+00 -7.9046321984e+00\n  287    0 1.0000000000 -7.7591520108e+00 -7.9261665769e+00\n  288    0 1.0000000000 -7.7695944241e+00 -7.9457424690e+00\n  289    0 1.0000000000 -7.7789507885e+00 -7.9633324601e+00\n  290    0 1.0000000000 -7.7872167382e+00 -7.9789118604e+00\n  291    0 1.0000000000 -7.7943884101e+00 -7.9924587580e+00\n  292    0 1.0000000000 -7.8004624480e+00 -8.0039540657e+00\n  293    0 1.0000000000 -7.8054360065e+00 -8.0133815625e+00\n  294    0 1.0000000000 -7.8093067530e+00 -8.0207279284e+00\n  295    0 1.0000000000 -7.8120728712e+00 -8.0259827735e+00\n  296    0 1.0000000000 -7.8137330620e+00 -8.0291386600e+00\n  297    0 1.0000000000 -7.8142865456e+00 -8.0301911192e+00\n