SINGLE-ORBITAL NN+NNN EFFECTIVE MODEL FIT

m=5
eon=0.0
t0=1.0
l_decay=0.5
dl=2.5
pairing=./m=5/pairing.txt
microscopic_orbitals=52

E_eff(k) = eps0 + 2*t1[cos(k.u1)+cos(k.u2)] + 4*t2*cos(k.u1)*cos(k.u2)

eps0     = -6.60566594356185e+00
t1       = -3.24407931612445e-01
t2       = -1.78230575852064e-02

RMSE=2.00270679887112e-01
MAE=1.63926236398109e-01
max_abs_error=4.32939166163036e-01
optimizer_success=True
optimizer_message=Linear least-squares solution
minimum_tracking_continuity=1.0000000000
mean_tracking_continuity=1.0000000000

# k_index idx continuity target fit\n    0    0 1.0000000000 -7.8165260391e+00 -7.9745899004e+00\n    1    0 1.0000000000 -7.8163443597e+00 -7.9742273564e+00\n    2    0 1.0000000000 -7.8157993499e+00 -7.9731400898e+00\n    3    0 1.0000000000 -7.8148910947e+00 -7.9713291951e+00\n    4    0 1.0000000000 -7.8136197358e+00 -7.9687964960e+00\n    5    0 1.0000000000 -7.8119854714e+00 -7.9655445424e+00\n    6    0 1.0000000000 -7.8099885563e+00 -7.9615766090e+00\n    7    0 1.0000000000 -7.8076293017e+00 -7.9568966910e+00\n    8    0 1.0000000000 -7.8049080752e+00 -7.9515095008e+00\n    9    0 1.0000000000 -7.8018253006e+00 -7.9454204628e+00\n   10    0 1.0000000000 -7.7983814577e+00 -7.9386357081e+00\n   11    0 1.0000000000 -7.7945770821e+00 -7.9311620685e+00\n   12    0 1.0000000000 -7.7904127653e+00 -7.9230070692e+00\n   13    0 1.0000000000 -7.7858891542e+00 -7.9141789216e+00\n   14    0 1.0000000000 -7.7810069510e+00 -7.9046865149e+00\n   15    0 1.0000000000 -7.7757669128e+00 -7.8945394072e+00\n   16    0 1.0000000000 -7.7701698516e+00 -7.8837478158e+00\n   17    0 1.0000000000 -7.7642166340e+00 -7.8723226068e+00\n   18    0 1.0000000000 -7.7579081804e+00 -7.8602752845e+00\n   19    0 1.0000000000 -7.7512454655e+00 -7.8476179796e+00\n   20    0 1.0000000000 -7.7442295173e+00 -7.8343634367e+00\n   21    0 1.0000000000 -7.7368614170e+00 -7.8205250023e+00\n   22    0 1.0000000000 -7.7291422987e+00 -7.8061166103e+00\n   23    0 1.0000000000 -7.7210733487e+00 -7.7911527688e+00\n   24    0 1.0000000000 -7.7126558057e+00 -7.7756485452e+00\n   25    0 1.0000000000 -7.7038909596e+00 -7.7596195509e+00\n   26    0 1.0000000000 -7.6947801517e+00 -7.7430819256e+00\n   27    0 1.0000000000 -7.6853247738e+00 -7.7260523215e+00\n   28    0 1.0000000000 -7.6755262682e+00 -7.7085478858e+00\n   29    0 1.0000000000 -7.6653861266e+00 -7.6905862440e+00\n   30    0 1.0000000000 -7.6549058903e+00 -7.6721854821e+00\n   31    0 1.0000000000 -7.6440871489e+00 -7.6533641280e+00\n   32    0 1.0000000000 -7.6329315406e+00 -7.6341411331e+00\n   33    0 1.0000000000 -7.6214407510e+00 -7.6145358536e+00\n   34    0 1.0000000000 -7.6096165126e+00 -7.5945680301e+00\n   35    0 1.0000000000 -7.5974606048e+00 -7.5742577686e+00\n   36    0 1.0000000000 -7.5849748525e+00 -7.5536255198e+00\n   37    0 1.0000000000 -7.5721611262e+00 -7.5326920587e+00\n   38    0 1.0000000000 -7.5590213409e+00 -7.5114784634e+00\n   39    0 1.0000000000 -7.5455574556e+00 -7.4900060943e+00\n   40    0 1.0000000000 -7.5317714728e+00 -7.4682965722e+00\n   41    0 1.0000000000 -7.5176654378e+00 -7.4463717567e+00\n   42    0 1.0000000000 -7.5032414379e+00 -7.4242537244e+00\n   43    0 1.0000000000 -7.4885016017e+00 -7.4019647461e+00\n   44    0 1.0000000000 -7.4734480986e+00 -7.3795272650e+00\n   45    0 1.0000000000 -7.4580831380e+00 -7.3569638737e+00\n   46    0 1.0000000000 -7.4424089686e+00 -7.3342972916e+00\n   47    0 1.0000000000 -7.4264278777e+00 -7.3115503421e+00\n   48    0 1.0000000000 -7.4101421905e+00 -7.2887459295e+00\n   49    0 1.0000000000 -7.3935542691e+00 -7.2659070158e+00\n   50    0 1.0000000000 -7.3766665121e+00 -7.2430565978e+00\n   51    0 1.0000000000 -7.3594813537e+00 -7.2202176841e+00\n   52    0 1.0000000000 -7.3420012629e+00 -7.1974132714e+00\n   53    0 1.0000000000 -7.3242287429e+00 -7.1746663220e+00\n   54    0 1.0000000000 -7.3061663301e+00 -7.1519997399e+00\n   55    0 1.0000000000 -7.2878165933e+00 -7.1294363486e+00\n   56    0 1.0000000000 -7.2691821331e+00 -7.1069988675e+00\n   57    0 1.0000000000 -7.2502655812e+00 -7.0847098892e+00\n   58    0 1.0000000000 -7.2310695992e+00 -7.0625918568e+00\n   59    0 1.0000000000 -7.2115968779e+00 -7.0406670414e+00\n   60    0 1.0000000000 -7.1918501371e+00 -7.0189575193e+00\n   61    0 1.0000000000 -7.1718321237e+00 -6.9974851501e+00\n   62    0 1.0000000000 -7.1515456118e+00 -6.9762715549e+00\n   63    0 1.0000000000 -7.1309934015e+00 -6.9553380937e+00\n   64    0 1.0000000000 -7.1101783180e+00 -6.9347058450e+00\n   65    0 1.0000000000 -7.0891032112e+00 -6.9143955835e+00\n   66    0 1.0000000000 -7.0677709541e+00 -6.8944277600e+00\n   67    0 1.0000000000 -7.0461844428e+00 -6.8748224804e+00\n   68    0 1.0000000000 -7.0243465951e+00 -6.8555994856e+00\n   69    0 1.0000000000 -7.0022603499e+00 -6.8367781315e+00\n   70    0 1.0000000000 -6.9799286664e+00 -6.8183773695e+00\n   71    0 1.0000000000 -6.9573545232e+00 -6.8004157278e+00\n   72    0 1.0000000000 -6.9345409173e+00 -6.7829112921e+00\n   73    0 1.0000000000 -6.9114908636e+00 -6.7658816880e+00\n   74    0 1.0000000000 -6.8882073937e+00 -6.7493440627e+00\n   75    0 1.0000000000 -6.8646935554e+00 -6.7333150684e+00\n   76    0 1.0000000000 -6.8409524117e+00 -6.7178108447e+00\n   77    0 1.0000000000 -6.8169870400e+00 -6.7028470033e+00\n   78    0 1.0000000000 -6.7928005312e+00 -6.6884386113e+00\n   79    0 1.0000000000 -6.7683959891e+00 -6.6746001768e+00\n   80    0 1.0000000000 -6.7437765293e+00 -6.6613456340e+00\n   81    0 1.0000000000 -6.7189452786e+00 -6.6486883291e+00\n   82    0 1.0000000000 -6.6939053740e+00 -6.6366410068e+00\n   83    0 1.0000000000 -6.6686599620e+00 -6.6252157978e+00\n   84    0 1.0000000000 -6.6432121981e+00 -6.6144242064e+00\n   85    0 1.0000000000 -6.6175652452e+00 -6.6042770987e+00\n   86    0 1.0000000000 -6.5917222737e+00 -6.5947846920e+00\n   87    0 1.0000000000 -6.5656864601e+00 -6.5859565444e+00\n   88    0 1.0000000000 -6.5394609866e+00 -6.5778015451e+00\n   89    0 1.0000000000 -6.5130490401e+00 -6.5703279054e+00\n   90    0 1.0000000000 -6.4864538115e+00 -6.5635431508e+00\n   91    0 1.0000000000 -6.4596784951e+00 -6.5574541128e+00\n   92    0 1.0000000000 -6.4327262877e+00 -6.5520669225e+00\n   93    0 1.0000000000 -6.4056003881e+00 -6.5473870046e+00\n   94    0 1.0000000000 -6.3783039966e+00 -6.5434190711e+00\n   95    0 1.0000000000 -6.3508403149e+00 -6.5401671176e+00\n   96    0 1.0000000000 -6.3232125472e+00 -6.5376344184e+00\n   97    0 1.0000000000 -6.2954239070e+00 -6.5358235238e+00\n   98    0 1.0000000000 -6.2674776675e+00 -6.5347362571e+00\n   99    0 1.0000000000 -6.2393863951e+00 -6.5343737132e+00\n  100    0 1.0000000000 -6.2392422639e+00 -6.5340829545e+00\n  101    0 1.0000000000 -6.2388132139e+00 -6.5332109713e+00\n  102    0 1.0000000000 -6.2380993071e+00 -6.5317586415e+00\n  103    0 1.0000000000 -6.2371006461e+00 -6.5297274275e+00\n  104    0 1.0000000000 -6.2358173740e+00 -6.5271193746e+00\n  105    0 1.0000000000 -6.2342496747e+00 -6.5239371088e+00\n  106    0 1.0000000000 -6.2323977725e+00 -6.5201838345e+00\n  107    0 1.0000000000 -6.2302619319e+00 -6.5158633308e+00\n  108    0 1.0000000000 -6.2278424582e+00 -6.5109799482e+00\n  109    0 1.0000000000 -6.2251396966e+00 -6.5055386038e+00\n  110    0 1.0000000000 -6.2221540326e+00 -6.4995447765e+00\n  111    0 1.0000000000 -6.2188858916e+00 -6.4930045017e+00\n  112    0 1.0000000000 -6.2153357390e+00 -6.4859243648e+00\n  113    0 1.0000000000 -6.2115040799e+00 -6.4783114950e+00\n  114    0 1.0000000000 -6.2073914590e+00 -6.4701735577e+00\n  115    0 1.0000000000 -6.2029984603e+00 -6.4615187472e+00\n  116    0 1.0000000000 -6.1983257071e+00 -6.4523557781e+00\n  117    0 1.0000000000 -6.1933738618e+00 -6.4426938768e+00\n  118    0 1.0000000000 -6.1881436254e+00 -6.4325427720e+00\n  119    0 1.0000000000 -6.1826357377e+00 -6.4219126849e+00\n  120    0 1.0000000000 -6.1768509767e+00 -6.4108143193e+00\n  121    0 1.0000000000 -6.1707901587e+00 -6.3992588501e+00\n  122    0 1.0000000000 -6.1644541376e+00 -6.3872579128e+00\n  123    0 1.0000000000 -6.1578438051e+00 -6.3748235913e+00\n  124    0 1.0000000000 -6.1509600901e+00 -6.3619684059e+00\n  125    0 1.0000000000 -6.1438039585e+00 -6.3487053006e+00\n  126    0 1.0000000000 -6.1363764131e+00 -6.3350476304e+00\n  127    0 1.0000000000 -6.1286784929e+00 -6.3210091474e+00\n  128    0 1.0000000000 -6.1207112731e+00 -6.3066039870e+00\n  129    0 1.0000000000 -6.1124758646e+00 -6.2918466540e+00\n  130    0 1.0000000000 -6.1039734136e+00 -6.2767520079e+00\n  131    0 1.0000000000 -6.0952051016e+00 -6.2613352477e+00\n  132    0 1.0000000000 -6.0861721445e+00 -6.2456118968e+00\n  133    0 1.0000000000 -6.0768757928e+00 -6.2295977871e+00\n  134    0 1.0000000000 -6.0673173308e+00 -6.2133090437e+00\n  135    0 1.0000000000 -6.0574980762e+00 -6.1967620678e+00\n  136    0 1.0000000000 -6.0474193800e+00 -6.1799735209e+00\n  137    0 1.0000000000 -6.0370826260e+00 -6.1629603076e+00\n  138    0 1.0000000000 -6.0264892302e+00 -6.1457395587e+00\n  139    0 1.0000000000 -6.0156406403e+00 -6.1283286142e+00\n  140    0 1.0000000000 -6.0045383358e+00 -6.1107450053e+00\n  141    0 1.0000000000 -5.9931838270e+00 -6.0930064373e+00\n  142    0 1.0000000000 -5.9815786547e+00 -6.0751307713e+00\n  143    0 1.0000000000 -5.9697243899e+00 -6.0571360067e+00\n  144    0 1.0000000000 -5.9576226332e+00 -6.0390402627e+00\n  145    0 1.0000000000 -5.9452750142e+00 -6.0208617602e+00\n  146    0 1.0000000000 -5.9326831915e+00 -6.0026188033e+00\n  147    0 1.0000000000 -5.9198488516e+00 -5.9843297612e+00\n  148    0 1.0000000000 -5.9067737087e+00 -5.9660130494e+00\n  149    0 1.0000000000 -5.8934595042e+00 -5.9476871113e+00\n  150    0 1.0000000000 -5.8799080064e+00 -5.9293703995e+00\n  151    0 1.0000000000 -5.8661210094e+00 -5.9110813573e+00\n  152    0 1.0000000000 -5.8521003333e+00 -5.8928384005e+00\n  153    0 1.0000000000 -5.8378478230e+00 -5.8746598979e+00\n  154    0 1.0000000000 -5.8233653483e+00 -5.8565641539e+00\n  155    0 1.0000000000 -5.8086548029e+00 -5.8385693894e+00\n  156    0 1.0000000000 -5.7937181041e+00 -5.8206937234e+00\n  157    0 1.0000000000 -5.7785571922e+00 -5.8029551554e+00\n  158    0 1.0000000000 -5.7631740298e+00 -5.7853715465e+00\n  159    0 1.0000000000 -5.7475706016e+00 -5.7679606020e+00\n  160    0 1.0000000000 -5.7317489135e+00 -5.7507398531e+00\n  161    0 1.0000000000 -5.7157109924e+00 -5.7337266398e+00\n  162    0 1.0000000000 -5.6994588851e+00 -5.7169380929e+00\n  163    0 1.0000000000 -5.6829946585e+00 -5.7003911170e+00\n  164    0 1.0000000000 -5.6663203983e+00 -5.6841023735e+00\n  165    0 1.0000000000 -5.6494382090e+00 -5.6680882639e+00\n  166    0 1.0000000000 -5.6323502127e+00 -5.6523649129e+00\n  167    0 1.0000000000 -5.6150585494e+00 -5.6369481527e+00\n  168    0 1.0000000000 -5.5975653756e+00 -5.6218535066e+00\n  169    0 1.0000000000 -5.5798728643e+00 -5.6070961737e+00\n  170    0 1.0000000000 -5.5619832041e+00 -5.5926910133e+00\n  171    0 1.0000000000 -5.5438985988e+00 -5.5786525302e+00\n  172    0 1.0000000000 -5.5256212667e+00 -5.5649948600e+00\n  173    0 1.0000000000 -5.5071534402e+00 -5.5517317548e+00\n  174    0 1.0000000000 -5.4884973651e+00 -5.5388765694e+00\n  175    0 1.0000000000 -5.4696553000e+00 -5.5264422479e+00\n  176    0 1.0000000000 -5.4506295158e+00 -5.5144413106e+00\n  177    0 1.0000000000 -5.4314222952e+00 -5.5028858414e+00\n  178    0 1.0000000000 -5.4120359321e+00 -5.4917874758e+00\n  179    0 1.0000000000 -5.3924727308e+00 -5.4811573887e+00\n  180    0 1.0000000000 -5.3727350057e+00 -5.4710062839e+00\n  181    0 1.0000000000 -5.3528250808e+00 -5.4613443826e+00\n  182    0 1.0000000000 -5.3327452889e+00 -5.4521814135e+00\n  183    0 1.0000000000 -5.3124979710e+00 -5.4435266030e+00\n  184    0 1.0000000000 -5.2920854763e+00 -5.4353886657e+00\n  185    0 1.0000000000 -5.2715101607e+00 -5.4277757959e+00\n  186    0 1.0000000000 -5.2507743874e+00 -5.4206956590e+00\n  187    0 1.0000000000 -5.2298805252e+00 -5.4141553842e+00\n  188    0 1.0000000000 -5.2088309490e+00 -5.4081615569e+00\n  189    0 1.0000000000 -5.1876280386e+00 -5.4027202125e+00\n  190    0 1.0000000000 -5.1662741785e+00 -5.3978368299e+00\n  191    0 1.0000000000 -5.1447717575e+00 -5.3935163262e+00\n  192    0 1.0000000000 -5.1231231684e+00 -5.3897630519e+00\n  193    0 1.0000000000 -5.1013308078e+00 -5.3865807861e+00\n  194    0 1.0000000000 -5.0793970769e+00 -5.3839727332e+00\n  195    0 1.0000000000 -5.0573243848e+00 -5.3819415192e+00\n  196    0 1.0000000000 -5.0351151623e+00 -5.3804891894e+00\n  197    0 1.0000000000 -5.0127719578e+00 -5.3796172061e+00\n  198    0 1.0000000000 -4.9908096470e+00 -5.3793264475e+00\n  199    0 1.0000000000 -5.0353478996e+00 -5.3799079829e+00\n  200    0 1.0000000000 -5.0803294425e+00 -5.3816522203e+00\n  201    0 1.0000000000 -5.1252325237e+00 -5.3845580526e+00\n  202    0 1.0000000000 -5.1700495627e+00 -5.3886236333e+00\n  203    0 1.0000000000 -5.2147729961e+00 -5.3938463733e+00\n  204    0 1.0000000000 -5.2593951932e+00 -5.4002229383e+00\n  205    0 1.0000000000 -5.3039084446e+00 -5.4077492437e+00\n  206    0 1.0000000000 -5.3483049609e+00 -5.4164204498e+00\n  207    0 1.0000000000 -5.3925768737e+00 -5.4262309552e+00\n  208    0 1.0000000000 -5.4367162367e+00 -5.4371743903e+00\n  209    0 1.0000000000 -5.4807150277e+00 -5.4492436093e+00\n  210    0 1.0000000000 -5.5245651510e+00 -5.4624306819e+00\n  211    0 1.0000000000 -5.5682584389e+00 -5.4767268841e+00\n  212    0 1.0000000000 -5.6117866546e+00 -5.4921226890e+00\n  213    0 1.0000000000 -5.6551414943e+00 -5.5086077564e+00\n  214    0 1.0000000000 -5.6983145896e+00 -5.5261709226e+00\n  215    0 1.0000000000 -5.7412975103e+00 -5.5448001901e+00\n  216    0 1.0000000000 -5.7840817670e+00 -5.5644827159e+00\n  217    0 1.0000000000 -5.8266588137e+00 -5.5852048017e+00\n  218    0 1.0000000000 -5.8690200509e+00 -5.6069518821e+00\n  219    0 1.0000000000 -5.9111568286e+00 -5.6297085145e+00\n  220    0 1.0000000000 -5.9530604487e+00 -5.6534583684e+00\n  221    0 1.0000000000 -5.9947221692e+00 -5.6781842155e+00\n  222    0 1.0000000000 -6.0361332062e+00 -5.7038679198e+00\n  223    0 1.0000000000 -6.0772847383e+00 -5.7304904292e+00\n  224    0 1.0000000000 -6.1181679091e+00 -5.7580317665e+00\n  225    0 1.0000000000 -6.1587738312e+00 -5.7864710228e+00\n  226    0 1.0000000000 -6.1990935895e+00 -5.8157863506e+00\n  227    0 1.0000000000 -6.2391182449e+00 -5.8459549586e+00\n  228    0 1.0000000000 -6.2788388381e+00 -5.8769531074e+00\n  229    0 1.0000000000 -6.3182463930e+00 -5.9087561071e+00\n  230    0 1.0000000000 -6.3573319209e+00 -5.9413383154e+00\n  231    0 1.0000000000 -6.3960864245e+00 -5.9746731379e+00\n  232    0 1.0000000000 -6.4345009015e+00 -6.0087330302e+00\n  233    0 1.0000000000 -6.4725663488e+00 -6.0434895009e+00\n  234    0 1.0000000000 -6.5102737668e+00 -6.0789131171e+00\n  235    0 1.0000000000 -6.5476141635e+00 -6.1149735116e+00\n  236    0 1.0000000000 -6.5845785586e+00 -6.1516393925e+00\n  237    0 1.0000000000 -6.6211579879e+00 -6.1888785537e+00\n  238    0 1.0000000000 -6.6573435077e+00 -6.2266578892e+00\n  239    0 1.0000000000 -6.6931261990e+00 -6.2649434083e+00\n  240    0 1.0000000000 -6.7284971723e+00 -6.3037002535e+00\n  241    0 1.0000000000 -6.7634475718e+00 -6.3428927209e+00\n  242    0 1.0000000000 -6.7979685798e+00 -6.3824842828e+00\n  243    0 1.0000000000 -6.8320514218e+00 -6.4224376124e+00\n  244    0 1.0000000000 -6.8656873705e+00 -6.4627146115e+00\n  245    0 1.0000000000 -6.8988677510e+00 -6.5032764400e+00\n  246    0 1.0000000000 -6.9315839449e+00 -6.5440835484e+00\n  247    0 1.0000000000 -6.9638273953e+00 -6.5850957118e+00\n  248    0 1.0000000000 -6.9955896116e+00 -6.6262720679e+00\n  249    0 1.0000000000 -7.0268621737e+00 -6.6675711555e+00\n  250    0 1.0000000000 -7.0576367373e+00 -6.7089509567e+00\n  251    0 1.0000000000 -7.0879050384e+00 -6.7503689409e+00\n  252    0 1.0000000000 -7.1176588978e+00 -6.7917821110e+00\n  253    0 1.0000000000 -7.1468902261e+00 -6.8331470519e+00\n  254    0 1.0000000000 -7.1755910285e+00 -6.8744199814e+00\n  255    0 1.0000000000 -7.2037534089e+00 -6.9155568025e+00\n  256    0 1.0000000000 -7.2313695753e+00 -6.9565131581e+00\n  257    0 1.0000000000 -7.2584318441e+00 -6.9972444877e+00\n  258    0 1.0000000000 -7.2849326446e+00 -7.0377060855e+00\n  259    0 1.0000000000 -7.3108645239e+00 -7.0778531602e+00\n  260    0 1.0000000000 -7.3362201514e+00 -7.1176408966e+00\n  261    0 1.0000000000 -7.3609923230e+00 -7.1570245181e+00\n  262    0 1.0000000000 -7.3851739661e+00 -7.1959593513e+00\n  263    0 1.0000000000 -7.4087581434e+00 -7.2344008905e+00\n  264    0 1.0000000000 -7.4317380578e+00 -7.2723048644e+00\n  265    0 1.0000000000 -7.4541070565e+00 -7.3096273029e+00\n  266    0 1.0000000000 -7.4758586354e+00 -7.3463246047e+00\n  267    0 1.0000000000 -7.4969864427e+00 -7.3823536054e+00\n  268    0 1.0000000000 -7.5174842838e+00 -7.4176716464e+00\n  269    0 1.0000000000 -7.5373461248e+00 -7.4522366427e+00\n  270    0 1.0000000000 -7.5565660967e+00 -7.4860071524e+00\n  271    0 1.0000000000 -7.5751384990e+00 -7.5189424448e+00\n  272    0 1.0000000000 -7.5930578036e+00 -7.5510025684e+00\n  273    0 1.0000000000 -7.6103186587e+00 -7.5821484185e+00\n  274    0 1.0000000000 -7.6269158917e+00 -7.6123418045e+00\n  275    0 1.0000000000 -7.6428445136e+00 -7.6415455149e+00\n  276    0 1.0000000000 -7.6580997214e+00 -7.6697233833e+00\n  277    0 1.0000000000 -7.6726769021e+00 -7.6968403512e+00\n  278    0 1.0000000000 -7.6865716354e+00 -7.7228625305e+00\n  279    0 1.0000000000 -7.6997796968e+00 -7.7477572643e+00\n  280    0 1.0000000000 -7.7122970606e+00 -7.7714931856e+00\n  281    0 1.0000000000 -7.7241199024e+00 -7.7940402743e+00\n  282    0 1.0000000000 -7.7352446021e+00 -7.8153699119e+00\n  283    0 1.0000000000 -7.7456677460e+00 -7.8354549345e+00\n  284    0 1.0000000000 -7.7553861295e+00 -7.8542696826e+00\n  285    0 1.0000000000 -7.7643967591e+00 -7.8717900493e+00\n  286    0 1.0000000000 -7.7726968545e+00 -7.8879935250e+00\n  287    0 1.0000000000 -7.7802838507e+00 -7.9028592398e+00\n  288    0 1.0000000000 -7.7871553997e+00 -7.9163680029e+00\n  289    0 1.0000000000 -7.7933093720e+00 -7.9285023388e+00\n  290    0 1.0000000000 -7.7987438582e+00 -7.9392465205e+00\n  291    0 1.0000000000 -7.8034571704e+00 -7.9485865997e+00\n  292    0 1.0000000000 -7.8074478435e+00 -7.9565104331e+00\n  293    0 1.0000000000 -7.8107146358e+00 -7.9630077060e+00\n  294    0 1.0000000000 -7.8132565304e+00 -7.9680699517e+00\n  295    0 1.0000000000 -7.8150727354e+00 -7.9716905682e+00\n  296    0 1.0000000000 -7.8161626849e+00 -7.9738648306e+00\n  297    0 1.0000000000 -7.8165260391e+00 -7.9745899004e+00\n