SINGLE-ORBITAL NN+NNN EFFECTIVE MODEL FIT

m=6
eon=0.0
t0=1.0
l_decay=0.5
dl=2.5
pairing=./m=6/pairing.txt
microscopic_orbitals=74

E_eff(k) = eps0 + 2*t1[cos(k.u1)+cos(k.u2)] + 4*t2*cos(k.u1)*cos(k.u2)

eps0     = -6.93164999898047e+00
t1       = -2.41148479793465e-01
t2       = -9.75238795226713e-03

RMSE=1.53549672674224e-01
MAE=1.24751256218004e-01
max_abs_error=3.33956126125206e-01
optimizer_success=True
optimizer_message=Linear least-squares solution
minimum_tracking_continuity=1.0000000000
mean_tracking_continuity=1.0000000000

# k_index idx continuity target fit\n    0    0 1.0000000000 -7.8168333093e+00 -7.9352534700e+00\n    1    0 1.0000000000 -7.8167054465e+00 -7.9349910142e+00\n    2    0 1.0000000000 -7.8163218722e+00 -7.9342039113e+00\n    3    0 1.0000000000 -7.8156826287e+00 -7.9328929537e+00\n    4    0 1.0000000000 -7.8147877862e+00 -7.9310594615e+00\n    5    0 1.0000000000 -7.8136374434e+00 -7.9287052808e+00\n    6    0 1.0000000000 -7.8122317268e+00 -7.9258327822e+00\n    7    0 1.0000000000 -7.8105707911e+00 -7.9224448579e+00\n    8    0 1.0000000000 -7.8086548190e+00 -7.9185449193e+00\n    9    0 1.0000000000 -7.8064840212e+00 -7.9141368934e+00\n   10    0 1.0000000000 -7.8040586364e+00 -7.9092252185e+00\n   11    0 1.0000000000 -7.8013789309e+00 -7.9038148405e+00\n   12    0 1.0000000000 -7.7984451992e+00 -7.8979112070e+00\n   13    0 1.0000000000 -7.7952577632e+00 -7.8915202626e+00\n   14    0 1.0000000000 -7.7918169727e+00 -7.8846484423e+00\n   15    0 1.0000000000 -7.7881232049e+00 -7.8773026655e+00\n   16    0 1.0000000000 -7.7841768646e+00 -7.8694903288e+00\n   17    0 1.0000000000 -7.7799783839e+00 -7.8612192986e+00\n   18    0 1.0000000000 -7.7755282221e+00 -7.8524979030e+00\n   19    0 1.0000000000 -7.7708268659e+00 -7.8433349238e+00\n   20    0 1.0000000000 -7.7658748286e+00 -7.8337395873e+00\n   21    0 1.0000000000 -7.7606726509e+00 -7.8237215552e+00\n   22    0 1.0000000000 -7.7552208999e+00 -7.8132909148e+00\n   23    0 1.0000000000 -7.7495201696e+00 -7.8024581689e+00\n   24    0 1.0000000000 -7.7435710802e+00 -7.7912342252e+00\n   25    0 1.0000000000 -7.7373742785e+00 -7.7796303851e+00\n   26    0 1.0000000000 -7.7309304373e+00 -7.7676583329e+00\n   27    0 1.0000000000 -7.7242402556e+00 -7.7553301232e+00\n   28    0 1.0000000000 -7.7173044580e+00 -7.7426581697e+00\n   29    0 1.0000000000 -7.7101237950e+00 -7.7296552318e+00\n   30    0 1.0000000000 -7.7026990423e+00 -7.7163344025e+00\n   31    0 1.0000000000 -7.6950310011e+00 -7.7027090947e+00\n   32    0 1.0000000000 -7.6871204978e+00 -7.6887930278e+00\n   33    0 1.0000000000 -7.6789683833e+00 -7.6746002143e+00\n   34    0 1.0000000000 -7.6705755336e+00 -7.6601449450e+00\n   35    0 1.0000000000 -7.6619428490e+00 -7.6454417752e+00\n   36    0 1.0000000000 -7.6530712540e+00 -7.6305055098e+00\n   37    0 1.0000000000 -7.6439616973e+00 -7.6153511882e+00\n   38    0 1.0000000000 -7.6346151513e+00 -7.5999940697e+00\n   39    0 1.0000000000 -7.6250326120e+00 -7.5844496175e+00\n   40    0 1.0000000000 -7.6152150988e+00 -7.5687334836e+00\n   41    0 1.0000000000 -7.6051636540e+00 -7.5528614928e+00\n   42    0 1.0000000000 -7.5948793430e+00 -7.5368496268e+00\n   43    0 1.0000000000 -7.5843632538e+00 -7.5207140082e+00\n   44    0 1.0000000000 -7.5736164964e+00 -7.5044708843e+00\n   45    0 1.0000000000 -7.5626402034e+00 -7.4881366104e+00\n   46    0 1.0000000000 -7.5514355287e+00 -7.4717276339e+00\n   47    0 1.0000000000 -7.5400036481e+00 -7.4552604771e+00\n   48    0 1.0000000000 -7.5283457586e+00 -7.4387517211e+00\n   49    0 1.0000000000 -7.5164630781e+00 -7.4222179888e+00\n   50    0 1.0000000000 -7.5043568452e+00 -7.4056759283e+00\n   51    0 1.0000000000 -7.4920283190e+00 -7.3891421960e+00\n   52    0 1.0000000000 -7.4794787788e+00 -7.3726334400e+00\n   53    0 1.0000000000 -7.4667095235e+00 -7.3561662832e+00\n   54    0 1.0000000000 -7.4537218718e+00 -7.3397573067e+00\n   55    0 1.0000000000 -7.4405171615e+00 -7.3234230329e+00\n   56    0 1.0000000000 -7.4270967493e+00 -7.3071799089e+00\n   57    0 1.0000000000 -7.4134620106e+00 -7.2910442904e+00\n   58    0 1.0000000000 -7.3996143392e+00 -7.2750324244e+00\n   59    0 1.0000000000 -7.3855551468e+00 -7.2591604335e+00\n   60    0 1.0000000000 -7.3712858627e+00 -7.2434442996e+00\n   61    0 1.0000000000 -7.3568079337e+00 -7.2278998474e+00\n   62    0 1.0000000000 -7.3421228236e+00 -7.2125427289e+00\n   63    0 1.0000000000 -7.3272320130e+00 -7.1973884074e+00\n   64    0 1.0000000000 -7.3121369988e+00 -7.1824521419e+00\n   65    0 1.0000000000 -7.2968392940e+00 -7.1677489721e+00\n   66    0 1.0000000000 -7.2813404273e+00 -7.1532937029e+00\n   67    0 1.0000000000 -7.2656419428e+00 -7.1391008893e+00\n   68    0 1.0000000000 -7.2497453998e+00 -7.1251848225e+00\n   69    0 1.0000000000 -7.2336523721e+00 -7.1115595146e+00\n   70    0 1.0000000000 -7.2173644483e+00 -7.0982386853e+00\n   71    0 1.0000000000 -7.2008832305e+00 -7.0852357474e+00\n   72    0 1.0000000000 -7.1842103349e+00 -7.0725637939e+00\n   73    0 1.0000000000 -7.1673473911e+00 -7.0602355843e+00\n   74    0 1.0000000000 -7.1502960415e+00 -7.0482635320e+00\n   75    0 1.0000000000 -7.1330579413e+00 -7.0366596920e+00\n   76    0 1.0000000000 -7.1156347580e+00 -7.0254357482e+00\n   77    0 1.0000000000 -7.0980281712e+00 -7.0146030024e+00\n   78    0 1.0000000000 -7.0802398721e+00 -7.0041723620e+00\n   79    0 1.0000000000 -7.0622715631e+00 -6.9941543299e+00\n   80    0 1.0000000000 -7.0441249576e+00 -6.9845589934e+00\n   81    0 1.0000000000 -7.0258017799e+00 -6.9753960142e+00\n   82    0 1.0000000000 -7.0073037640e+00 -6.9666746186e+00\n   83    0 1.0000000000 -6.9886326543e+00 -6.9584035883e+00\n   84    0 1.0000000000 -6.9697902045e+00 -6.9505912516e+00\n   85    0 1.0000000000 -6.9507781777e+00 -6.9432454748e+00\n   86    0 1.0000000000 -6.9315983457e+00 -6.9363736546e+00\n   87    0 1.0000000000 -6.9122524890e+00 -6.9299827101e+00\n   88    0 1.0000000000 -6.8927423961e+00 -6.9240790766e+00\n   89    0 1.0000000000 -6.8730698635e+00 -6.9186686986e+00\n   90    0 1.0000000000 -6.8532366951e+00 -6.9137570238e+00\n   91    0 1.0000000000 -6.8332447020e+00 -6.9093489978e+00\n   92    0 1.0000000000 -6.8130957023e+00 -6.9054490593e+00\n   93    0 1.0000000000 -6.7927915203e+00 -6.9020611350e+00\n   94    0 1.0000000000 -6.7723339870e+00 -6.8991886363e+00\n   95    0 1.0000000000 -6.7517249393e+00 -6.8968344556e+00\n   96    0 1.0000000000 -6.7309662208e+00 -6.8950009634e+00\n   97    0 1.0000000000 -6.7100596840e+00 -6.8936900058e+00\n   98    0 1.0000000000 -6.6890072101e+00 -6.8929029029e+00\n   99    0 1.0000000000 -6.6686449408e+00 -6.8926404472e+00\n  100    0 1.0000000000 -6.6685105075e+00 -6.8924172707e+00\n  101    0 1.0000000000 -6.6681610263e+00 -6.8917479662e+00\n  102    0 1.0000000000 -6.6675965321e+00 -6.8906332075e+00\n  103    0 1.0000000000 -6.6668170823e+00 -6.8890741170e+00\n  104    0 1.0000000000 -6.6658227567e+00 -6.8870722647e+00\n  105    0 1.0000000000 -6.6646136572e+00 -6.8846296662e+00\n  106    0 1.0000000000 -6.6631899085e+00 -6.8817487811e+00\n  107    0 1.0000000000 -6.6615516575e+00 -6.8784325101e+00\n  108    0 1.0000000000 -6.6596990735e+00 -6.8746841924e+00\n  109    0 1.0000000000 -6.6576323485e+00 -6.8705076024e+00\n  110    0 1.0000000000 -6.6553516969e+00 -6.8659069454e+00\n  111    0 1.0000000000 -6.6528573559e+00 -6.8608868539e+00\n  112    0 1.0000000000 -6.6501495852e+00 -6.8554523827e+00\n  113    0 1.0000000000 -6.6472286677e+00 -6.8496090040e+00\n  114    0 1.0000000000 -6.6440949092e+00 -6.8433626014e+00\n  115    0 1.0000000000 -6.6407486389e+00 -6.8367194645e+00\n  116    0 1.0000000000 -6.6371902100e+00 -6.8296862826e+00\n  117    0 1.0000000000 -6.6334199998e+00 -6.8222701372e+00\n  118    0 1.0000000000 -6.6294384110e+00 -6.8144784960e+00\n  119    0 1.0000000000 -6.6252458722e+00 -6.8063192044e+00\n  120    0 1.0000000000 -6.6208428399e+00 -6.7978004781e+00\n  121    0 1.0000000000 -6.6162298008e+00 -6.7889308948e+00\n  122    0 1.0000000000 -6.6114072739e+00 -6.7797193854e+00\n  123    0 1.0000000000 -6.6063758160e+00 -6.7701752251e+00\n  124    0 1.0000000000 -6.6011360268e+00 -6.7603080240e+00\n  125    0 1.0000000000 -6.5956885569e+00 -6.7501277176e+00\n  126    0 1.0000000000 -6.5900341185e+00 -6.7396445566e+00\n  127    0 1.0000000000 -6.5841734951e+00 -6.7288690967e+00\n  128    0 1.0000000000 -6.5781075490e+00 -6.7178121877e+00\n  129    0 1.0000000000 -6.5718372130e+00 -6.7064849632e+00\n  130    0 1.0000000000 -6.5653634539e+00 -6.6948988286e+00\n  131    0 1.0000000000 -6.5586871968e+00 -6.6830654502e+00\n  132    0 1.0000000000 -6.5518092344e+00 -6.6709967433e+00\n  133    0 1.0000000000 -6.5447301776e+00 -6.6587048599e+00\n  134    0 1.0000000000 -6.5374504874e+00 -6.6462021770e+00\n  135    0 1.0000000000 -6.5299705612e+00 -6.6335012837e+00\n  136    0 1.0000000000 -6.5222908161e+00 -6.6206149687e+00\n  137    0 1.0000000000 -6.5144117346e+00 -6.6075562074e+00\n  138    0 1.0000000000 -6.5063338778e+00 -6.5943381490e+00\n  139    0 1.0000000000 -6.4980578796e+00 -6.5809741029e+00\n  140    0 1.0000000000 -6.4895844365e+00 -6.5674775255e+00\n  141    0 1.0000000000 -6.4809142961e+00 -6.5538620068e+00\n  142    0 1.0000000000 -6.4720482488e+00 -6.5401412564e+00\n  143    0 1.0000000000 -6.4629871204e+00 -6.5263290899e+00\n  144    0 1.0000000000 -6.4537317674e+00 -6.5124394151e+00\n  145    0 1.0000000000 -6.4442830733e+00 -6.4984862177e+00\n  146    0 1.0000000000 -6.4346419459e+00 -6.4844835473e+00\n  147    0 1.0000000000 -6.4248093154e+00 -6.4704455035e+00\n  148    0 1.0000000000 -6.4147861327e+00 -6.4563862214e+00\n  149    0 1.0000000000 -6.4045733685e+00 -6.4423198574e+00\n  150    0 1.0000000000 -6.3941720123e+00 -6.4282605753e+00\n  151    0 1.0000000000 -6.3835830717e+00 -6.4142225315e+00\n  152    0 1.0000000000 -6.3728075716e+00 -6.4002198611e+00\n  153    0 1.0000000000 -6.3618465541e+00 -6.3862666636e+00\n  154    0 1.0000000000 -6.3507010775e+00 -6.3723769889e+00\n  155    0 1.0000000000 -6.3393722164e+00 -6.3585648224e+00\n  156    0 1.0000000000 -6.3278610611e+00 -6.3448440720e+00\n  157    0 1.0000000000 -6.3161687172e+00 -6.3312285533e+00\n  158    0 1.0000000000 -6.3042963053e+00 -6.3177319759e+00\n  159    0 1.0000000000 -6.2922449610e+00 -6.3043679298e+00\n  160    0 1.0000000000 -6.2800158341e+00 -6.2911498714e+00\n  161    0 1.0000000000 -6.2676100887e+00 -6.2780911101e+00\n  162    0 1.0000000000 -6.2550289028e+00 -6.2652047951e+00\n  163    0 1.0000000000 -6.2422734680e+00 -6.2525039018e+00\n  164    0 1.0000000000 -6.2293449892e+00 -6.2400012189e+00\n  165    0 1.0000000000 -6.2162446845e+00 -6.2277093355e+00\n  166    0 1.0000000000 -6.2029737847e+00 -6.2156406285e+00\n  167    0 1.0000000000 -6.1895335330e+00 -6.2038072502e+00\n  168    0 1.0000000000 -6.1759251853e+00 -6.1922211156e+00\n  169    0 1.0000000000 -6.1621500090e+00 -6.1808938911e+00\n  170    0 1.0000000000 -6.1482092837e+00 -6.1698369821e+00\n  171    0 1.0000000000 -6.1341043001e+00 -6.1590615222e+00\n  172    0 1.0000000000 -6.1198363605e+00 -6.1485783612e+00\n  173    0 1.0000000000 -6.1054067777e+00 -6.1383980548e+00\n  174    0 1.0000000000 -6.0908168757e+00 -6.1285308537e+00\n  175    0 1.0000000000 -6.0760679884e+00 -6.1189866934e+00\n  176    0 1.0000000000 -6.0611614603e+00 -6.1097751840e+00\n  177    0 1.0000000000 -6.0460986455e+00 -6.1009056006e+00\n  178    0 1.0000000000 -6.0308809078e+00 -6.0923868744e+00\n  179    0 1.0000000000 -6.0155096205e+00 -6.0842275828e+00\n  180    0 1.0000000000 -5.9999861659e+00 -6.0764359415e+00\n  181    0 1.0000000000 -5.9843119350e+00 -6.0690197962e+00\n  182    0 1.0000000000 -5.9684883275e+00 -6.0619866142e+00\n  183    0 1.0000000000 -5.9525167514e+00 -6.0553434774e+00\n  184    0 1.0000000000 -5.9363986227e+00 -6.0490970748e+00\n  185    0 1.0000000000 -5.9201353653e+00 -6.0432536961e+00\n  186    0 1.0000000000 -5.9037284104e+00 -6.0378192249e+00\n  187    0 1.0000000000 -5.8871791967e+00 -6.0327991334e+00\n  188    0 1.0000000000 -5.8704891698e+00 -6.0281984764e+00\n  189    0 1.0000000000 -5.8536597820e+00 -6.0240218863e+00\n  190    0 1.0000000000 -5.8366924924e+00 -6.0202735687e+00\n  191    0 1.0000000000 -5.8195887663e+00 -6.0169572977e+00\n  192    0 1.0000000000 -5.8023500755e+00 -6.0140764126e+00\n  193    0 1.0000000000 -5.7849778984e+00 -6.0116338141e+00\n  194    0 1.0000000000 -5.7674737207e+00 -6.0096319618e+00\n  195    0 1.0000000000 -5.7498390391e+00 -6.0080728713e+00\n  196    0 1.0000000000 -5.7320753752e+00 -6.0069581126e+00\n  197    0 1.0000000000 -5.7141843845e+00 -6.0062888080e+00\n  198    0 1.0000000000 -5.6997991332e+00 -6.0060656316e+00\n  199    0 1.0000000000 -5.7322581890e+00 -6.0065119943e+00\n  200    0 1.0000000000 -5.7682127344e+00 -6.0078507517e+00\n  201    0 1.0000000000 -5.8040232649e+00 -6.0100809109e+00\n  202    0 1.0000000000 -5.8396846179e+00 -6.0132008168e+00\n  203    0 1.0000000000 -5.8751916980e+00 -6.0172081516e+00\n  204    0 1.0000000000 -5.9105394005e+00 -6.0220999329e+00\n  205    0 1.0000000000 -5.9457226014e+00 -6.0278725137e+00\n  206    0 1.0000000000 -5.9807361561e+00 -6.0345215797e+00\n  207    0 1.0000000000 -6.0155748999e+00 -6.0420421487e+00\n  208    0 1.0000000000 -6.0502336493e+00 -6.0504285678e+00\n  209    0 1.0000000000 -6.0847072025e+00 -6.0596745122e+00\n  210    0 1.0000000000 -6.1189903415e+00 -6.0697729822e+00\n  211    0 1.0000000000 -6.1530778328e+00 -6.0807163016e+00\n  212    0 1.0000000000 -6.1869644293e+00 -6.0924961151e+00\n  213    0 1.0000000000 -6.2206448717e+00 -6.1051033860e+00\n  214    0 1.0000000000 -6.2541138899e+00 -6.1185283941e+00\n  215    0 1.0000000000 -6.2873662046e+00 -6.1327607332e+00\n  216    0 1.0000000000 -6.3203965286e+00 -6.1477893094e+00\n  217    0 1.0000000000 -6.3531995689e+00 -6.1636023388e+00\n  218    0 1.0000000000 -6.3857700280e+00 -6.1801873466e+00\n  219    0 1.0000000000 -6.4181026054e+00 -6.1975311648e+00\n  220    0 1.0000000000 -6.4501919998e+00 -6.2156199320e+00\n  221    0 1.0000000000 -6.4820329101e+00 -6.2344390928e+00\n  222    0 1.0000000000 -6.5136200376e+00 -6.2539733972e+00\n  223    0 1.0000000000 -6.5449480876e+00 -6.2742069017e+00\n  224    0 1.0000000000 -6.5760117711e+00 -6.2951229697e+00\n  225    0 1.0000000000 -6.6068058067e+00 -6.3167042740e+00\n  226    0 1.0000000000 -6.6373249223e+00 -6.3389327983e+00\n  227    0 1.0000000000 -6.6675638568e+00 -6.3617898413e+00\n  228    0 1.0000000000 -6.6975173622e+00 -6.3852560198e+00\n  229    0 1.0000000000 -6.7271802053e+00 -6.4093112745e+00\n  230    0 1.0000000000 -6.7565471695e+00 -6.4339348750e+00\n  231    0 1.0000000000 -6.7856130568e+00 -6.4591054273e+00\n  232    0 1.0000000000 -6.8143726896e+00 -6.4848008812e+00\n  233    0 1.0000000000 -6.8428209126e+00 -6.5109985394e+00\n  234    0 1.0000000000 -6.8709525949e+00 -6.5376750675e+00\n  235    0 1.0000000000 -6.8987626316e+00 -6.5648065055e+00\n  236    0 1.0000000000 -6.9262459460e+00 -6.5923682796e+00\n  237    0 1.0000000000 -6.9533974915e+00 -6.6203352169e+00\n  238    0 1.0000000000 -6.9802122534e+00 -6.6486815592e+00\n  239    0 1.0000000000 -7.0066852510e+00 -6.6773809804e+00\n  240    0 1.0000000000 -7.0328115394e+00 -6.7064066031e+00\n  241    0 1.0000000000 -7.0585862119e+00 -6.7357310181e+00\n  242    0 1.0000000000 -7.0840044012e+00 -6.7653263046e+00\n  243    0 1.0000000000 -7.1090612821e+00 -6.7951640518e+00\n  244    0 1.0000000000 -7.1337520729e+00 -6.8252153818e+00\n  245    0 1.0000000000 -7.1580720380e+00 -6.8554509742e+00\n  246    0 1.0000000000 -7.1820164890e+00 -6.8858410914e+00\n  247    0 1.0000000000 -7.2055807875e+00 -6.9163556066e+00\n  248    0 1.0000000000 -7.2287603465e+00 -6.9469640310e+00\n  249    0 1.0000000000 -7.2515506326e+00 -6.9776355448e+00\n  250    0 1.0000000000 -7.2739471676e+00 -7.0083390271e+00\n  251    0 1.0000000000 -7.2959455308e+00 -7.0390430891e+00\n  252    0 1.0000000000 -7.3175413610e+00 -7.0697161071e+00\n  253    0 1.0000000000 -7.3387303578e+00 -7.1003262572e+00\n  254    0 1.0000000000 -7.3595082839e+00 -7.1308415513e+00\n  255    0 1.0000000000 -7.3798709670e+00 -7.1612298742e+00\n  256    0 1.0000000000 -7.3998143015e+00 -7.1914590210e+00\n  257    0 1.0000000000 -7.4193342503e+00 -7.2214967363e+00\n  258    0 1.0000000000 -7.4384268468e+00 -7.2513107540e+00\n  259    0 1.0000000000 -7.4570881965e+00 -7.2808688380e+00\n  260    0 1.0000000000 -7.4753144788e+00 -7.3101388233e+00\n  261    0 1.0000000000 -7.4931019488e+00 -7.3390886585e+00\n  262    0 1.0000000000 -7.5104469388e+00 -7.3676864479e+00\n  263    0 1.0000000000 -7.5273458605e+00 -7.3959004951e+00\n  264    0 1.0000000000 -7.5437952061e+00 -7.4236993465e+00\n  265    0 1.0000000000 -7.5597915501e+00 -7.4510518352e+00\n  266    0 1.0000000000 -7.5753315511e+00 -7.4779271251e+00\n  267    0 1.0000000000 -7.5904119531e+00 -7.5042947553e+00\n  268    0 1.0000000000 -7.6050295872e+00 -7.5301246845e+00\n  269    0 1.0000000000 -7.6191813729e+00 -7.5553873351e+00\n  270    0 1.0000000000 -7.6328643200e+00 -7.5800536377e+00\n  271    0 1.0000000000 -7.6460755295e+00 -7.6040950747e+00\n  272    0 1.0000000000 -7.6588121951e+00 -7.6274837240e+00\n  273    0 1.0000000000 -7.6710716049e+00 -7.6501923017e+00\n  274    0 1.0000000000 -7.6828511424e+00 -7.6721942055e+00\n  275    0 1.0000000000 -7.6941482878e+00 -7.6934635553e+00\n  276    0 1.0000000000 -7.7049606191e+00 -7.7139752354e+00\n  277    0 1.0000000000 -7.7152858137e+00 -7.7337049340e+00\n  278    0 1.0000000000 -7.7251216490e+00 -7.7526291825e+00\n  279    0 1.0000000000 -7.7344660039e+00 -7.7707253939e+00\n  280    0 1.0000000000 -7.7433168595e+00 -7.7879718995e+00\n  281    0 1.0000000000 -7.7516723006e+00 -7.8043479849e+00\n  282    0 1.0000000000 -7.7595305160e+00 -7.8198339238e+00\n  283    0 1.0000000000 -7.7668897998e+00 -7.8344110116e+00\n  284    0 1.0000000000 -7.7737485521e+00 -7.8480615962e+00\n  285    0 1.0000000000 -7.7801052800e+00 -7.8607691081e+00\n  286    0 1.0000000000 -7.7859585981e+00 -7.8725180880e+00\n  287    0 1.0000000000 -7.7913072292e+00 -7.8832942138e+00\n  288    0 1.0000000000 -7.7961500050e+00 -7.8930843244e+00\n  289    0 1.0000000000 -7.8004858669e+00 -7.9018764426e+00\n  290    0 1.0000000000 -7.8043138660e+00 -7.9096597957e+00\n  291    0 1.0000000000 -7.8076331643e+00 -7.9164248338e+00\n  292    0 1.0000000000 -7.8104430342e+00 -7.9221632467e+00\n  293    0 1.0000000000 -7.8127428599e+00 -7.9268679779e+00\n  294    0 1.0000000000 -7.8145321369e+00 -7.9305332373e+00\n  295    0 1.0000000000 -7.8158104724e+00 -7.9331545108e+00\n  296    0 1.0000000000 -7.8165775860e+00 -7.9347285684e+00\n  297    0 1.0000000000 -7.8168333093e+00 -7.9352534700e+00\n