SINGLE-ORBITAL NN+NNN EFFECTIVE MODEL FIT

m=7
eon=0.0
t0=1.0
l_decay=0.5
dl=2.5
pairing=./m=7/pairing.txt
microscopic_orbitals=100

E_eff(k) = eps0 + 2*t1[cos(k.u1)+cos(k.u2)] + 4*t2*cos(k.u1)*cos(k.u2)

eps0     = -7.14605734913942e+00
t1       = -1.84739110296517e-01
t2       = -5.80146672714391e-03

RMSE=1.20043761329130e-01
MAE=9.70127035586750e-02
max_abs_error=2.61964211037756e-01
optimizer_success=True
optimizer_message=Linear least-squares solution
minimum_tracking_continuity=1.0000000000
mean_tracking_continuity=1.0000000000

# k_index idx continuity target fit\n    0    0 1.0000000000 -7.8170865289e+00 -7.9082196572e+00\n    1    0 1.0000000000 -7.8169919318e+00 -7.9080219574e+00\n    2    0 1.0000000000 -7.8167081480e+00 -7.9074290571e+00\n    3    0 1.0000000000 -7.8162352009e+00 -7.9064415533e+00\n    4    0 1.0000000000 -7.8155731289e+00 -7.9050604403e+00\n    5    0 1.0000000000 -7.8147219861e+00 -7.9032871087e+00\n    6    0 1.0000000000 -7.8136818418e+00 -7.9011233442e+00\n    7    0 1.0000000000 -7.8124527810e+00 -7.8985713255e+00\n    8    0 1.0000000000 -7.8110349038e+00 -7.8956336223e+00\n    9    0 1.0000000000 -7.8094283257e+00 -7.8923131925e+00\n   10    0 1.0000000000 -7.8076331778e+00 -7.8886133797e+00\n   11    0 1.0000000000 -7.8056496062e+00 -7.8845379091e+00\n   12    0 1.0000000000 -7.8034777725e+00 -7.8800908844e+00\n   13    0 1.0000000000 -7.8011178535e+00 -7.8752767834e+00\n   14    0 1.0000000000 -7.7985700412e+00 -7.8701004535e+00\n   15    0 1.0000000000 -7.7958345427e+00 -7.8645671068e+00\n   16    0 1.0000000000 -7.7929115806e+00 -7.8586823150e+00\n   17    0 1.0000000000 -7.7898013923e+00 -7.8524520035e+00\n   18    0 1.0000000000 -7.7865042303e+00 -7.8458824456e+00\n   19    0 1.0000000000 -7.7830203622e+00 -7.8389802565e+00\n   20    0 1.0000000000 -7.7793500707e+00 -7.8317523860e+00\n   21    0 1.0000000000 -7.7754936531e+00 -7.8242061120e+00\n   22    0 1.0000000000 -7.7714514219e+00 -7.8163490329e+00\n   23    0 1.0000000000 -7.7672237043e+00 -7.8081890601e+00\n   24    0 1.0000000000 -7.7628108420e+00 -7.7997344101e+00\n   25    0 1.0000000000 -7.7582131918e+00 -7.7909935959e+00\n   26    0 1.0000000000 -7.7534311250e+00 -7.7819754189e+00\n   27    0 1.0000000000 -7.7484650271e+00 -7.7726889595e+00\n   28    0 1.0000000000 -7.7433152987e+00 -7.7631435684e+00\n   29    0 1.0000000000 -7.7379823542e+00 -7.7533488571e+00\n   30    0 1.0000000000 -7.7324666228e+00 -7.7433146880e+00\n   31    0 1.0000000000 -7.7267685477e+00 -7.7330511646e+00\n   32    0 1.0000000000 -7.7208885864e+00 -7.7225686214e+00\n   33    0 1.0000000000 -7.7148272104e+00 -7.7118776135e+00\n   34    0 1.0000000000 -7.7085849053e+00 -7.7009889058e+00\n   35    0 1.0000000000 -7.7021621706e+00 -7.6899134623e+00\n   36    0 1.0000000000 -7.6955595195e+00 -7.6786624350e+00\n   37    0 1.0000000000 -7.6887774791e+00 -7.6672471529e+00\n   38    0 1.0000000000 -7.6818165900e+00 -7.6556791100e+00\n   39    0 1.0000000000 -7.6746774066e+00 -7.6439699545e+00\n   40    0 1.0000000000 -7.6673604965e+00 -7.6321314764e+00\n   41    0 1.0000000000 -7.6598664406e+00 -7.6201755961e+00\n   42    0 1.0000000000 -7.6521958334e+00 -7.6081143522e+00\n   43    0 1.0000000000 -7.6443492820e+00 -7.5959598893e+00\n   44    0 1.0000000000 -7.6363274071e+00 -7.5837244459e+00\n   45    0 1.0000000000 -7.6281308418e+00 -7.5714203421e+00\n   46    0 1.0000000000 -7.6197602323e+00 -7.5590599671e+00\n   47    0 1.0000000000 -7.6112162375e+00 -7.5466557667e+00\n   48    0 1.0000000000 -7.6024995288e+00 -7.5342202309e+00\n   49    0 1.0000000000 -7.5936107899e+00 -7.5217658813e+00\n   50    0 1.0000000000 -7.5845507170e+00 -7.5093052582e+00\n   51    0 1.0000000000 -7.5753200187e+00 -7.4968509085e+00\n   52    0 1.0000000000 -7.5659194152e+00 -7.4844153727e+00\n   53    0 1.0000000000 -7.5563496391e+00 -7.4720111723e+00\n   54    0 1.0000000000 -7.5466114347e+00 -7.4596507973e+00\n   55    0 1.0000000000 -7.5367055578e+00 -7.4473466935e+00\n   56    0 1.0000000000 -7.5266327761e+00 -7.4351112502e+00\n   57    0 1.0000000000 -7.5163938685e+00 -7.4229567873e+00\n   58    0 1.0000000000 -7.5059896254e+00 -7.4108955434e+00\n   59    0 1.0000000000 -7.4954208482e+00 -7.3989396631e+00\n   60    0 1.0000000000 -7.4846883494e+00 -7.3871011850e+00\n   61    0 1.0000000000 -7.4737929524e+00 -7.3753920295e+00\n   62    0 1.0000000000 -7.4627354913e+00 -7.3638239866e+00\n   63    0 1.0000000000 -7.4515168110e+00 -7.3524087044e+00\n   64    0 1.0000000000 -7.4401377665e+00 -7.3411576772e+00\n   65    0 1.0000000000 -7.4285992236e+00 -7.3300822337e+00\n   66    0 1.0000000000 -7.4169020579e+00 -7.3191935260e+00\n   67    0 1.0000000000 -7.4050471552e+00 -7.3085025181e+00\n   68    0 1.0000000000 -7.3930354111e+00 -7.2980199749e+00\n   69    0 1.0000000000 -7.3808677311e+00 -7.2877564515e+00\n   70    0 1.0000000000 -7.3685450301e+00 -7.2777222824e+00\n   71    0 1.0000000000 -7.3560682325e+00 -7.2679275710e+00\n   72    0 1.0000000000 -7.3434382721e+00 -7.2583821800e+00\n   73    0 1.0000000000 -7.3306560916e+00 -7.2490957206e+00\n   74    0 1.0000000000 -7.3177226428e+00 -7.2400775435e+00\n   75    0 1.0000000000 -7.3046388864e+00 -7.2313367294e+00\n   76    0 1.0000000000 -7.2914057917e+00 -7.2228820794e+00\n   77    0 1.0000000000 -7.2780243364e+00 -7.2147221066e+00\n   78    0 1.0000000000 -7.2644955066e+00 -7.2068650275e+00\n   79    0 1.0000000000 -7.2508202967e+00 -7.1993187535e+00\n   80    0 1.0000000000 -7.2369997091e+00 -7.1920908830e+00\n   81    0 1.0000000000 -7.2230347540e+00 -7.1851886938e+00\n   82    0 1.0000000000 -7.2089264493e+00 -7.1786191360e+00\n   83    0 1.0000000000 -7.1946758206e+00 -7.1723888245e+00\n   84    0 1.0000000000 -7.1802839006e+00 -7.1665040326e+00\n   85    0 1.0000000000 -7.1657517296e+00 -7.1609706860e+00\n   86    0 1.0000000000 -7.1510803548e+00 -7.1557943561e+00\n   87    0 1.0000000000 -7.1362708301e+00 -7.1509802551e+00\n   88    0 1.0000000000 -7.1213242166e+00 -7.1465332304e+00\n   89    0 1.0000000000 -7.1062415814e+00 -7.1424577598e+00\n   90    0 1.0000000000 -7.0910239986e+00 -7.1387579469e+00\n   91    0 1.0000000000 -7.0756725482e+00 -7.1354375172e+00\n   92    0 1.0000000000 -7.0601883163e+00 -7.1324998139e+00\n   93    0 1.0000000000 -7.0445723951e+00 -7.1299477953e+00\n   94    0 1.0000000000 -7.0288258824e+00 -7.1277840308e+00\n   95    0 1.0000000000 -7.0129498816e+00 -7.1260106992e+00\n   96    0 1.0000000000 -6.9969455017e+00 -7.1246295862e+00\n   97    0 1.0000000000 -6.9808138569e+00 -7.1236420823e+00\n   98    0 1.0000000000 -6.9645560664e+00 -7.1230491820e+00\n   99    0 1.0000000000 -6.9481756324e+00 -7.1228514822e+00\n  100    0 1.0000000000 -6.9480925045e+00 -7.1226771488e+00\n  101    0 1.0000000000 -6.9478431273e+00 -7.1221543240e+00\n  102    0 1.0000000000 -6.9474275201e+00 -7.1212835342e+00\n  103    0 1.0000000000 -6.9468457152e+00 -7.1200656563e+00\n  104    0 1.0000000000 -6.9460977579e+00 -7.1185019166e+00\n  105    0 1.0000000000 -6.9451837062e+00 -7.1165938897e+00\n  106    0 1.0000000000 -6.9441036312e+00 -7.1143434967e+00\n  107    0 1.0000000000 -6.9428576167e+00 -7.1117530036e+00\n  108    0 1.0000000000 -6.9414457596e+00 -7.1088250189e+00\n  109    0 1.0000000000 -6.9398681694e+00 -7.1055624907e+00\n  110    0 1.0000000000 -6.9381249685e+00 -7.1019687041e+00\n  111    0 1.0000000000 -6.9362162922e+00 -7.0980472778e+00\n  112    0 1.0000000000 -6.9341422885e+00 -7.0938021603e+00\n  113    0 1.0000000000 -6.9319031181e+00 -7.0892376262e+00\n  114    0 1.0000000000 -6.9294989547e+00 -7.0843582714e+00\n  115    0 1.0000000000 -6.9269299844e+00 -7.0791690091e+00\n  116    0 1.0000000000 -6.9241964061e+00 -7.0736750645e+00\n  117    0 1.0000000000 -6.9212984312e+00 -7.0678819694e+00\n  118    0 1.0000000000 -6.9182362840e+00 -7.0617955571e+00\n  119    0 1.0000000000 -6.9150102010e+00 -7.0554219560e+00\n  120    0 1.0000000000 -6.9116204314e+00 -7.0487675838e+00\n  121    0 1.0000000000 -6.9080672369e+00 -7.0418391409e+00\n  122    0 1.0000000000 -6.9043508915e+00 -7.0346436037e+00\n  123    0 1.0000000000 -6.9004716817e+00 -7.0271882174e+00\n  124    0 1.0000000000 -6.8964299061e+00 -7.0194804890e+00\n  125    0 1.0000000000 -6.8922258760e+00 -7.0115281795e+00\n  126    0 1.0000000000 -6.8878599144e+00 -7.0033392962e+00\n  127    0 1.0000000000 -6.8833323569e+00 -6.9949220847e+00\n  128    0 1.0000000000 -6.8786435510e+00 -6.9862850203e+00\n  129    0 1.0000000000 -6.8737938562e+00 -6.9774367999e+00\n  130    0 1.0000000000 -6.8687836440e+00 -6.9683863328e+00\n  131    0 1.0000000000 -6.8636132980e+00 -6.9591427321e+00\n  132    0 1.0000000000 -6.8582832135e+00 -6.9497153054e+00\n  133    0 1.0000000000 -6.8527937976e+00 -6.9401135452e+00\n  134    0 1.0000000000 -6.8471454690e+00 -6.9303471197e+00\n  135    0 1.0000000000 -6.8413386582e+00 -6.9204258629e+00\n  136    0 1.0000000000 -6.8353738073e+00 -6.9103597646e+00\n  137    0 1.0000000000 -6.8292513698e+00 -6.9001589605e+00\n  138    0 1.0000000000 -6.8229718105e+00 -6.8898337220e+00\n  139    0 1.0000000000 -6.8165356058e+00 -6.8793944458e+00\n  140    0 1.0000000000 -6.8099432432e+00 -6.8688516432e+00\n  141    0 1.0000000000 -6.8031952213e+00 -6.8582159300e+00\n  142    0 1.0000000000 -6.7962920498e+00 -6.8474980155e+00\n  143    0 1.0000000000 -6.7892342496e+00 -6.8367086917e+00\n  144    0 1.0000000000 -6.7820223523e+00 -6.8258588226e+00\n  145    0 1.0000000000 -6.7746569005e+00 -6.8149593329e+00\n  146    0 1.0000000000 -6.7671384472e+00 -6.8040211976e+00\n  147    0 1.0000000000 -6.7594675563e+00 -6.7930554305e+00\n  148    0 1.0000000000 -6.7516448023e+00 -6.7820730732e+00\n  149    0 1.0000000000 -6.7436707700e+00 -6.7710851839e+00\n  150    0 1.0000000000 -6.7355460545e+00 -6.7601028266e+00\n  151    0 1.0000000000 -6.7272712612e+00 -6.7491370595e+00\n  152    0 1.0000000000 -6.7188470058e+00 -6.7381989242e+00\n  153    0 1.0000000000 -6.7102739138e+00 -6.7272994345e+00\n  154    0 1.0000000000 -6.7015526207e+00 -6.7164495654e+00\n  155    0 1.0000000000 -6.6926837720e+00 -6.7056602415e+00\n  156    0 1.0000000000 -6.6836680227e+00 -6.6949423270e+00\n  157    0 1.0000000000 -6.6745060377e+00 -6.6843066139e+00\n  158    0 1.0000000000 -6.6651984910e+00 -6.6737638113e+00\n  159    0 1.0000000000 -6.6557460663e+00 -6.6633245351e+00\n  160    0 1.0000000000 -6.6461494567e+00 -6.6529992966e+00\n  161    0 1.0000000000 -6.6364093641e+00 -6.6427984925e+00\n  162    0 1.0000000000 -6.6265264997e+00 -6.6327323942e+00\n  163    0 1.0000000000 -6.6165015836e+00 -6.6228111374e+00\n  164    0 1.0000000000 -6.6063353449e+00 -6.6130447119e+00\n  165    0 1.0000000000 -6.5960285211e+00 -6.6034429517e+00\n  166    0 1.0000000000 -6.5855818584e+00 -6.5940155250e+00\n  167    0 1.0000000000 -6.5749961117e+00 -6.5847719243e+00\n  168    0 1.0000000000 -6.5642720439e+00 -6.5757214572e+00\n  169    0 1.0000000000 -6.5534104265e+00 -6.5668732368e+00\n  170    0 1.0000000000 -6.5424120388e+00 -6.5582361724e+00\n  171    0 1.0000000000 -6.5312776682e+00 -6.5498189609e+00\n  172    0 1.0000000000 -6.5200081102e+00 -6.5416300776e+00\n  173    0 1.0000000000 -6.5086041675e+00 -6.5336777681e+00\n  174    0 1.0000000000 -6.4970666511e+00 -6.5259700397e+00\n  175    0 1.0000000000 -6.4853963789e+00 -6.5185146534e+00\n  176    0 1.0000000000 -6.4735941764e+00 -6.5113191162e+00\n  177    0 1.0000000000 -6.4616608765e+00 -6.5043906733e+00\n  178    0 1.0000000000 -6.4495973190e+00 -6.4977363011e+00\n  179    0 1.0000000000 -6.4374043506e+00 -6.4913627000e+00\n  180    0 1.0000000000 -6.4250828251e+00 -6.4852762877e+00\n  181    0 1.0000000000 -6.4126336029e+00 -6.4794831926e+00\n  182    0 1.0000000000 -6.4000575510e+00 -6.4739892480e+00\n  183    0 1.0000000000 -6.3873555428e+00 -6.4687999857e+00\n  184    0 1.0000000000 -6.3745284581e+00 -6.4639206309e+00\n  185    0 1.0000000000 -6.3615771830e+00 -6.4593560968e+00\n  186    0 1.0000000000 -6.3485026094e+00 -6.4551109793e+00\n  187    0 1.0000000000 -6.3353056354e+00 -6.4511895530e+00\n  188    0 1.0000000000 -6.3219871648e+00 -6.4475957664e+00\n  189    0 1.0000000000 -6.3085481070e+00 -6.4443332382e+00\n  190    0 1.0000000000 -6.2949893771e+00 -6.4414052535e+00\n  191    0 1.0000000000 -6.2813118955e+00 -6.4388147604e+00\n  192    0 1.0000000000 -6.2675165880e+00 -6.4365643674e+00\n  193    0 1.0000000000 -6.2536043855e+00 -6.4346563404e+00\n  194    0 1.0000000000 -6.2395762241e+00 -6.4330926008e+00\n  195    0 1.0000000000 -6.2254330452e+00 -6.4318747229e+00\n  196    0 1.0000000000 -6.2111757962e+00 -6.4310039331e+00\n  197    0 1.0000000000 -6.1968054375e+00 -6.4304811083e+00\n  198    0 1.0000000000 -6.1823573917e+00 -6.4303067749e+00\n  199    0 1.0000000000 -6.2113210831e+00 -6.4306554477e+00\n  200    0 1.0000000000 -6.2401661739e+00 -6.4317011855e+00\n  201    0 1.0000000000 -6.2688528372e+00 -6.4334431467e+00\n  202    0 1.0000000000 -6.2973777055e+00 -6.4358799287e+00\n  203    0 1.0000000000 -6.3257374110e+00 -6.4390095675e+00\n  204    0 1.0000000000 -6.3539285836e+00 -6.4428295383e+00\n  205    0 1.0000000000 -6.3819478507e+00 -6.4473367552e+00\n  206    0 1.0000000000 -6.4097918384e+00 -6.4525275711e+00\n  207    0 1.0000000000 -6.4374571719e+00 -6.4583977782e+00\n  208    0 1.0000000000 -6.4649404765e+00 -6.4649426078e+00\n  209    0 1.0000000000 -6.4922383780e+00 -6.4721567304e+00\n  210    0 1.0000000000 -6.5193475043e+00 -6.4800342566e+00\n  211    0 1.0000000000 -6.5462644853e+00 -6.4885687367e+00\n  212    0 1.0000000000 -6.5729859542e+00 -6.4977531618e+00\n  213    0 1.0000000000 -6.5995085486e+00 -6.5075799644e+00\n  214    0 1.0000000000 -6.6258289106e+00 -6.5180410188e+00\n  215    0 1.0000000000 -6.6519436883e+00 -6.5291276428e+00\n  216    0 1.0000000000 -6.6778495366e+00 -6.5408305986e+00\n  217    0 1.0000000000 -6.7035431175e+00 -6.5531400944e+00\n  218    0 1.0000000000 -6.7290211017e+00 -6.5660457863e+00\n  219    0 1.0000000000 -6.7542801690e+00 -6.5795367804e+00\n  220    0 1.0000000000 -6.7793170095e+00 -6.5936016354e+00\n  221    0 1.0000000000 -6.8041283242e+00 -6.6082283654e+00\n  222    0 1.0000000000 -6.8287108261e+00 -6.6234044432e+00\n  223    0 1.0000000000 -6.8530612408e+00 -6.6391168043e+00\n  224    0 1.0000000000 -6.8771763081e+00 -6.6553518505e+00\n  225    0 1.0000000000 -6.9010527820e+00 -6.6720954556e+00\n  226    0 1.0000000000 -6.9246874323e+00 -6.6893329696e+00\n  227    0 1.0000000000 -6.9480770451e+00 -6.7070492255e+00\n  228    0 1.0000000000 -6.9712184241e+00 -6.7252285452e+00\n  229    0 1.0000000000 -6.9941083912e+00 -6.7438547467e+00\n  230    0 1.0000000000 -7.0167437874e+00 -6.7629111520e+00\n  231    0 1.0000000000 -7.0391214740e+00 -6.7823805953e+00\n  232    0 1.0000000000 -7.0612383335e+00 -6.8022454323e+00\n  233    0 1.0000000000 -7.0830912702e+00 -6.8224875500e+00\n  234    0 1.0000000000 -7.1046772113e+00 -6.8430883775e+00\n  235    0 1.0000000000 -7.1259931080e+00 -6.8640288970e+00\n  236    0 1.0000000000 -7.1470359364e+00 -6.8852896566e+00\n  237    0 1.0000000000 -7.1678026979e+00 -6.9068507826e+00\n  238    0 1.0000000000 -7.1882904209e+00 -6.9286919942e+00\n  239    0 1.0000000000 -7.2084961613e+00 -6.9507926171e+00\n  240    0 1.0000000000 -7.2284170032e+00 -6.9731316001e+00\n  241    0 1.0000000000 -7.2480500603e+00 -6.9956875306e+00\n  242    0 1.0000000000 -7.2673924767e+00 -7.0184386523e+00\n  243    0 1.0000000000 -7.2864414273e+00 -7.0413628831e+00\n  244    0 1.0000000000 -7.3051941195e+00 -7.0644378339e+00\n  245    0 1.0000000000 -7.3236477935e+00 -7.0876408288e+00\n  246    0 1.0000000000 -7.3417997234e+00 -7.1109489249e+00\n  247    0 1.0000000000 -7.3596472181e+00 -7.1343389346e+00\n  248    0 1.0000000000 -7.3771876221e+00 -7.1577874469e+00\n  249    0 1.0000000000 -7.3944183163e+00 -7.1812708513e+00\n  250    0 1.0000000000 -7.4113367193e+00 -7.2047653610e+00\n  251    0 1.0000000000 -7.4279402877e+00 -7.2282470374e+00\n  252    0 1.0000000000 -7.4442265173e+00 -7.2516918159e+00\n  253    0 1.0000000000 -7.4601929436e+00 -7.2750755310e+00\n  254    0 1.0000000000 -7.4758371431e+00 -7.2983739437e+00\n  255    0 1.0000000000 -7.4911567338e+00 -7.3215627680e+00\n  256    0 1.0000000000 -7.5061493761e+00 -7.3446176992e+00\n  257    0 1.0000000000 -7.5208127734e+00 -7.3675144419e+00\n  258    0 1.0000000000 -7.5351446734e+00 -7.3902287390e+00\n  259    0 1.0000000000 -7.5491428681e+00 -7.4127364010e+00\n  260    0 1.0000000000 -7.5628051953e+00 -7.4350133353e+00\n  261    0 1.0000000000 -7.5761295391e+00 -7.4570355767e+00\n  262    0 1.0000000000 -7.5891138304e+00 -7.4787793174e+00\n  263    0 1.0000000000 -7.6017560479e+00 -7.5002209376e+00\n  264    0 1.0000000000 -7.6140542186e+00 -7.5213370365e+00\n  265    0 1.0000000000 -7.6260064187e+00 -7.5421044625e+00\n  266    0 1.0000000000 -7.6376107743e+00 -7.5625003449e+00\n  267    0 1.0000000000 -7.6488654618e+00 -7.5825021244e+00\n  268    0 1.0000000000 -7.6597687087e+00 -7.6020875838e+00\n  269    0 1.0000000000 -7.6703187943e+00 -7.6212348793e+00\n  270    0 1.0000000000 -7.6805140502e+00 -7.6399225704e+00\n  271    0 1.0000000000 -7.6903528609e+00 -7.6581296507e+00\n  272    0 1.0000000000 -7.6998336646e+00 -7.6758355775e+00\n  273    0 1.0000000000 -7.7089549534e+00 -7.6930203016e+00\n  274    0 1.0000000000 -7.7177152741e+00 -7.7096642963e+00\n  275    0 1.0000000000 -7.7261132287e+00 -7.7257485863e+00\n  276    0 1.0000000000 -7.7341474748e+00 -7.7412547753e+00\n  277    0 1.0000000000 -7.7418167262e+00 -7.7561650736e+00\n  278    0 1.0000000000 -7.7491197533e+00 -7.7704623250e+00\n  279    0 1.0000000000 -7.7560553836e+00 -7.7841300321e+00\n  280    0 1.0000000000 -7.7626225020e+00 -7.7971523821e+00\n  281    0 1.0000000000 -7.7688200515e+00 -7.8095142704e+00\n  282    0 1.0000000000 -7.7746470332e+00 -7.8212013243e+00\n  283    0 1.0000000000 -7.7801025070e+00 -7.8321999246e+00\n  284    0 1.0000000000 -7.7851855918e+00 -7.8424972276e+00\n  285    0 1.0000000000 -7.7898954658e+00 -7.8520811844e+00\n  286    0 1.0000000000 -7.7942313668e+00 -7.8609405602e+00\n  287    0 1.0000000000 -7.7981925926e+00 -7.8690649518e+00\n  288    0 1.0000000000 -7.8017785012e+00 -7.8764448045e+00\n  289    0 1.0000000000 -7.8049885111e+00 -7.8830714264e+00\n  290    0 1.0000000000 -7.8078221011e+00 -7.8889370031e+00\n  291    0 1.0000000000 -7.8102788112e+00 -7.8940346096e+00\n  292    0 1.0000000000 -7.8123582422e+00 -7.8983582216e+00\n  293    0 1.0000000000 -7.8140600562e+00 -7.9019027253e+00\n  294    0 1.0000000000 -7.8153839764e+00 -7.9046639251e+00\n  295    0 1.0000000000 -7.8163297876e+00 -7.9066385511e+00\n  296    0 1.0000000000 -7.8168973359e+00 -7.9078242635e+00\n  297    0 1.0000000000 -7.8170865289e+00 -7.9082196572e+00\n