SINGLE-ORBITAL NN+NNN EFFECTIVE MODEL FIT

m=2
eon=0.0
t0=1.0
l_decay=0.5
dl=3.5
pairing=./m=2/pairing.txt
microscopic_orbitals=10

E_eff(k) = eps0 + 2*t1[cos(k.u1)+cos(k.u2)] + 4*t2*cos(k.u1)*cos(k.u2)

eps0     = -3.53224813017561e+00
t1       = -8.64784871023645e-01
t2       = -1.65032143582643e-01

RMSE=3.70521001465184e-01
MAE=3.16741694420108e-01
max_abs_error=7.53631876755909e-01
optimizer_success=True
optimizer_message=Linear least-squares solution
minimum_tracking_continuity=1.0000000000
mean_tracking_continuity=1.0000000000

# k_index idx continuity target fit\n    0    0 1.0000000000 -7.3106981044e+00 -7.6515161886e+00\n    1    0 1.0000000000 -7.3099011648e+00 -7.6503130768e+00\n    2    0 1.0000000000 -7.3075108184e+00 -7.6467049528e+00\n    3    0 1.0000000000 -7.3035284824e+00 -7.6406954496e+00\n    4    0 1.0000000000 -7.2979565173e+00 -7.6322906184e+00\n    5    0 1.0000000000 -7.2907982240e+00 -7.6214989220e+00\n    6    0 1.0000000000 -7.2820578412e+00 -7.6083312269e+00\n    7    0 1.0000000000 -7.2717405401e+00 -7.5928007917e+00\n    8    0 1.0000000000 -7.2598524199e+00 -7.5749232543e+00\n    9    0 1.0000000000 -7.2464005009e+00 -7.5547166158e+00\n   10    0 1.0000000000 -7.2313927176e+00 -7.5322012227e+00\n   11    0 1.0000000000 -7.2148379107e+00 -7.5073997460e+00\n   12    0 1.0000000000 -7.1967458174e+00 -7.4803371587e+00\n   13    0 1.0000000000 -7.1771270622e+00 -7.4510407106e+00\n   14    0 1.0000000000 -7.1559931452e+00 -7.4195399006e+00\n   15    0 1.0000000000 -7.1333564312e+00 -7.3858664474e+00\n   16    0 1.0000000000 -7.1092301361e+00 -7.3500542574e+00\n   17    0 1.0000000000 -7.0836283142e+00 -7.3121393903e+00\n   18    0 1.0000000000 -7.0565658435e+00 -7.2721600233e+00\n   19    0 1.0000000000 -7.0280584104e+00 -7.2301564121e+00\n   20    0 1.0000000000 -6.9981224942e+00 -7.1861708509e+00\n   21    0 1.0000000000 -6.9667753500e+00 -7.1402476293e+00\n   22    0 1.0000000000 -6.9340349914e+00 -7.0924329882e+00\n   23    0 1.0000000000 -6.8999201723e+00 -7.0427750729e+00\n   24    0 1.0000000000 -6.8644503677e+00 -6.9913238846e+00\n   25    0 1.0000000000 -6.8276457547e+00 -6.9381312304e+00\n   26    0 1.0000000000 -6.7895271917e+00 -6.8832506707e+00\n   27    0 1.0000000000 -6.7501161977e+00 -6.8267374656e+00\n   28    0 1.0000000000 -6.7094349310e+00 -6.7686485191e+00\n   29    0 1.0000000000 -6.6675061670e+00 -6.7090423220e+00\n   30    0 1.0000000000 -6.6243532754e+00 -6.6479788924e+00\n   31    0 1.0000000000 -6.5800001977e+00 -6.5855197163e+00\n   32    0 1.0000000000 -6.5344714230e+00 -6.5217276845e+00\n   33    0 1.0000000000 -6.4877919643e+00 -6.4566670304e+00\n   34    0 1.0000000000 -6.4399873339e+00 -6.3904032645e+00\n   35    0 1.0000000000 -6.3910835188e+00 -6.3230031087e+00\n   36    0 1.0000000000 -6.3411069552e+00 -6.2545344294e+00\n   37    0 1.0000000000 -6.2900845032e+00 -6.1850661686e+00\n   38    0 1.0000000000 -6.2380434210e+00 -6.1146682751e+00\n   39    0 1.0000000000 -6.1850113388e+00 -6.0434116335e+00\n   40    0 1.0000000000 -6.1310162326e+00 -5.9713679932e+00\n   41    0 1.0000000000 -6.0760863978e+00 -5.8986098962e+00\n   42    0 1.0000000000 -6.0202504223e+00 -5.8252106035e+00\n   43    0 1.0000000000 -5.9635371605e+00 -5.7512440221e+00\n   44    0 1.0000000000 -5.9059757059e+00 -5.6767846300e+00\n   45    0 1.0000000000 -5.8475953647e+00 -5.6019074016e+00\n   46    0 1.0000000000 -5.7884256285e+00 -5.5266877319e+00\n   47    0 1.0000000000 -5.7284961485e+00 -5.4512013607e+00\n   48    0 1.0000000000 -5.6678367078e+00 -5.3755242964e+00\n   49    0 1.0000000000 -5.6064771955e+00 -5.2997327393e+00\n   50    0 1.0000000000 -5.5444475798e+00 -5.2239030052e+00\n   51    0 1.0000000000 -5.4817778824e+00 -5.1481114481e+00\n   52    0 1.0000000000 -5.4184981516e+00 -5.0724343837e+00\n   53    0 1.0000000000 -5.3546384375e+00 -4.9969480125e+00\n   54    0 1.0000000000 -5.2902287657e+00 -4.9217283428e+00\n   55    0 1.0000000000 -5.2252991125e+00 -4.8468511144e+00\n   56    0 1.0000000000 -5.1598793801e+00 -4.7723917224e+00\n   57    0 1.0000000000 -5.0939993723e+00 -4.6984251410e+00\n   58    0 1.0000000000 -5.0276887702e+00 -4.6250258483e+00\n   59    0 1.0000000000 -4.9609771088e+00 -4.5522677512e+00\n   60    0 1.0000000000 -4.8938937542e+00 -4.4802241109e+00\n   61    0 1.0000000000 -4.8264678808e+00 -4.4089674693e+00\n   62    0 1.0000000000 -4.7587284496e+00 -4.3385695758e+00\n   63    0 1.0000000000 -4.6907041869e+00 -4.2691013151e+00\n   64    0 1.0000000000 -4.6224235634e+00 -4.2006326357e+00\n   65    0 1.0000000000 -4.5539147746e+00 -4.1332324800e+00\n   66    0 1.0000000000 -4.4852057211e+00 -4.0669687140e+00\n   67    0 1.0000000000 -4.4163239907e+00 -4.0019080599e+00\n   68    0 1.0000000000 -4.3472968402e+00 -3.9381160282e+00\n   69    0 1.0000000000 -4.2781511790e+00 -3.8756568520e+00\n   70    0 1.0000000000 -4.2089135533e+00 -3.8145934225e+00\n   71    0 1.0000000000 -4.1396101313e+00 -3.7549872253e+00\n   72    0 1.0000000000 -4.0702666895e+00 -3.6968982789e+00\n   73    0 1.0000000000 -4.0009086008e+00 -3.6403850738e+00\n   74    0 1.0000000000 -3.9315608230e+00 -3.5855045141e+00\n   75    0 1.0000000000 -3.8622478902e+00 -3.5323118599e+00\n   76    0 1.0000000000 -3.7929939051e+00 -3.4808606716e+00\n   77    0 1.0000000000 -3.7238225343e+00 -3.4312027562e+00\n   78    0 1.0000000000 -3.6547570058e+00 -3.3833881151e+00\n   79    0 1.0000000000 -3.5858201108e+00 -3.3374648936e+00\n   80    0 1.0000000000 -3.5170342092e+00 -3.2934793323e+00\n   81    0 1.0000000000 -3.4484212419e+00 -3.2514757212e+00\n   82    0 1.0000000000 -3.3800027508e+00 -3.2114963541e+00\n   83    0 1.0000000000 -3.3117999100e+00 -3.1735814871e+00\n   84    0 1.0000000000 -3.2438335740e+00 -3.1377692970e+00\n   85    0 1.0000000000 -3.1761243494e+00 -3.1040958439e+00\n   86    0 1.0000000000 -3.1086927027e+00 -3.0725950339e+00\n   87    0 1.0000000000 -3.0415591265e+00 -3.0432985857e+00\n   88    0 1.0000000000 -2.9747443970e+00 -3.0162359984e+00\n   89    0 1.0000000000 -2.9082699903e+00 -2.9914345217e+00\n   90    0 1.0000000000 -2.8421587743e+00 -2.9689191286e+00\n   91    0 1.0000000000 -2.7764362198e+00 -2.9487124902e+00\n   92    0 1.0000000000 -2.7111326396e+00 -2.9308349528e+00\n   93    0 1.0000000000 -2.6462876361e+00 -2.9153045176e+00\n   94    0 1.0000000000 -2.5819597888e+00 -2.9021368224e+00\n   95    0 1.0000000000 -2.5182504723e+00 -2.8913451261e+00\n   96    0 1.0000000000 -2.4553732302e+00 -2.8829402948e+00\n   97    0 1.0000000000 -2.3939142557e+00 -2.8769307917e+00\n   98    0 1.0000000000 -2.3363255749e+00 -2.8733226677e+00\n   99    0 1.0000000000 -2.3019658756e+00 -2.8721195558e+00\n  100    0 1.0000000000 -2.3016645318e+00 -2.8715811375e+00\n  101    0 1.0000000000 -2.3007606448e+00 -2.8699664248e+00\n  102    0 1.0000000000 -2.2992546477e+00 -2.8672770434e+00\n  103    0 1.0000000000 -2.2971472620e+00 -2.8635157015e+00\n  104    0 1.0000000000 -2.2944394965e+00 -2.8586861863e+00\n  105    0 1.0000000000 -2.2911326471e+00 -2.8527933607e+00\n  106    0 1.0000000000 -2.2872282949e+00 -2.8458431584e+00\n  107    0 1.0000000000 -2.2827283051e+00 -2.8378425776e+00\n  108    0 1.0000000000 -2.2776348252e+00 -2.8287996742e+00\n  109    0 1.0000000000 -2.2719502830e+00 -2.8187235537e+00\n  110    0 1.0000000000 -2.2656773844e+00 -2.8076243618e+00\n  111    0 1.0000000000 -2.2588191107e+00 -2.7955132745e+00\n  112    0 1.0000000000 -2.2513787162e+00 -2.7824024866e+00\n  113    0 1.0000000000 -2.2433597250e+00 -2.7683051996e+00\n  114    0 1.0000000000 -2.2347659276e+00 -2.7532356082e+00\n  115    0 1.0000000000 -2.2256013779e+00 -2.7372088864e+00\n  116    0 1.0000000000 -2.2158703887e+00 -2.7202411715e+00\n  117    0 1.0000000000 -2.2055775288e+00 -2.7023495486e+00\n  118    0 1.0000000000 -2.1947276177e+00 -2.6835520332e+00\n  119    0 1.0000000000 -2.1833257221e+00 -2.6638675527e+00\n  120    0 1.0000000000 -2.1713771508e+00 -2.6433159277e+00\n  121    0 1.0000000000 -2.1588874500e+00 -2.6219178519e+00\n  122    0 1.0000000000 -2.1458623985e+00 -2.5996948714e+00\n  123    0 1.0000000000 -2.1323080019e+00 -2.5766693630e+00\n  124    0 1.0000000000 -2.1182304879e+00 -2.5528645112e+00\n  125    0 1.0000000000 -2.1036363003e+00 -2.5283042855e+00\n  126    0 1.0000000000 -2.0885320932e+00 -2.5030134161e+00\n  127    0 1.0000000000 -2.0729247252e+00 -2.4770173687e+00\n  128    0 1.0000000000 -2.0568212536e+00 -2.4503423191e+00\n  129    0 1.0000000000 -2.0402289274e+00 -2.4230151268e+00\n  130    0 1.0000000000 -2.0231551816e+00 -2.3950633081e+00\n  131    0 1.0000000000 -2.0056076306e+00 -2.3665150079e+00\n  132    0 1.0000000000 -1.9875940613e+00 -2.3373989720e+00\n  133    0 1.0000000000 -1.9691224263e+00 -2.3077445178e+00\n  134    0 1.0000000000 -1.9502008374e+00 -2.2775815049e+00\n  135    0 1.0000000000 -1.9308375586e+00 -2.2469403047e+00\n  136    0 1.0000000000 -1.9110409987e+00 -2.2158517705e+00\n  137    0 1.0000000000 -1.8908197044e+00 -2.1843472057e+00\n  138    0 1.0000000000 -1.8701823534e+00 -2.1524583327e+00\n  139    0 1.0000000000 -1.8491377467e+00 -2.1202172610e+00\n  140    0 1.0000000000 -1.8276948016e+00 -2.0876564546e+00\n  141    0 1.0000000000 -1.8058625443e+00 -2.0548086994e+00\n  142    0 1.0000000000 -1.7836501026e+00 -2.0217070704e+00\n  143    0 1.0000000000 -1.7610666987e+00 -1.9883848980e+00\n  144    0 1.0000000000 -1.7381216415e+00 -1.9548757350e+00\n  145    0 1.0000000000 -1.7148243196e+00 -1.9212133221e+00\n  146    0 1.0000000000 -1.6911841939e+00 -1.8874315545e+00\n  147    0 1.0000000000 -1.6672107903e+00 -1.8535644477e+00\n  148    0 1.0000000000 -1.6429136922e+00 -1.8196461030e+00\n  149    0 1.0000000000 -1.6183025340e+00 -1.7857106732e+00\n  150    0 1.0000000000 -1.5933869932e+00 -1.7517923285e+00\n  151    0 1.0000000000 -1.5681767837e+00 -1.7179252217e+00\n  152    0 1.0000000000 -1.5426816492e+00 -1.6841434542e+00\n  153    0 1.0000000000 -1.5169113556e+00 -1.6504810413e+00\n  154    0 1.0000000000 -1.4908756848e+00 -1.6169718782e+00\n  155    0 1.0000000000 -1.4645844278e+00 -1.5836497059e+00\n  156    0 1.0000000000 -1.4380473783e+00 -1.5505480768e+00\n  157    0 1.0000000000 -1.4112743265e+00 -1.5177003216e+00\n  158    0 1.0000000000 -1.3842750523e+00 -1.4851395152e+00\n  159    0 1.0000000000 -1.3570593201e+00 -1.4528984435e+00\n  160    0 1.0000000000 -1.3296368720e+00 -1.4210095706e+00\n  161    0 1.0000000000 -1.3020174231e+00 -1.3895050058e+00\n  162    0 1.0000000000 -1.2742106552e+00 -1.3584164715e+00\n  163    0 1.0000000000 -1.2462262119e+00 -1.3277752714e+00\n  164    0 1.0000000000 -1.2180736936e+00 -1.2976122584e+00\n  165    0 1.0000000000 -1.1897626528e+00 -1.2679578043e+00\n  166    0 1.0000000000 -1.1613025896e+00 -1.2388417684e+00\n  167    0 1.0000000000 -1.1327029475e+00 -1.2102934682e+00\n  168    0 1.0000000000 -1.1039731095e+00 -1.1823416494e+00\n  169    0 1.0000000000 -1.0751223953e+00 -1.1550144571e+00\n  170    0 1.0000000000 -1.0461600578e+00 -1.1283394075e+00\n  171    0 1.0000000000 -1.0170952807e+00 -1.1023433601e+00\n  172    0 1.0000000000 -9.8793717723e-01 -1.0770524907e+00\n  173    0 1.0000000000 -9.5869478854e-01 -1.0524922651e+00\n  174    0 1.0000000000 -9.2937708367e-01 -1.0286874133e+00\n  175    0 1.0000000000 -8.9999296026e-01 -1.0056619048e+00\n  176    0 1.0000000000 -8.7055124654e-01 -9.8343892436e-01\n  177    0 1.0000000000 -8.4106070475e-01 -9.6204084860e-01\n  178    0 1.0000000000 -8.1153003656e-01 -9.4148922359e-01\n  179    0 1.0000000000 -7.8196789080e-01 -9.2180474306e-01\n  180    0 1.0000000000 -7.5238287420e-01 -9.0300722763e-01\n  181    0 1.0000000000 -7.2278356613e-01 -8.8511560480e-01\n  182    0 1.0000000000 -6.9317853851e-01 -8.6814788991e-01\n  183    0 1.0000000000 -6.6357638268e-01 -8.5212116801e-01\n  184    0 1.0000000000 -6.3398574560e-01 -8.3705157666e-01\n  185    0 1.0000000000 -6.0441537914e-01 -8.2295428966e-01\n  186    0 1.0000000000 -5.7487420769e-01 -8.0984350177e-01\n  187    0 1.0000000000 -5.4537142236e-01 -7.9773241446e-01\n  188    0 1.0000000000 -5.1591661502e-01 -7.8663322256e-01\n  189    0 1.0000000000 -4.8651997434e-01 -7.7655710201e-01\n  190    0 1.0000000000 -4.5719258391e-01 -7.6751419862e-01\n  191    0 1.0000000000 -4.2794690056e-01 -7.5951361782e-01\n  192    0 1.0000000000 -3.9879758276e-01 -7.5256341551e-01\n  193    0 1.0000000000 -3.6976308810e-01 -7.4667058997e-01\n  194    0 1.0000000000 -3.4086925455e-01 -7.4184107477e-01\n  195    0 1.0000000000 -3.1215920372e-01 -7.3807973282e-01\n  196    0 1.0000000000 -2.8373052950e-01 -7.3539035148e-01\n  197    0 1.0000000000 -2.5597251211e-01 -7.3377563871e-01\n  198    0 1.0000000000 -2.3545586253e-01 -7.3323722041e-01\n  199    0 1.0000000000 -2.7764158761e-01 -7.3431422434e-01\n  200    0 1.0000000000 -3.3417941599e-01 -7.3754615835e-01\n  201    0 1.0000000000 -3.9252500116e-01 -7.4293578017e-01\n  202    0 1.0000000000 -4.5216377604e-01 -7.5048765598e-01\n  203    0 1.0000000000 -5.1299697569e-01 -7.6020811562e-01\n  204    0 1.0000000000 -5.7499423645e-01 -7.7210519011e-01\n  205    0 1.0000000000 -6.3814405040e-01 -7.8618853179e-01\n  206    0 1.0000000000 -7.0244145196e-01 -8.0246931750e-01\n  207    0 1.0000000000 -7.6788391001e-01 -8.2096013524e-01\n  208    0 1.0000000000 -8.3446966343e-01 -8.4167485479e-01\n  209    0 1.0000000000 -9.0219693952e-01 -8.6462848292e-01\n  210    0 1.0000000000 -9.7106353790e-01 -8.8983700386e-01\n  211    0 1.0000000000 -1.0410665820e+00 -9.1731720579e-01\n  212    0 1.0000000000 -1.1122023538e+00 -9.4708649410e-01\n  213    0 1.0000000000 -1.1844661722e+00 -9.7916269241e-01\n  214    0 1.0000000000 -1.2578522963e+00 -1.0135638321e+00\n  215    0 1.0000000000 -1.3323538425e+00 -1.0503079316e+00\n  216    0 1.0000000000 -1.4079627105e+00 -1.0894127659e+00\n  217    0 1.0000000000 -1.4846695152e+00 -1.1308956287e+00\n  218    0 1.0000000000 -1.5624635212e+00 -1.1747730862e+00\n  219    0 1.0000000000 -1.6413325815e+00 -1.2210607257e+00\n  220    0 1.0000000000 -1.7212630772e+00 -1.2697728996e+00\n  221    0 1.0000000000 -1.8022398595e+00 -1.3209224648e+00\n  222    0 1.0000000000 -1.8842461936e+00 -1.3745205213e+00\n  223    0 1.0000000000 -1.9672637036e+00 -1.4305761481e+00\n  224    0 1.0000000000 -2.0512723205e+00 -1.4890961410e+00\n  225    0 1.0000000000 -2.1362502306e+00 -1.5500847503e+00\n  226    0 1.0000000000 -2.2221738277e+00 -1.6135434229e+00\n  227    0 1.0000000000 -2.3090176662e+00 -1.6794705472e+00\n  228    0 1.0000000000 -2.3967544174e+00 -1.7478612043e+00\n  229    0 1.0000000000 -2.4853548293e+00 -1.8187069249e+00\n  230    0 1.0000000000 -2.5747876879e+00 -1.8919954554e+00\n  231    0 1.0000000000 -2.6650197834e+00 -1.9677105317e+00\n  232    0 1.0000000000 -2.7560158792e+00 -2.0458316644e+00\n  233    0 1.0000000000 -2.8477386845e+00 -2.1263339344e+00\n  234    0 1.0000000000 -2.9401488318e+00 -2.2091878022e+00\n  235    0 1.0000000000 -3.0332048584e+00 -2.2943589298e+00\n  236    0 1.0000000000 -3.1268631920e+00 -2.3818080176e+00\n  237    0 1.0000000000 -3.2210781422e+00 -2.4714906571e+00\n  238    0 1.0000000000 -3.3158018961e+00 -2.5633571997e+00\n  239    0 1.0000000000 -3.4109845200e+00 -2.6573526432e+00\n  240    0 1.0000000000 -3.5065739661e+00 -2.7534165360e+00\n  241    0 1.0000000000 -3.6025160853e+00 -2.8514829003e+00\n  242    0 1.0000000000 -3.6987546455e+00 -2.9514801746e+00\n  243    0 1.0000000000 -3.7952313564e+00 -3.0533311767e+00\n  244    0 1.0000000000 -3.8918859002e+00 -3.1569530864e+00\n  245    0 1.0000000000 -3.9886559692e+00 -3.2622574496e+00\n  246    0 1.0000000000 -4.0854773088e+00 -3.3691502031e+00\n  247    0 1.0000000000 -4.1822837681e+00 -3.4775317216e+00\n  248    0 1.0000000000 -4.2790073565e+00 -3.5872968855e+00\n  249    0 1.0000000000 -4.3755783073e+00 -3.6983351706e+00\n  250    0 1.0000000000 -4.4719251473e+00 -3.8105307593e+00\n  251    0 1.0000000000 -4.5679747737e+00 -3.9237626737e+00\n  252    0 1.0000000000 -4.6636525372e+00 -4.0379049292e+00\n  253    0 1.0000000000 -4.7588823314e+00 -4.1528267100e+00\n  254    0 1.0000000000 -4.8535866894e+00 -4.2683925645e+00\n  255    0 1.0000000000 -4.9476868854e+00 -4.3844626211e+00\n  256    0 1.0000000000 -5.0411030436e+00 -4.5008928241e+00\n  257    0 1.0000000000 -5.1337542520e+00 -4.6175351876e+00\n  258    0 1.0000000000 -5.2255586829e+00 -4.7342380688e+00\n  259    0 1.0000000000 -5.3164337178e+00 -4.8508464584e+00\n  260    0 1.0000000000 -5.4062960786e+00 -4.9672022873e+00\n  261    0 1.0000000000 -5.4950619623e+00 -5.0831447498e+00\n  262    0 1.0000000000 -5.5826471818e+00 -5.1985106409e+00\n  263    0 1.0000000000 -5.6689673100e+00 -5.3131347083e+00\n  264    0 1.0000000000 -5.7539378279e+00 -5.4268500158e+00\n  265    0 1.0000000000 -5.8374742761e+00 -5.5394883194e+00\n  266    0 1.0000000000 -5.9194924099e+00 -5.6508804528e+00\n  267    0 1.0000000000 -5.9999083565e+00 -5.7608567221e+00\n  268    0 1.0000000000 -6.0786387746e+00 -5.8692473087e+00\n  269    0 1.0000000000 -6.1556010158e+00 -5.9758826780e+00\n  270    0 1.0000000000 -6.2307132871e+00 -6.0805939931e+00\n  271    0 1.0000000000 -6.3038948146e+00 -6.1832135327e+00\n  272    0 1.0000000000 -6.3750660069e+00 -6.2835751105e+00\n  273    0 1.0000000000 -6.4441486189e+00 -6.3815144957e+00\n  274    0 1.0000000000 -6.5110659142e+00 -6.4768698327e+00\n  275    0 1.0000000000 -6.5757428275e+00 -6.5694820591e+00\n  276    0 1.0000000000 -6.6381061235e+00 -6.6591953190e+00\n  277    0 1.0000000000 -6.6980845553e+00 -6.7458573726e+00\n  278    0 1.0000000000 -6.7556090190e+00 -6.8293199986e+00\n  279    0 1.0000000000 -6.8106127051e+00 -6.9094393890e+00\n  280    0 1.0000000000 -6.8630312470e+00 -6.9860765344e+00\n  281    0 1.0000000000 -6.9128028639e+00 -7.0590975989e+00\n  282    0 1.0000000000 -6.9598685002e+00 -7.1283742830e+00\n  283    0 1.0000000000 -7.0041719591e+00 -7.1937841737e+00\n  284    0 1.0000000000 -7.0456600308e+00 -7.2552110794e+00\n  285    0 1.0000000000 -7.0842826142e+00 -7.3125453496e+00\n  286    0 1.0000000000 -7.1199928327e+00 -7.3656841779e+00\n  287    0 1.0000000000 -7.1527471431e+00 -7.4145318869e+00\n  288    0 1.0000000000 -7.1825054363e+00 -7.4590001947e+00\n  289    0 1.0000000000 -7.2092311319e+00 -7.4990084607e+00\n  290    0 1.0000000000 -7.2328912635e+00 -7.5344839113e+00\n  291    0 1.0000000000 -7.2534565569e+00 -7.5653618446e+00\n  292    0 1.0000000000 -7.2709014986e+00 -7.5915858115e+00\n  293    0 1.0000000000 -7.2852043969e+00 -7.6131077750e+00\n  294    0 1.0000000000 -7.2963474333e+00 -7.6298882455e+00\n  295    0 1.0000000000 -7.3043167043e+00 -7.6418963927e+00\n  296    0 1.0000000000 -7.3091022555e+00 -7.6491101323e+00\n  297    0 1.0000000000 -7.3106981044e+00 -7.6515161886e+00\n