SINGLE-ORBITAL NN+NNN EFFECTIVE MODEL FIT

m=3
eon=0.0
t0=1.0
l_decay=0.5
dl=3.5
pairing=./m=3/pairing.txt
microscopic_orbitals=20

E_eff(k) = eps0 + 2*t1[cos(k.u1)+cos(k.u2)] + 4*t2*cos(k.u1)*cos(k.u2)

eps0     = -4.96723572779033e+00
t1       = -6.10959148702521e-01
t2       = -7.09143489498495e-02

RMSE=3.25424592212536e-01
MAE=2.73090276136194e-01
max_abs_error=6.84747551321235e-01
optimizer_success=True
optimizer_message=Linear least-squares solution
minimum_tracking_continuity=1.0000000000
mean_tracking_continuity=1.0000000000

# k_index idx continuity target fit\n    0    0 1.0000000000 -7.4160052561e+00 -7.6947297184e+00\n    1    0 1.0000000000 -7.4155736761e+00 -7.6939717248e+00\n    2    0 1.0000000000 -7.4142790917e+00 -7.6916985074e+00\n    3    0 1.0000000000 -7.4121219705e+00 -7.6879123551e+00\n    4    0 1.0000000000 -7.4091030911e+00 -7.6826170802e+00\n    5    0 1.0000000000 -7.4052235427e+00 -7.6758180145e+00\n    6    0 1.0000000000 -7.4004847245e+00 -7.6675220043e+00\n    7    0 1.0000000000 -7.3948883444e+00 -7.6577374028e+00\n    8    0 1.0000000000 -7.3884364181e+00 -7.6464740623e+00\n    9    0 1.0000000000 -7.3811312673e+00 -7.6337433241e+00\n   10    0 1.0000000000 -7.3729755181e+00 -7.6195580069e+00\n   11    0 1.0000000000 -7.3639720992e+00 -7.6039323941e+00\n   12    0 1.0000000000 -7.3541242397e+00 -7.5868822195e+00\n   13    0 1.0000000000 -7.3434354667e+00 -7.5684246510e+00\n   14    0 1.0000000000 -7.3319096029e+00 -7.5485782740e+00\n   15    0 1.0000000000 -7.3195507637e+00 -7.5273630719e+00\n   16    0 1.0000000000 -7.3063633544e+00 -7.5048004068e+00\n   17    0 1.0000000000 -7.2923520666e+00 -7.4809129973e+00\n   18    0 1.0000000000 -7.2775218754e+00 -7.4557248960e+00\n   19    0 1.0000000000 -7.2618780355e+00 -7.4292614653e+00\n   20    0 1.0000000000 -7.2454260775e+00 -7.4015493514e+00\n   21    0 1.0000000000 -7.2281718040e+00 -7.3726164582e+00\n   22    0 1.0000000000 -7.2101212853e+00 -7.3424919187e+00\n   23    0 1.0000000000 -7.1912808552e+00 -7.3112060656e+00\n   24    0 1.0000000000 -7.1716571068e+00 -7.2787904013e+00\n   25    0 1.0000000000 -7.1512568872e+00 -7.2452775655e+00\n   26    0 1.0000000000 -7.1300872933e+00 -7.2107013028e+00\n   27    0 1.0000000000 -7.1081556664e+00 -7.1750964287e+00\n   28    0 1.0000000000 -7.0854695874e+00 -7.1384987940e+00\n   29    0 1.0000000000 -7.0620368712e+00 -7.1009452497e+00\n   30    0 1.0000000000 -7.0378655615e+00 -7.0624736089e+00\n   31    0 1.0000000000 -7.0129639251e+00 -7.0231226093e+00\n   32    0 1.0000000000 -6.9873404464e+00 -6.9829318741e+00\n   33    0 1.0000000000 -6.9610038214e+00 -6.9419418718e+00\n   34    0 1.0000000000 -6.9339629516e+00 -6.9001938760e+00\n   35    0 1.0000000000 -6.9062269384e+00 -6.8577299233e+00\n   36    0 1.0000000000 -6.8778050766e+00 -6.8145927714e+00\n   37    0 1.0000000000 -6.8487068484e+00 -6.7708258556e+00\n   38    0 1.0000000000 -6.8189419167e+00 -6.7264732457e+00\n   39    0 1.0000000000 -6.7885201190e+00 -6.6815796008e+00\n   40    0 1.0000000000 -6.7574514607e+00 -6.6361901251e+00\n   41    0 1.0000000000 -6.7257461084e+00 -6.5903505220e+00\n   42    0 1.0000000000 -6.6934143836e+00 -6.5441069480e+00\n   43    0 1.0000000000 -6.6604667559e+00 -6.4975059664e+00\n   44    0 1.0000000000 -6.6269138357e+00 -6.4505945007e+00\n   45    0 1.0000000000 -6.5927663681e+00 -6.4034197865e+00\n   46    0 1.0000000000 -6.5580352258e+00 -6.3560293248e+00\n   47    0 1.0000000000 -6.5227314019e+00 -6.3084708339e+00\n   48    0 1.0000000000 -6.4868660033e+00 -6.2607922011e+00\n   49    0 1.0000000000 -6.4504502439e+00 -6.2130414347e+00\n   50    0 1.0000000000 -6.4134954373e+00 -6.1652666157e+00\n   51    0 1.0000000000 -6.3760129900e+00 -6.1175158493e+00\n   52    0 1.0000000000 -6.3380143944e+00 -6.0698372165e+00\n   53    0 1.0000000000 -6.2995112221e+00 -6.0222787255e+00\n   54    0 1.0000000000 -6.2605151166e+00 -5.9748882639e+00\n   55    0 1.0000000000 -6.2210377867e+00 -5.9277135497e+00\n   56    0 1.0000000000 -6.1810909993e+00 -5.8808020840e+00\n   57    0 1.0000000000 -6.1406865729e+00 -5.8342011024e+00\n   58    0 1.0000000000 -6.0998363708e+00 -5.7879575284e+00\n   59    0 1.0000000000 -6.0585522937e+00 -5.7421179253e+00\n   60    0 1.0000000000 -6.0168462738e+00 -5.6967284496e+00\n   61    0 1.0000000000 -5.9747302677e+00 -5.6518348047e+00\n   62    0 1.0000000000 -5.9322162500e+00 -5.6074821948e+00\n   63    0 1.0000000000 -5.8893162065e+00 -5.5637152790e+00\n   64    0 1.0000000000 -5.8460421282e+00 -5.5205781271e+00\n   65    0 1.0000000000 -5.8024060044e+00 -5.4781141744e+00\n   66    0 1.0000000000 -5.7584198168e+00 -5.4363661786e+00\n   67    0 1.0000000000 -5.7140955335e+00 -5.3953761763e+00\n   68    0 1.0000000000 -5.6694451021e+00 -5.3551854411e+00\n   69    0 1.0000000000 -5.6244804447e+00 -5.3158344415e+00\n   70    0 1.0000000000 -5.5792134514e+00 -5.2773628007e+00\n   71    0 1.0000000000 -5.5336559747e+00 -5.2398092563e+00\n   72    0 1.0000000000 -5.4878198239e+00 -5.2032116217e+00\n   73    0 1.0000000000 -5.4417167596e+00 -5.1676067475e+00\n   74    0 1.0000000000 -5.3953584884e+00 -5.1330304849e+00\n   75    0 1.0000000000 -5.3487566576e+00 -5.0995176491e+00\n   76    0 1.0000000000 -5.3019228499e+00 -5.0671019848e+00\n   77    0 1.0000000000 -5.2548685792e+00 -5.0358161317e+00\n   78    0 1.0000000000 -5.2076052851e+00 -5.0056915922e+00\n   79    0 1.0000000000 -5.1601443292e+00 -4.9767586990e+00\n   80    0 1.0000000000 -5.1124969903e+00 -4.9490465851e+00\n   81    0 1.0000000000 -5.0646744607e+00 -4.9225831543e+00\n   82    0 1.0000000000 -5.0166878427e+00 -4.8973950531e+00\n   83    0 1.0000000000 -4.9685481455e+00 -4.8735076436e+00\n   84    0 1.0000000000 -4.9202662828e+00 -4.8509449784e+00\n   85    0 1.0000000000 -4.8718530709e+00 -4.8297297764e+00\n   86    0 1.0000000000 -4.8233192290e+00 -4.8098833993e+00\n   87    0 1.0000000000 -4.7746753802e+00 -4.7914258309e+00\n   88    0 1.0000000000 -4.7259320561e+00 -4.7743756563e+00\n   89    0 1.0000000000 -4.6770997071e+00 -4.7587500435e+00\n   90    0 1.0000000000 -4.6281887201e+00 -4.7445647263e+00\n   91    0 1.0000000000 -4.5792094538e+00 -4.7318339881e+00\n   92    0 1.0000000000 -4.5301723063e+00 -4.7205706476e+00\n   93    0 1.0000000000 -4.4810878533e+00 -4.7107860461e+00\n   94    0 1.0000000000 -4.4319671555e+00 -4.7024900359e+00\n   95    0 1.0000000000 -4.3828225313e+00 -4.6956909702e+00\n   96    0 1.0000000000 -4.3336698756e+00 -4.6903956953e+00\n   97    0 1.0000000000 -4.2845379164e+00 -4.6866095430e+00\n   98    0 1.0000000000 -4.2355324343e+00 -4.6843363255e+00\n   99    0 1.0000000000 -4.1921506251e+00 -4.6835783320e+00\n  100    0 1.0000000000 -4.1919037691e+00 -4.6831059574e+00\n  101    0 1.0000000000 -4.1911632759e+00 -4.6816893092e+00\n  102    0 1.0000000000 -4.1899293695e+00 -4.6793298140e+00\n  103    0 1.0000000000 -4.1882024232e+00 -4.6760298474e+00\n  104    0 1.0000000000 -4.1859829592e+00 -4.6717927324e+00\n  105    0 1.0000000000 -4.1832716486e+00 -4.6666227352e+00\n  106    0 1.0000000000 -4.1800693104e+00 -4.6605250617e+00\n  107    0 1.0000000000 -4.1763769116e+00 -4.6535058517e+00\n  108    0 1.0000000000 -4.1721955660e+00 -4.6455721729e+00\n  109    0 1.0000000000 -4.1675265342e+00 -4.6367320139e+00\n  110    0 1.0000000000 -4.1623712221e+00 -4.6269942760e+00\n  111    0 1.0000000000 -4.1567311806e+00 -4.6163687642e+00\n  112    0 1.0000000000 -4.1506081040e+00 -4.6048661776e+00\n  113    0 1.0000000000 -4.1440038297e+00 -4.5924980983e+00\n  114    0 1.0000000000 -4.1369203364e+00 -4.5792769798e+00\n  115    0 1.0000000000 -4.1293597433e+00 -4.5652161348e+00\n  116    0 1.0000000000 -4.1213243085e+00 -4.5503297212e+00\n  117    0 1.0000000000 -4.1128164279e+00 -4.5346327286e+00\n  118    0 1.0000000000 -4.1038386332e+00 -4.5181409623e+00\n  119    0 1.0000000000 -4.0943935909e+00 -4.5008710283e+00\n  120    0 1.0000000000 -4.0844841004e+00 -4.4828403158e+00\n  121    0 1.0000000000 -4.0741130922e+00 -4.4640669803e+00\n  122    0 1.0000000000 -4.0632836264e+00 -4.4445699249e+00\n  123    0 1.0000000000 -4.0519988904e+00 -4.4243687815e+00\n  124    0 1.0000000000 -4.0402621973e+00 -4.4034838910e+00\n  125    0 1.0000000000 -4.0280769838e+00 -4.3819362826e+00\n  126    0 1.0000000000 -4.0154468080e+00 -4.3597476530e+00\n  127    0 1.0000000000 -4.0023753475e+00 -4.3369403443e+00\n  128    0 1.0000000000 -3.9888663969e+00 -4.3135373215e+00\n  129    0 1.0000000000 -3.9749238657e+00 -4.2895621493e+00\n  130    0 1.0000000000 -3.9605517758e+00 -4.2650389689e+00\n  131    0 1.0000000000 -3.9457542595e+00 -4.2399924730e+00\n  132    0 1.0000000000 -3.9305355567e+00 -4.2144478812e+00\n  133    0 1.0000000000 -3.9149000122e+00 -4.1884309148e+00\n  134    0 1.0000000000 -3.8988520739e+00 -4.1619677707e+00\n  135    0 1.0000000000 -3.8823962893e+00 -4.1350850950e+00\n  136    0 1.0000000000 -3.8655373038e+00 -4.1078099563e+00\n  137    0 1.0000000000 -3.8482798570e+00 -4.0801698184e+00\n  138    0 1.0000000000 -3.8306287808e+00 -4.0521925125e+00\n  139    0 1.0000000000 -3.8125889964e+00 -4.0239062094e+00\n  140    0 1.0000000000 -3.7941655112e+00 -3.9953393911e+00\n  141    0 1.0000000000 -3.7753634164e+00 -3.9665208218e+00\n  142    0 1.0000000000 -3.7561878838e+00 -3.9374795194e+00\n  143    0 1.0000000000 -3.7366441632e+00 -3.9082447261e+00\n  144    0 1.0000000000 -3.7167375793e+00 -3.8788458789e+00\n  145    0 1.0000000000 -3.6964735290e+00 -3.8493125798e+00\n  146    0 1.0000000000 -3.6758574781e+00 -3.8196745664e+00\n  147    0 1.0000000000 -3.6548949586e+00 -3.7899616816e+00\n  148    0 1.0000000000 -3.6335915658e+00 -3.7602038439e+00\n  149    0 1.0000000000 -3.6119529549e+00 -3.7304310169e+00\n  150    0 1.0000000000 -3.5899848387e+00 -3.7006731791e+00\n  151    0 1.0000000000 -3.5676929838e+00 -3.6709602944e+00\n  152    0 1.0000000000 -3.5450832084e+00 -3.6413222810e+00\n  153    0 1.0000000000 -3.5221613788e+00 -3.6117889819e+00\n  154    0 1.0000000000 -3.4989334064e+00 -3.5823901346e+00\n  155    0 1.0000000000 -3.4754052452e+00 -3.5531553414e+00\n  156    0 1.0000000000 -3.4515828883e+00 -3.5241140390e+00\n  157    0 1.0000000000 -3.4274723653e+00 -3.4952954697e+00\n  158    0 1.0000000000 -3.4030797392e+00 -3.4667286513e+00\n  159    0 1.0000000000 -3.3784111037e+00 -3.4384423482e+00\n  160    0 1.0000000000 -3.3534725801e+00 -3.4104650423e+00\n  161    0 1.0000000000 -3.3282703145e+00 -3.3828249044e+00\n  162    0 1.0000000000 -3.3028104750e+00 -3.3555497657e+00\n  163    0 1.0000000000 -3.2770992491e+00 -3.3286670901e+00\n  164    0 1.0000000000 -3.2511428406e+00 -3.3022039460e+00\n  165    0 1.0000000000 -3.2249474671e+00 -3.2761869796e+00\n  166    0 1.0000000000 -3.1985193575e+00 -3.2506423878e+00\n  167    0 1.0000000000 -3.1718647491e+00 -3.2255958918e+00\n  168    0 1.0000000000 -3.1449898850e+00 -3.2010727114e+00\n  169    0 1.0000000000 -3.1179010120e+00 -3.1770975393e+00\n  170    0 1.0000000000 -3.0906043778e+00 -3.1536945165e+00\n  171    0 1.0000000000 -3.0631062287e+00 -3.1308872077e+00\n  172    0 1.0000000000 -3.0354128075e+00 -3.1086985781e+00\n  173    0 1.0000000000 -3.0075303509e+00 -3.0871509698e+00\n  174    0 1.0000000000 -2.9794650877e+00 -3.0662660793e+00\n  175    0 1.0000000000 -2.9512232367e+00 -3.0460649359e+00\n  176    0 1.0000000000 -2.9228110046e+00 -3.0265678805e+00\n  177    0 1.0000000000 -2.8942345842e+00 -3.0077945450e+00\n  178    0 1.0000000000 -2.8655001527e+00 -2.9897638325e+00\n  179    0 1.0000000000 -2.8366138702e+00 -2.9724938985e+00\n  180    0 1.0000000000 -2.8075818781e+00 -2.9560021322e+00\n  181    0 1.0000000000 -2.7784102981e+00 -2.9403051395e+00\n  182    0 1.0000000000 -2.7491052308e+00 -2.9254187260e+00\n  183    0 1.0000000000 -2.7196727551e+00 -2.9113578810e+00\n  184    0 1.0000000000 -2.6901189279e+00 -2.8981367625e+00\n  185    0 1.0000000000 -2.6604497840e+00 -2.8857686831e+00\n  186    0 1.0000000000 -2.6306713368e+00 -2.8742660965e+00\n  187    0 1.0000000000 -2.6007895797e+00 -2.8636405848e+00\n  188    0 1.0000000000 -2.5708104900e+00 -2.8539028469e+00\n  189    0 1.0000000000 -2.5407400343e+00 -2.8450626879e+00\n  190    0 1.0000000000 -2.5105841794e+00 -2.8371290091e+00\n  191    0 1.0000000000 -2.4803489131e+00 -2.8301097991e+00\n  192    0 1.0000000000 -2.4500402845e+00 -2.8240121256e+00\n  193    0 1.0000000000 -2.4196644945e+00 -2.8188421284e+00\n  194    0 1.0000000000 -2.3892281189e+00 -2.8146050133e+00\n  195    0 1.0000000000 -2.3587387741e+00 -2.8113050468e+00\n  196    0 1.0000000000 -2.3282077563e+00 -2.8089455515e+00\n  197    0 1.0000000000 -2.2976682049e+00 -2.8075289034e+00\n  198    0 1.0000000000 -2.2694817623e+00 -2.8070565288e+00\n  199    0 1.0000000000 -2.3264227981e+00 -2.8080013499e+00\n  200    0 1.0000000000 -2.3882411108e+00 -2.8108357241e+00\n  201    0 1.0000000000 -2.4505660577e+00 -2.8155593808e+00\n  202    0 1.0000000000 -2.5133498157e+00 -2.8221718576e+00\n  203    0 1.0000000000 -2.5765752938e+00 -2.8306724839e+00\n  204    0 1.0000000000 -2.6402300780e+00 -2.8410603569e+00\n  205    0 1.0000000000 -2.7043027173e+00 -2.8533343121e+00\n  206    0 1.0000000000 -2.7687817906e+00 -2.8674928866e+00\n  207    0 1.0000000000 -2.8336555890e+00 -2.8835342775e+00\n  208    0 1.0000000000 -2.8989119846e+00 -2.9014562926e+00\n  209    0 1.0000000000 -2.9645383657e+00 -2.9212562970e+00\n  210    0 1.0000000000 -3.0305216007e+00 -2.9429311538e+00\n  211    0 1.0000000000 -3.0968480159e+00 -2.9664771590e+00\n  212    0 1.0000000000 -3.1635033789e+00 -2.9918899727e+00\n  213    0 1.0000000000 -3.2304728876e+00 -3.0191645457e+00\n  214    0 1.0000000000 -3.2977411601e+00 -3.0482950412e+00\n  215    0 1.0000000000 -3.3652922278e+00 -3.0792747543e+00\n  216    0 1.0000000000 -3.4331095285e+00 -3.1120960270e+00\n  217    0 1.0000000000 -3.5011759015e+00 -3.1467501618e+00\n  218    0 1.0000000000 -3.5694735833e+00 -3.1832273318e+00\n  219    0 1.0000000000 -3.6379842044e+00 -3.2215164901e+00\n  220    0 1.0000000000 -3.7066887868e+00 -3.2616052773e+00\n  221    0 1.0000000000 -3.7755677425e+00 -3.3034799283e+00\n  222    0 1.0000000000 -3.8446008730e+00 -3.3471251796e+00\n  223    0 1.0000000000 -3.9137673697e+00 -3.3925241758e+00\n  224    0 1.0000000000 -3.9830458150e+00 -3.4396583776e+00\n  225    0 1.0000000000 -4.0524141847e+00 -3.4885074714e+00\n  226    0 1.0000000000 -4.1218498512e+00 -3.5390492799e+00\n  227    0 1.0000000000 -4.1913295876e+00 -3.5912596761e+00\n  228    0 1.0000000000 -4.2608295733e+00 -3.6451124996e+00\n  229    0 1.0000000000 -4.3303254003e+00 -3.7005794769e+00\n  230    0 1.0000000000 -4.3997920805e+00 -3.7576301448e+00\n  231    0 1.0000000000 -4.4692040544e+00 -3.8162317793e+00\n  232    0 1.0000000000 -4.5385352009e+00 -3.8763493291e+00\n  233    0 1.0000000000 -4.6077588479e+00 -3.9379453539e+00\n  234    0 1.0000000000 -4.6768477849e+00 -4.0009799697e+00\n  235    0 1.0000000000 -4.7457742754e+00 -4.0654107994e+00\n  236    0 1.0000000000 -4.8145100721e+00 -4.1311929307e+00\n  237    0 1.0000000000 -4.8830264324e+00 -4.1982788810e+00\n  238    0 1.0000000000 -4.9512941346e+00 -4.2666185697e+00\n  239    0 1.0000000000 -5.0192834969e+00 -4.3361592979e+00\n  240    0 1.0000000000 -5.0869643961e+00 -4.4068457372e+00\n  241    0 1.0000000000 -5.1543062882e+00 -4.4786199258e+00\n  242    0 1.0000000000 -5.2212782302e+00 -4.5514212737e+00\n  243    0 1.0000000000 -5.2878489031e+00 -4.6251865768e+00\n  244    0 1.0000000000 -5.3539866356e+00 -4.6998500401e+00\n  245    0 1.0000000000 -5.4196594299e+00 -4.7753433091e+00\n  246    0 1.0000000000 -5.4848349879e+00 -4.8515955120e+00\n  247    0 1.0000000000 -5.5494807387e+00 -4.9285333095e+00\n  248    0 1.0000000000 -5.6135638674e+00 -5.0060809556e+00\n  249    0 1.0000000000 -5.6770513446e+00 -5.0841603663e+00\n  250    0 1.0000000000 -5.7399099578e+00 -5.1626911986e+00\n  251    0 1.0000000000 -5.8021063425e+00 -5.2415909381e+00\n  252    0 1.0000000000 -5.8636070154e+00 -5.3207749964e+00\n  253    0 1.0000000000 -5.9243784078e+00 -5.4001568161e+00\n  254    0 1.0000000000 -5.9843869006e+00 -5.4796479863e+00\n  255    0 1.0000000000 -6.0435988594e+00 -5.5591583655e+00\n  256    0 1.0000000000 -6.1019806707e+00 -5.6385962128e+00\n  257    0 1.0000000000 -6.1594987788e+00 -5.7178683276e+00\n  258    0 1.0000000000 -6.2161197234e+00 -5.7968801965e+00\n  259    0 1.0000000000 -6.2718101777e+00 -5.8755361477e+00\n  260    0 1.0000000000 -6.3265369873e+00 -5.9537395122e+00\n  261    0 1.0000000000 -6.3802672088e+00 -6.0313927913e+00\n  262    0 1.0000000000 -6.4329681497e+00 -6.1083978307e+00\n  263    0 1.0000000000 -6.4846074085e+00 -6.1846559995e+00\n  264    0 1.0000000000 -6.5351529139e+00 -6.2600683741e+00\n  265    0 1.0000000000 -6.5845729660e+00 -6.3345359277e+00\n  266    0 1.0000000000 -6.6328362759e+00 -6.4079597222e+00\n  267    0 1.0000000000 -6.6799120065e+00 -6.4802411050e+00\n  268    0 1.0000000000 -6.7257698123e+00 -6.5512819073e+00\n  269    0 1.0000000000 -6.7703798797e+00 -6.6209846454e+00\n  270    0 1.0000000000 -6.8137129670e+00 -6.6892527236e+00\n  271    0 1.0000000000 -6.8557404434e+00 -6.7559906374e+00\n  272    0 1.0000000000 -6.8964343286e+00 -6.8211041776e+00\n  273    0 1.0000000000 -6.9357673307e+00 -6.8845006341e+00\n  274    0 1.0000000000 -6.9737128850e+00 -6.9460889982e+00\n  275    0 1.0000000000 -7.0102451904e+00 -7.0057801640e+00\n  276    0 1.0000000000 -7.0453392467e+00 -7.0634871269e+00\n  277    0 1.0000000000 -7.0789708896e+00 -7.1191251800e+00\n  278    0 1.0000000000 -7.1111168261e+00 -7.1726121058e+00\n  279    0 1.0000000000 -7.1417546679e+00 -7.2238683651e+00\n  280    0 1.0000000000 -7.1708629638e+00 -7.2728172803e+00\n  281    0 1.0000000000 -7.1984212318e+00 -7.3193852133e+00\n  282    0 1.0000000000 -7.2244099890e+00 -7.3635017381e+00\n  283    0 1.0000000000 -7.2488107807e+00 -7.4050998061e+00\n  284    0 1.0000000000 -7.2716062077e+00 -7.4441159051e+00\n  285    0 1.0000000000 -7.2927799527e+00 -7.4804902101e+00\n  286    0 1.0000000000 -7.3123168050e+00 -7.5141667261e+00\n  287    0 1.0000000000 -7.3302026831e+00 -7.5450934230e+00\n  288    0 1.0000000000 -7.3464246566e+00 -7.5732223602e+00\n  289    0 1.0000000000 -7.3609709657e+00 -7.5985098034e+00\n  290    0 1.0000000000 -7.3738310394e+00 -7.6209163298e+00\n  291    0 1.0000000000 -7.3849955112e+00 -7.6404069247e+00\n  292    0 1.0000000000 -7.3944562344e+00 -7.6569510665e+00\n  293    0 1.0000000000 -7.4022062938e+00 -7.6705228016e+00\n  294    0 1.0000000000 -7.4082400172e+00 -7.6811008077e+00\n  295    0 1.0000000000 -7.4125529833e+00 -7.6886684463e+00\n  296    0 1.0000000000 -7.4151420295e+00 -7.6932138032e+00\n  297    0 1.0000000000 -7.4160052561e+00 -7.6947297184e+00\n