SINGLE-ORBITAL NN+NNN EFFECTIVE MODEL FIT

m=4
eon=0.0
t0=1.0
l_decay=0.5
dl=3.5
pairing=./m=4/pairing.txt
microscopic_orbitals=34

E_eff(k) = eps0 + 2*t1[cos(k.u1)+cos(k.u2)] + 4*t2*cos(k.u1)*cos(k.u2)

eps0     = -5.80624953697937e+00
t1       = -4.24542826469463e-01
t2       = -3.22844722224056e-02

RMSE=2.49761402600113e-01
MAE=2.06455997391377e-01
max_abs_error=5.34987298617403e-01
optimizer_success=True
optimizer_message=Linear least-squares solution
minimum_tracking_continuity=1.0000000000
mean_tracking_continuity=1.0000000000

# k_index idx continuity target fit\n    0    0 1.0000000000 -7.4302350261e+00 -7.6335587317e+00\n    1    0 1.0000000000 -7.4299772695e+00 -7.6330662377e+00\n    2    0 1.0000000000 -7.4292040580e+00 -7.6315892513e+00\n    3    0 1.0000000000 -7.4279155668e+00 -7.6291292598e+00\n    4    0 1.0000000000 -7.4261120874e+00 -7.6256887403e+00\n    5    0 1.0000000000 -7.4237940280e+00 -7.6212711569e+00\n    6    0 1.0000000000 -7.4209619129e+00 -7.6158809580e+00\n    7    0 1.0000000000 -7.4176163825e+00 -7.6095235709e+00\n    8    0 1.0000000000 -7.4137581929e+00 -7.6022053969e+00\n    9    0 1.0000000000 -7.4093882154e+00 -7.5939338049e+00\n   10    0 1.0000000000 -7.4045074363e+00 -7.5847171237e+00\n   11    0 1.0000000000 -7.3991169563e+00 -7.5745646337e+00\n   12    0 1.0000000000 -7.3932179898e+00 -7.5634865575e+00\n   13    0 1.0000000000 -7.3868118647e+00 -7.5514940498e+00\n   14    0 1.0000000000 -7.3799000214e+00 -7.5385991862e+00\n   15    0 1.0000000000 -7.3724840121e+00 -7.5248149506e+00\n   16    0 1.0000000000 -7.3645655004e+00 -7.5101552226e+00\n   17    0 1.0000000000 -7.3561462601e+00 -7.4946347632e+00\n   18    0 1.0000000000 -7.3472281745e+00 -7.4782692004e+00\n   19    0 1.0000000000 -7.3378132354e+00 -7.4610750127e+00\n   20    0 1.0000000000 -7.3279035424e+00 -7.4430695134e+00\n   21    0 1.0000000000 -7.3175013014e+00 -7.4242708323e+00\n   22    0 1.0000000000 -7.3066088242e+00 -7.4046978983e+00\n   23    0 1.0000000000 -7.2952285266e+00 -7.3843704195e+00\n   24    0 1.0000000000 -7.2833629280e+00 -7.3633088640e+00\n   25    0 1.0000000000 -7.2710146497e+00 -7.3415344391e+00\n   26    0 1.0000000000 -7.2581864136e+00 -7.3190690697e+00\n   27    0 1.0000000000 -7.2448810414e+00 -7.2959353765e+00\n   28    0 1.0000000000 -7.2311014528e+00 -7.2721566532e+00\n   29    0 1.0000000000 -7.2168506644e+00 -7.2477568430e+00\n   30    0 1.0000000000 -7.2021317878e+00 -7.2227605145e+00\n   31    0 1.0000000000 -7.1869480289e+00 -7.1971928367e+00\n   32    0 1.0000000000 -7.1713026856e+00 -7.1710795542e+00\n   33    0 1.0000000000 -7.1551991469e+00 -7.1444469608e+00\n   34    0 1.0000000000 -7.1386408910e+00 -7.1173218734e+00\n   35    0 1.0000000000 -7.1216314835e+00 -7.0897316045e+00\n   36    0 1.0000000000 -7.1041745763e+00 -7.0617039353e+00\n   37    0 1.0000000000 -7.0862739053e+00 -7.0332670871e+00\n   38    0 1.0000000000 -7.0679332892e+00 -7.0044496936e+00\n   39    0 1.0000000000 -7.0491566274e+00 -6.9752807714e+00\n   40    0 1.0000000000 -7.0299478984e+00 -6.9457896911e+00\n   41    0 1.0000000000 -7.0103111580e+00 -6.9160061478e+00\n   42    0 1.0000000000 -6.9902505373e+00 -6.8859601308e+00\n   43    0 1.0000000000 -6.9697702411e+00 -6.8556818941e+00\n   44    0 1.0000000000 -6.9488745459e+00 -6.8252019253e+00\n   45    0 1.0000000000 -6.9275677977e+00 -6.7945509151e+00\n   46    0 1.0000000000 -6.9058544108e+00 -6.7637597264e+00\n   47    0 1.0000000000 -6.8837388650e+00 -6.7328593634e+00\n   48    0 1.0000000000 -6.8612257044e+00 -6.7018809401e+00\n   49    0 1.0000000000 -6.8383195349e+00 -6.6708556493e+00\n   50    0 1.0000000000 -6.8150250223e+00 -6.6398147306e+00\n   51    0 1.0000000000 -6.7913468907e+00 -6.6087894397e+00\n   52    0 1.0000000000 -6.7672899198e+00 -6.5778110164e+00\n   53    0 1.0000000000 -6.7428589434e+00 -6.5469106534e+00\n   54    0 1.0000000000 -6.7180588473e+00 -6.5161194648e+00\n   55    0 1.0000000000 -6.6928945669e+00 -6.4854684545e+00\n   56    0 1.0000000000 -6.6673710855e+00 -6.4549884857e+00\n   57    0 1.0000000000 -6.6414934321e+00 -6.4247102490e+00\n   58    0 1.0000000000 -6.6152666794e+00 -6.3946642321e+00\n   59    0 1.0000000000 -6.5886959417e+00 -6.3648806887e+00\n   60    0 1.0000000000 -6.5617863726e+00 -6.3353896084e+00\n   61    0 1.0000000000 -6.5345431635e+00 -6.3062206862e+00\n   62    0 1.0000000000 -6.5069715408e+00 -6.2774032927e+00\n   63    0 1.0000000000 -6.4790767645e+00 -6.2489664446e+00\n   64    0 1.0000000000 -6.4508641256e+00 -6.2209387753e+00\n   65    0 1.0000000000 -6.4223389445e+00 -6.1933485065e+00\n   66    0 1.0000000000 -6.3935065686e+00 -6.1662234190e+00\n   67    0 1.0000000000 -6.3643723704e+00 -6.1395908257e+00\n   68    0 1.0000000000 -6.3349417455e+00 -6.1134775432e+00\n   69    0 1.0000000000 -6.3052201105e+00 -6.0879098654e+00\n   70    0 1.0000000000 -6.2752129010e+00 -6.0629135368e+00\n   71    0 1.0000000000 -6.2449255697e+00 -6.0385137266e+00\n   72    0 1.0000000000 -6.2143635842e+00 -6.0147350034e+00\n   73    0 1.0000000000 -6.1835324253e+00 -5.9916013102e+00\n   74    0 1.0000000000 -6.1524375847e+00 -5.9691359408e+00\n   75    0 1.0000000000 -6.1210845635e+00 -5.9473615158e+00\n   76    0 1.0000000000 -6.0894788699e+00 -5.9262999604e+00\n   77    0 1.0000000000 -6.0576260175e+00 -5.9059724816e+00\n   78    0 1.0000000000 -6.0255315233e+00 -5.8863995475e+00\n   79    0 1.0000000000 -5.9932009062e+00 -5.8676008665e+00\n   80    0 1.0000000000 -5.9606396844e+00 -5.8495953671e+00\n   81    0 1.0000000000 -5.9278533746e+00 -5.8324011795e+00\n   82    0 1.0000000000 -5.8948474894e+00 -5.8160356166e+00\n   83    0 1.0000000000 -5.8616275359e+00 -5.8005151573e+00\n   84    0 1.0000000000 -5.8281990141e+00 -5.7858554292e+00\n   85    0 1.0000000000 -5.7945674150e+00 -5.7720711936e+00\n   86    0 1.0000000000 -5.7607382193e+00 -5.7591763300e+00\n   87    0 1.0000000000 -5.7267168953e+00 -5.7471838224e+00\n   88    0 1.0000000000 -5.6925088983e+00 -5.7361057462e+00\n   89    0 1.0000000000 -5.6581196684e+00 -5.7259532561e+00\n   90    0 1.0000000000 -5.6235546302e+00 -5.7167365749e+00\n   91    0 1.0000000000 -5.5888191918e+00 -5.7084649829e+00\n   92    0 1.0000000000 -5.5539187448e+00 -5.7011468090e+00\n   93    0 1.0000000000 -5.5188586668e+00 -5.6947894219e+00\n   94    0 1.0000000000 -5.4836443265e+00 -5.6893992229e+00\n   95    0 1.0000000000 -5.4482811010e+00 -5.6849816396e+00\n   96    0 1.0000000000 -5.4127744271e+00 -5.6815411200e+00\n   97    0 1.0000000000 -5.3771300075e+00 -5.6790811286e+00\n   98    0 1.0000000000 -5.3413551648e+00 -5.6776041422e+00\n   99    0 1.0000000000 -5.3055595002e+00 -5.6771116481e+00\n  100    0 1.0000000000 -5.3053755853e+00 -5.6767491849e+00\n  101    0 1.0000000000 -5.3048281104e+00 -5.6756621603e+00\n  102    0 1.0000000000 -5.3039171875e+00 -5.6738516689e+00\n  103    0 1.0000000000 -5.3026430013e+00 -5.6713195336e+00\n  104    0 1.0000000000 -5.3010058090e+00 -5.6680683041e+00\n  105    0 1.0000000000 -5.2990059402e+00 -5.6641012541e+00\n  106    0 1.0000000000 -5.2966437968e+00 -5.6594223781e+00\n  107    0 1.0000000000 -5.2939198527e+00 -5.6540363873e+00\n  108    0 1.0000000000 -5.2908346538e+00 -5.6479487050e+00\n  109    0 1.0000000000 -5.2873888177e+00 -5.6411654609e+00\n  110    0 1.0000000000 -5.2835830333e+00 -5.6336934853e+00\n  111    0 1.0000000000 -5.2794180605e+00 -5.6255403016e+00\n  112    0 1.0000000000 -5.2748947300e+00 -5.6167141196e+00\n  113    0 1.0000000000 -5.2700139430e+00 -5.6072238264e+00\n  114    0 1.0000000000 -5.2647766705e+00 -5.5970789779e+00\n  115    0 1.0000000000 -5.2591839533e+00 -5.5862897892e+00\n  116    0 1.0000000000 -5.2532369011e+00 -5.5748671240e+00\n  117    0 1.0000000000 -5.2469366923e+00 -5.5628224840e+00\n  118    0 1.0000000000 -5.2402845734e+00 -5.5501679971e+00\n  119    0 1.0000000000 -5.2332818587e+00 -5.5369164054e+00\n  120    0 1.0000000000 -5.2259299292e+00 -5.5230810520e+00\n  121    0 1.0000000000 -5.2182302325e+00 -5.5086758680e+00\n  122    0 1.0000000000 -5.2101842821e+00 -5.4937153582e+00\n  123    0 1.0000000000 -5.2017936564e+00 -5.4782145865e+00\n  124    0 1.0000000000 -5.1930599986e+00 -5.4621891610e+00\n  125    0 1.0000000000 -5.1839850153e+00 -5.4456552178e+00\n  126    0 1.0000000000 -5.1745704765e+00 -5.4286294052e+00\n  127    0 1.0000000000 -5.1648182144e+00 -5.4111288668e+00\n  128    0 1.0000000000 -5.1547301226e+00 -5.3931712242e+00\n  129    0 1.0000000000 -5.1443081555e+00 -5.3747745591e+00\n  130    0 1.0000000000 -5.1335543276e+00 -5.3559573955e+00\n  131    0 1.0000000000 -5.1224707122e+00 -5.3367386806e+00\n  132    0 1.0000000000 -5.1110594408e+00 -5.3171377661e+00\n  133    0 1.0000000000 -5.0993227025e+00 -5.2971743883e+00\n  134    0 1.0000000000 -5.0872627425e+00 -5.2768686489e+00\n  135    0 1.0000000000 -5.0748818615e+00 -5.2562409938e+00\n  136    0 1.0000000000 -5.0621824150e+00 -5.2353121934e+00\n  137    0 1.0000000000 -5.0491668116e+00 -5.2141033213e+00\n  138    0 1.0000000000 -5.0358375129e+00 -5.1926357329e+00\n  139    0 1.0000000000 -5.0221970318e+00 -5.1709310444e+00\n  140    0 1.0000000000 -5.0082479317e+00 -5.1490111104e+00\n  141    0 1.0000000000 -4.9939928258e+00 -5.1268980025e+00\n  142    0 1.0000000000 -4.9794343754e+00 -5.1046139868e+00\n  143    0 1.0000000000 -4.9645752894e+00 -5.0821815013e+00\n  144    0 1.0000000000 -4.9494183230e+00 -5.0596231336e+00\n  145    0 1.0000000000 -4.9339662764e+00 -5.0369615982e+00\n  146    0 1.0000000000 -4.9182219942e+00 -5.0142197133e+00\n  147    0 1.0000000000 -4.9021883638e+00 -4.9914203779e+00\n  148    0 1.0000000000 -4.8858683144e+00 -4.9685865492e+00\n  149    0 1.0000000000 -4.8692648160e+00 -4.9457412189e+00\n  150    0 1.0000000000 -4.8523808781e+00 -4.9229073901e+00\n  151    0 1.0000000000 -4.8352195487e+00 -4.9001080548e+00\n  152    0 1.0000000000 -4.8177839129e+00 -4.8773661699e+00\n  153    0 1.0000000000 -4.8000770919e+00 -4.8547046344e+00\n  154    0 1.0000000000 -4.7821022417e+00 -4.8321462668e+00\n  155    0 1.0000000000 -4.7638625522e+00 -4.8097137813e+00\n  156    0 1.0000000000 -4.7453612455e+00 -4.7874297656e+00\n  157    0 1.0000000000 -4.7266015751e+00 -4.7653166577e+00\n  158    0 1.0000000000 -4.7075868246e+00 -4.7433967237e+00\n  159    0 1.0000000000 -4.6883203066e+00 -4.7216920352e+00\n  160    0 1.0000000000 -4.6688053610e+00 -4.7002244468e+00\n  161    0 1.0000000000 -4.6490453545e+00 -4.6790155746e+00\n  162    0 1.0000000000 -4.6290436789e+00 -4.6580867743e+00\n  163    0 1.0000000000 -4.6088037501e+00 -4.6374591192e+00\n  164    0 1.0000000000 -4.5883290068e+00 -4.6171533797e+00\n  165    0 1.0000000000 -4.5676229092e+00 -4.5971900020e+00\n  166    0 1.0000000000 -4.5466889380e+00 -4.5775890875e+00\n  167    0 1.0000000000 -4.5255305932e+00 -4.5583703726e+00\n  168    0 1.0000000000 -4.5041513927e+00 -4.5395532090e+00\n  169    0 1.0000000000 -4.4825548711e+00 -4.5211565439e+00\n  170    0 1.0000000000 -4.4607445787e+00 -4.5031989013e+00\n  171    0 1.0000000000 -4.4387240803e+00 -4.4856983629e+00\n  172    0 1.0000000000 -4.4164969538e+00 -4.4686725503e+00\n  173    0 1.0000000000 -4.3940667892e+00 -4.4521386071e+00\n  174    0 1.0000000000 -4.3714371873e+00 -4.4361131815e+00\n  175    0 1.0000000000 -4.3486117589e+00 -4.4206124099e+00\n  176    0 1.0000000000 -4.3255941232e+00 -4.4056519001e+00\n  177    0 1.0000000000 -4.3023879067e+00 -4.3912467161e+00\n  178    0 1.0000000000 -4.2789967424e+00 -4.3774113627e+00\n  179    0 1.0000000000 -4.2554242685e+00 -4.3641597709e+00\n  180    0 1.0000000000 -4.2316741271e+00 -4.3515052841e+00\n  181    0 1.0000000000 -4.2077499634e+00 -4.3394606441e+00\n  182    0 1.0000000000 -4.1836554245e+00 -4.3280379789e+00\n  183    0 1.0000000000 -4.1593941583e+00 -4.3172487902e+00\n  184    0 1.0000000000 -4.1349698126e+00 -4.3071039417e+00\n  185    0 1.0000000000 -4.1103860338e+00 -4.2976136485e+00\n  186    0 1.0000000000 -4.0856464662e+00 -4.2887874665e+00\n  187    0 1.0000000000 -4.0607547510e+00 -4.2806342828e+00\n  188    0 1.0000000000 -4.0357145251e+00 -4.2731623071e+00\n  189    0 1.0000000000 -4.0105294209e+00 -4.2663790631e+00\n  190    0 1.0000000000 -3.9852030651e+00 -4.2602913808e+00\n  191    0 1.0000000000 -3.9597390788e+00 -4.2549053900e+00\n  192    0 1.0000000000 -3.9341410778e+00 -4.2502265140e+00\n  193    0 1.0000000000 -3.9084126744e+00 -4.2462594640e+00\n  194    0 1.0000000000 -3.8825574839e+00 -4.2430082345e+00\n  195    0 1.0000000000 -3.8565791441e+00 -4.2404760992e+00\n  196    0 1.0000000000 -3.8304813946e+00 -4.2386656078e+00\n  197    0 1.0000000000 -3.8042685811e+00 -4.2375785832e+00\n  198    0 1.0000000000 -3.7779720826e+00 -4.2372161200e+00\n  199    0 1.0000000000 -3.8307028871e+00 -4.2379410791e+00\n  200    0 1.0000000000 -3.8835883173e+00 -4.2401156190e+00\n  201    0 1.0000000000 -3.9365524713e+00 -4.2437387262e+00\n  202    0 1.0000000000 -3.9895844841e+00 -4.2488087075e+00\n  203    0 1.0000000000 -4.0426743680e+00 -4.2553231836e+00\n  204    0 1.0000000000 -4.0958121177e+00 -4.2632790808e+00\n  205    0 1.0000000000 -4.1489875728e+00 -4.2726726199e+00\n  206    0 1.0000000000 -4.2021903829e+00 -4.2834993030e+00\n  207    0 1.0000000000 -4.2554099966e+00 -4.2957538981e+00\n  208    0 1.0000000000 -4.3086356573e+00 -4.3094304213e+00\n  209    0 1.0000000000 -4.3618564027e+00 -4.3245221176e+00\n  210    0 1.0000000000 -4.4150610644e+00 -4.3410214392e+00\n  211    0 1.0000000000 -4.4682382700e+00 -4.3589200224e+00\n  212    0 1.0000000000 -4.5213764440e+00 -4.3782086629e+00\n  213    0 1.0000000000 -4.5744638099e+00 -4.3988772892e+00\n  214    0 1.0000000000 -4.6274883929e+00 -4.4209149356e+00\n  215    0 1.0000000000 -4.6804380221e+00 -4.4443097129e+00\n  216    0 1.0000000000 -4.7333003335e+00 -4.4690487799e+00\n  217    0 1.0000000000 -4.7860627734e+00 -4.4951183121e+00\n  218    0 1.0000000000 -4.8387126014e+00 -4.5225034718e+00\n  219    0 1.0000000000 -4.8912368944e+00 -4.5511883766e+00\n  220    0 1.0000000000 -4.9436225508e+00 -4.5811560686e+00\n  221    0 1.0000000000 -4.9958562941e+00 -4.6123884833e+00\n  222    0 1.0000000000 -5.0479246779e+00 -4.6448664189e+00\n  223    0 1.0000000000 -5.0998140907e+00 -4.6785695068e+00\n  224    0 1.0000000000 -5.1515107607e+00 -4.7134761819e+00\n  225    0 1.0000000000 -5.2030007614e+00 -4.7495636548e+00\n  226    0 1.0000000000 -5.2542700171e+00 -4.7868078850e+00\n  227    0 1.0000000000 -5.3053043087e+00 -4.8251835553e+00\n  228    0 1.0000000000 -5.3560892802e+00 -4.8646640487e+00\n  229    0 1.0000000000 -5.4066104446e+00 -4.9052214263e+00\n  230    0 1.0000000000 -5.4568531914e+00 -4.9468264082e+00\n  231    0 1.0000000000 -5.5068027928e+00 -4.9894483563e+00\n  232    0 1.0000000000 -5.5564444114e+00 -5.0330552598e+00\n  233    0 1.0000000000 -5.6057631076e+00 -5.0776137238e+00\n  234    0 1.0000000000 -5.6547438477e+00 -5.1230889600e+00\n  235    0 1.0000000000 -5.7033715113e+00 -5.1694447818e+00\n  236    0 1.0000000000 -5.7516309002e+00 -5.2166436016e+00\n  237    0 1.0000000000 -5.7995067469e+00 -5.2646464324e+00\n  238    0 1.0000000000 -5.8469837230e+00 -5.3134128925e+00\n  239    0 1.0000000000 -5.8940464487e+00 -5.3629012139e+00\n  240    0 1.0000000000 -5.9406795018e+00 -5.4130682553e+00\n  241    0 1.0000000000 -5.9868674272e+00 -5.4638695184e+00\n  242    0 1.0000000000 -6.0325947471e+00 -5.5152591682e+00\n  243    0 1.0000000000 -6.0778459701e+00 -5.5671900582e+00\n  244    0 1.0000000000 -6.1226056020e+00 -5.6196137590e+00\n  245    0 1.0000000000 -6.1668581559e+00 -5.6724805920e+00\n  246    0 1.0000000000 -6.2105881627e+00 -5.7257396660e+00\n  247    0 1.0000000000 -6.2537801817e+00 -5.7793389202e+00\n  248    0 1.0000000000 -6.2964188118e+00 -5.8332251692e+00\n  249    0 1.0000000000 -6.3384887020e+00 -5.8873441543e+00\n  250    0 1.0000000000 -6.3799745627e+00 -5.9416405974e+00\n  251    0 1.0000000000 -6.4208611772e+00 -5.9960582604e+00\n  252    0 1.0000000000 -6.4611334128e+00 -6.0505400077e+00\n  253    0 1.0000000000 -6.5007762323e+00 -6.1050278734e+00\n  254    0 1.0000000000 -6.5397747055e+00 -6.1594631323e+00\n  255    0 1.0000000000 -6.5781140212e+00 -6.2137863741e+00\n  256    0 1.0000000000 -6.6157794984e+00 -6.2679375823e+00\n  257    0 1.0000000000 -6.6527565981e+00 -6.3218562155e+00\n  258    0 1.0000000000 -6.6890309354e+00 -6.3754812932e+00\n  259    0 1.0000000000 -6.7245882909e+00 -6.4287514835e+00\n  260    0 1.0000000000 -6.7594146227e+00 -6.4816051950e+00\n  261    0 1.0000000000 -6.7934960779e+00 -6.5339806702e+00\n  262    0 1.0000000000 -6.8268190046e+00 -6.5858160826e+00\n  263    0 1.0000000000 -6.8593699633e+00 -6.6370496354e+00\n  264    0 1.0000000000 -6.8911357387e+00 -6.6876196621e+00\n  265    0 1.0000000000 -6.9221033508e+00 -6.7374647298e+00\n  266    0 1.0000000000 -6.9522600669e+00 -6.7865237427e+00\n  267    0 1.0000000000 -6.9815934125e+00 -6.8347360479e+00\n  268    0 1.0000000000 -7.0100911826e+00 -6.8820415418e+00\n  269    0 1.0000000000 -7.0377414523e+00 -6.9283807771e+00\n  270    0 1.0000000000 -7.0645325883e+00 -6.9736950703e+00\n  271    0 1.0000000000 -7.0904532592e+00 -7.0179266088e+00\n  272    0 1.0000000000 -7.1154924456e+00 -7.0610185590e+00\n  273    0 1.0000000000 -7.1396394512e+00 -7.1029151721e+00\n  274    0 1.0000000000 -7.1628839118e+00 -7.1435618907e+00\n  275    0 1.0000000000 -7.1852158058e+00 -7.1829054533e+00\n  276    0 1.0000000000 -7.2066254633e+00 -7.2208939974e+00\n  277    0 1.0000000000 -7.2271035755e+00 -7.2574771615e+00\n  278    0 1.0000000000 -7.2466412034e+00 -7.2926061839e+00\n  279    0 1.0000000000 -7.2652297867e+00 -7.3262340007e+00\n  280    0 1.0000000000 -7.2828611516e+00 -7.3583153395e+00\n  281    0 1.0000000000 -7.2995275193e+00 -7.3888068112e+00\n  282    0 1.0000000000 -7.3152215133e+00 -7.4176669983e+00\n  283    0 1.0000000000 -7.3299361666e+00 -7.4448565402e+00\n  284    0 1.0000000000 -7.3436649286e+00 -7.4703382134e+00\n  285    0 1.0000000000 -7.3564016716e+00 -7.4940770095e+00\n  286    0 1.0000000000 -7.3681406969e+00 -7.5160402075e+00\n  287    0 1.0000000000 -7.3788767403e+00 -7.5361974426e+00\n  288    0 1.0000000000 -7.3886049777e+00 -7.5545207700e+00\n  289    0 1.0000000000 -7.3973210294e+00 -7.5709847236e+00\n  290    0 1.0000000000 -7.4050209651e+00 -7.5855663699e+00\n  291    0 1.0000000000 -7.4117013072e+00 -7.5982453570e+00\n  292    0 1.0000000000 -7.4173590349e+00 -7.6090039577e+00\n  293    0 1.0000000000 -7.4219915867e+00 -7.6178271072e+00\n  294    0 1.0000000000 -7.4255968636e+00 -7.6247024356e+00\n  295    0 1.0000000000 -7.4281732306e+00 -7.6296202943e+00\n  296    0 1.0000000000 -7.4297195187e+00 -7.6325737763e+00\n  297    0 1.0000000000 -7.4302350261e+00 -7.6335587317e+00\n