SINGLE-ORBITAL NN+NNN EFFECTIVE MODEL FIT

m=5
eon=0.0
t0=1.0
l_decay=0.5
dl=3.5
pairing=./m=5/pairing.txt
microscopic_orbitals=52

E_eff(k) = eps0 + 2*t1[cos(k.u1)+cos(k.u2)] + 4*t2*cos(k.u1)*cos(k.u2)

eps0     = -6.29958785876810e+00
t1       = -3.04018818450879e-01
t2       = -1.61769990468394e-02

RMSE=1.88389131448596e-01
MAE=1.54063848597154e-01
max_abs_error=4.07540425563032e-01
optimizer_success=True
optimizer_message=Linear least-squares solution
minimum_tracking_continuity=1.0000000000
mean_tracking_continuity=1.0000000000

# k_index idx continuity target fit\n    0    0 1.0000000000 -7.4320932917e+00 -7.5803711288e+00\n    1    0 1.0000000000 -7.4319241242e+00 -7.5800324298e+00\n    2    0 1.0000000000 -7.4314166470e+00 -7.5790166741e+00\n    3    0 1.0000000000 -7.4305709368e+00 -7.5773248844e+00\n    4    0 1.0000000000 -7.4293871207e+00 -7.5749587642e+00\n    5    0 1.0000000000 -7.4278653773e+00 -7.5719206960e+00\n    6    0 1.0000000000 -7.4260059356e+00 -7.5682137388e+00\n    7    0 1.0000000000 -7.4238090754e+00 -7.5638416252e+00\n    8    0 1.0000000000 -7.4212751275e+00 -7.5588087576e+00\n    9    0 1.0000000000 -7.4184044729e+00 -7.5531202036e+00\n   10    0 1.0000000000 -7.4151975431e+00 -7.5467816913e+00\n   11    0 1.0000000000 -7.4116548201e+00 -7.5397996027e+00\n   12    0 1.0000000000 -7.4077768357e+00 -7.5321809685e+00\n   13    0 1.0000000000 -7.4035641719e+00 -7.5239334598e+00\n   14    0 1.0000000000 -7.3990174603e+00 -7.5150653813e+00\n   15    0 1.0000000000 -7.3941373820e+00 -7.5055856623e+00\n   16    0 1.0000000000 -7.3889246676e+00 -7.4955038481e+00\n   17    0 1.0000000000 -7.3833800964e+00 -7.4848300902e+00\n   18    0 1.0000000000 -7.3775044970e+00 -7.4735751362e+00\n   19    0 1.0000000000 -7.3712987460e+00 -7.4617503189e+00\n   20    0 1.0000000000 -7.3647637685e+00 -7.4493675449e+00\n   21    0 1.0000000000 -7.3579005375e+00 -7.4364392825e+00\n   22    0 1.0000000000 -7.3507100735e+00 -7.4229785495e+00\n   23    0 1.0000000000 -7.3431934443e+00 -7.4089988997e+00\n   24    0 1.0000000000 -7.3353517646e+00 -7.3945144093e+00\n   25    0 1.0000000000 -7.3271861956e+00 -7.3795396631e+00\n   26    0 1.0000000000 -7.3186979446e+00 -7.3640897393e+00\n   27    0 1.0000000000 -7.3098882647e+00 -7.3481801947e+00\n   28    0 1.0000000000 -7.3007584544e+00 -7.3318270489e+00\n   29    0 1.0000000000 -7.2913098568e+00 -7.3150467680e+00\n   30    0 1.0000000000 -7.2815438598e+00 -7.2978562485e+00\n   31    0 1.0000000000 -7.2714618951e+00 -7.2802727997e+00\n   32    0 1.0000000000 -7.2610654380e+00 -7.2623141267e+00\n   33    0 1.0000000000 -7.2503560068e+00 -7.2439983122e+00\n   34    0 1.0000000000 -7.2393351624e+00 -7.2253437989e+00\n   35    0 1.0000000000 -7.2280045078e+00 -7.2063693701e+00\n   36    0 1.0000000000 -7.2163656873e+00 -7.1870941316e+00\n   37    0 1.0000000000 -7.2044203865e+00 -7.1675374918e+00\n   38    0 1.0000000000 -7.1921703313e+00 -7.1477191428e+00\n   39    0 1.0000000000 -7.1796172876e+00 -7.1276590397e+00\n   40    0 1.0000000000 -7.1667630604e+00 -7.1073773815e+00\n   41    0 1.0000000000 -7.1536094937e+00 -7.0868945902e+00\n   42    0 1.0000000000 -7.1401584698e+00 -7.0662312900e+00\n   43    0 1.0000000000 -7.1264119081e+00 -7.0454082872e+00\n   44    0 1.0000000000 -7.1123717656e+00 -7.0244465489e+00\n   45    0 1.0000000000 -7.0980400351e+00 -7.0033671816e+00\n   46    0 1.0000000000 -7.0834187455e+00 -6.9821914106e+00\n   47    0 1.0000000000 -7.0685099606e+00 -6.9609405581e+00\n   48    0 1.0000000000 -7.0533157790e+00 -6.9396360218e+00\n   49    0 1.0000000000 -7.0378383327e+00 -6.9182992536e+00\n   50    0 1.0000000000 -7.0220797871e+00 -6.8969517378e+00\n   51    0 1.0000000000 -7.0060423400e+00 -6.8756149696e+00\n   52    0 1.0000000000 -6.9897282213e+00 -6.8543104333e+00\n   53    0 1.0000000000 -6.9731396916e+00 -6.8330595807e+00\n   54    0 1.0000000000 -6.9562790423e+00 -6.8118838097e+00\n   55    0 1.0000000000 -6.9391485945e+00 -6.7908044425e+00\n   56    0 1.0000000000 -6.9217506983e+00 -6.7698427041e+00\n   57    0 1.0000000000 -6.9040877324e+00 -6.7490197013e+00\n   58    0 1.0000000000 -6.8861621028e+00 -6.7283564012e+00\n   59    0 1.0000000000 -6.8679762430e+00 -6.7078736098e+00\n   60    0 1.0000000000 -6.8495326122e+00 -6.6875919516e+00\n   61    0 1.0000000000 -6.8308336955e+00 -6.6675318486e+00\n   62    0 1.0000000000 -6.8118820027e+00 -6.6477134995e+00\n   63    0 1.0000000000 -6.7926800676e+00 -6.6281568598e+00\n   64    0 1.0000000000 -6.7732304476e+00 -6.6088816212e+00\n   65    0 1.0000000000 -6.7535357224e+00 -6.5899071925e+00\n   66    0 1.0000000000 -6.7335984940e+00 -6.5712526791e+00\n   67    0 1.0000000000 -6.7134213852e+00 -6.5529368647e+00\n   68    0 1.0000000000 -6.6930070394e+00 -6.5349781916e+00\n   69    0 1.0000000000 -6.6723581197e+00 -6.5173947428e+00\n   70    0 1.0000000000 -6.6514773081e+00 -6.5002042233e+00\n   71    0 1.0000000000 -6.6303673049e+00 -6.4834239425e+00\n   72    0 1.0000000000 -6.6090308278e+00 -6.4670707966e+00\n   73    0 1.0000000000 -6.5874706113e+00 -6.4511612520e+00\n   74    0 1.0000000000 -6.5656894059e+00 -6.4357113282e+00\n   75    0 1.0000000000 -6.5436899774e+00 -6.4207365820e+00\n   76    0 1.0000000000 -6.5214751060e+00 -6.4062520917e+00\n   77    0 1.0000000000 -6.4990475860e+00 -6.3922724418e+00\n   78    0 1.0000000000 -6.4764102244e+00 -6.3788117088e+00\n   79    0 1.0000000000 -6.4535658408e+00 -6.3658834465e+00\n   80    0 1.0000000000 -6.4305172665e+00 -6.3535006724e+00\n   81    0 1.0000000000 -6.4072673434e+00 -6.3416758551e+00\n   82    0 1.0000000000 -6.3838189238e+00 -6.3304209012e+00\n   83    0 1.0000000000 -6.3601748694e+00 -6.3197471433e+00\n   84    0 1.0000000000 -6.3363380508e+00 -6.3096653291e+00\n   85    0 1.0000000000 -6.3123113463e+00 -6.3001856100e+00\n   86    0 1.0000000000 -6.2880976419e+00 -6.2913175315e+00\n   87    0 1.0000000000 -6.2636998301e+00 -6.2830700228e+00\n   88    0 1.0000000000 -6.2391208093e+00 -6.2754513886e+00\n   89    0 1.0000000000 -6.2143634832e+00 -6.2684693001e+00\n   90    0 1.0000000000 -6.1894307602e+00 -6.2621307877e+00\n   91    0 1.0000000000 -6.1643255525e+00 -6.2564422338e+00\n   92    0 1.0000000000 -6.1390507758e+00 -6.2514093662e+00\n   93    0 1.0000000000 -6.1136093484e+00 -6.2470372526e+00\n   94    0 1.0000000000 -6.0880041907e+00 -6.2433302954e+00\n   95    0 1.0000000000 -6.0622382256e+00 -6.2402922271e+00\n   96    0 1.0000000000 -6.0363143784e+00 -6.2379261069e+00\n   97    0 1.0000000000 -6.0102355825e+00 -6.2362343172e+00\n   98    0 1.0000000000 -5.9840048161e+00 -6.2352185615e+00\n   99    0 1.0000000000 -5.9576315486e+00 -6.2348798626e+00\n  100    0 1.0000000000 -5.9574962824e+00 -6.2346063191e+00\n  101    0 1.0000000000 -5.9570934810e+00 -6.2337859642e+00\n  102    0 1.0000000000 -5.9564232007e+00 -6.2324196239e+00\n  103    0 1.0000000000 -5.9554855349e+00 -6.2305086739e+00\n  104    0 1.0000000000 -5.9542806137e+00 -6.2280550385e+00\n  105    0 1.0000000000 -5.9528086041e+00 -6.2250611882e+00\n  106    0 1.0000000000 -5.9510697099e+00 -6.2215301375e+00\n  107    0 1.0000000000 -5.9490641716e+00 -6.2174654420e+00\n  108    0 1.0000000000 -5.9467922663e+00 -6.2128711945e+00\n  109    0 1.0000000000 -5.9442543076e+00 -6.2077520209e+00\n  110    0 1.0000000000 -5.9414506459e+00 -6.2021130759e+00\n  111    0 1.0000000000 -5.9383816674e+00 -6.1959600374e+00\n  112    0 1.0000000000 -5.9350477951e+00 -6.1892991009e+00\n  113    0 1.0000000000 -5.9314494876e+00 -6.1821369735e+00\n  114    0 1.0000000000 -5.9275872399e+00 -6.1744808668e+00\n  115    0 1.0000000000 -5.9234615824e+00 -6.1663384899e+00\n  116    0 1.0000000000 -5.9190730815e+00 -6.1577180415e+00\n  117    0 1.0000000000 -5.9144223388e+00 -6.1486282016e+00\n  118    0 1.0000000000 -5.9095099914e+00 -6.1390781229e+00\n  119    0 1.0000000000 -5.9043367113e+00 -6.1290774216e+00\n  120    0 1.0000000000 -5.8989032055e+00 -6.1186361674e+00\n  121    0 1.0000000000 -5.8932102155e+00 -6.1077648739e+00\n  122    0 1.0000000000 -5.8872585176e+00 -6.0964744875e+00\n  123    0 1.0000000000 -5.8810489219e+00 -6.0847763768e+00\n  124    0 1.0000000000 -5.8745822727e+00 -6.0726823206e+00\n  125    0 1.0000000000 -5.8678594479e+00 -6.0602044967e+00\n  126    0 1.0000000000 -5.8608813588e+00 -6.0473554692e+00\n  127    0 1.0000000000 -5.8536489501e+00 -6.0341481759e+00\n  128    0 1.0000000000 -5.8461631990e+00 -6.0205959156e+00\n  129    0 1.0000000000 -5.8384251156e+00 -6.0067123341e+00\n  130    0 1.0000000000 -5.8304357421e+00 -5.9925114112e+00\n  131    0 1.0000000000 -5.8221961527e+00 -5.9780074458e+00\n  132    0 1.0000000000 -5.8137074533e+00 -5.9632150422e+00\n  133    0 1.0000000000 -5.8049707810e+00 -5.9481490952e+00\n  134    0 1.0000000000 -5.7959873039e+00 -5.9328247749e+00\n  135    0 1.0000000000 -5.7867582209e+00 -5.9172575116e+00\n  136    0 1.0000000000 -5.7772847608e+00 -5.9014629802e+00\n  137    0 1.0000000000 -5.7675681827e+00 -5.8854570844e+00\n  138    0 1.0000000000 -5.7576097750e+00 -5.8692559409e+00\n  139    0 1.0000000000 -5.7474108553e+00 -5.8528758627e+00\n  140    0 1.0000000000 -5.7369727700e+00 -5.8363333433e+00\n  141    0 1.0000000000 -5.7262968940e+00 -5.8196450396e+00\n  142    0 1.0000000000 -5.7153846298e+00 -5.8028277552e+00\n  143    0 1.0000000000 -5.7042374079e+00 -5.7858984238e+00\n  144    0 1.0000000000 -5.6928566857e+00 -5.7688740918e+00\n  145    0 1.0000000000 -5.6812439474e+00 -5.7517719012e+00\n  146    0 1.0000000000 -5.6694007035e+00 -5.7346090725e+00\n  147    0 1.0000000000 -5.6573284905e+00 -5.7174028871e+00\n  148    0 1.0000000000 -5.6450288702e+00 -5.7001706703e+00\n  149    0 1.0000000000 -5.6325034294e+00 -5.6829297734e+00\n  150    0 1.0000000000 -5.6197537795e+00 -5.6656975566e+00\n  151    0 1.0000000000 -5.6067815560e+00 -5.6484913713e+00\n  152    0 1.0000000000 -5.5935884181e+00 -5.6313285425e+00\n  153    0 1.0000000000 -5.5801760481e+00 -5.6142263519e+00\n  154    0 1.0000000000 -5.5665461508e+00 -5.5972020199e+00\n  155    0 1.0000000000 -5.5527004537e+00 -5.5802726885e+00\n  156    0 1.0000000000 -5.5386407057e+00 -5.5634554041e+00\n  157    0 1.0000000000 -5.5243686771e+00 -5.5467671004e+00\n  158    0 1.0000000000 -5.5098861590e+00 -5.5302245810e+00\n  159    0 1.0000000000 -5.4951949628e+00 -5.5138445029e+00\n  160    0 1.0000000000 -5.4802969196e+00 -5.4976433593e+00\n  161    0 1.0000000000 -5.4651938802e+00 -5.4816374635e+00\n  162    0 1.0000000000 -5.4498877138e+00 -5.4658429321e+00\n  163    0 1.0000000000 -5.4343803081e+00 -5.4502756688e+00\n  164    0 1.0000000000 -5.4186735688e+00 -5.4349513485e+00\n  165    0 1.0000000000 -5.4027694187e+00 -5.4198854015e+00\n  166    0 1.0000000000 -5.3866697975e+00 -5.4050929980e+00\n  167    0 1.0000000000 -5.3703766614e+00 -5.3905890326e+00\n  168    0 1.0000000000 -5.3538919821e+00 -5.3763881096e+00\n  169    0 1.0000000000 -5.3372177469e+00 -5.3625045281e+00\n  170    0 1.0000000000 -5.3203559578e+00 -5.3489522678e+00\n  171    0 1.0000000000 -5.3033086311e+00 -5.3357449746e+00\n  172    0 1.0000000000 -5.2860777968e+00 -5.3228959471e+00\n  173    0 1.0000000000 -5.2686654984e+00 -5.3104181232e+00\n  174    0 1.0000000000 -5.2510737919e+00 -5.2983240670e+00\n  175    0 1.0000000000 -5.2333047458e+00 -5.2866259562e+00\n  176    0 1.0000000000 -5.2153604403e+00 -5.2753355698e+00\n  177    0 1.0000000000 -5.1972429666e+00 -5.2644642763e+00\n  178    0 1.0000000000 -5.1789544270e+00 -5.2540230222e+00\n  179    0 1.0000000000 -5.1604969337e+00 -5.2440223208e+00\n  180    0 1.0000000000 -5.1418726090e+00 -5.2344722421e+00\n  181    0 1.0000000000 -5.1230835841e+00 -5.2253824022e+00\n  182    0 1.0000000000 -5.1041319989e+00 -5.2167619538e+00\n  183    0 1.0000000000 -5.0850200019e+00 -5.2086195769e+00\n  184    0 1.0000000000 -5.0657497489e+00 -5.2009634702e+00\n  185    0 1.0000000000 -5.0463234032e+00 -5.1938013428e+00\n  186    0 1.0000000000 -5.0267431347e+00 -5.1871404064e+00\n  187    0 1.0000000000 -5.0070111195e+00 -5.1809873678e+00\n  188    0 1.0000000000 -4.9871295398e+00 -5.1753484228e+00\n  189    0 1.0000000000 -4.9671005826e+00 -5.1702292492e+00\n  190    0 1.0000000000 -4.9469264400e+00 -5.1656350017e+00\n  191    0 1.0000000000 -4.9266093086e+00 -5.1615703062e+00\n  192    0 1.0000000000 -4.9061513886e+00 -5.1580392556e+00\n  193    0 1.0000000000 -4.8855548841e+00 -5.1550454053e+00\n  194    0 1.0000000000 -4.8648220025e+00 -5.1525917698e+00\n  195    0 1.0000000000 -4.8439549551e+00 -5.1506808198e+00\n  196    0 1.0000000000 -4.8229559604e+00 -5.1493144795e+00\n  197    0 1.0000000000 -4.8018272690e+00 -5.1484941246e+00\n  198    0 1.0000000000 -4.7810960958e+00 -5.1482205812e+00\n  199    0 1.0000000000 -4.8231751883e+00 -5.1487676844e+00\n  200    0 1.0000000000 -4.8657013129e+00 -5.1504086401e+00\n  201    0 1.0000000000 -4.9081415502e+00 -5.1531423853e+00\n  202    0 1.0000000000 -4.9504889033e+00 -5.1569671467e+00\n  203    0 1.0000000000 -4.9927363471e+00 -5.1618804391e+00\n  204    0 1.0000000000 -5.0348767911e+00 -5.1678790618e+00\n  205    0 1.0000000000 -5.0769030751e+00 -5.1749590952e+00\n  206    0 1.0000000000 -5.1188079699e+00 -5.1831158959e+00\n  207    0 1.0000000000 -5.1605841777e+00 -5.1923440915e+00\n  208    0 1.0000000000 -5.2022243347e+00 -5.2026375746e+00\n  209    0 1.0000000000 -5.2437210121e+00 -5.2139894962e+00\n  210    0 1.0000000000 -5.2850667186e+00 -5.2263922582e+00\n  211    0 1.0000000000 -5.3262539020e+00 -5.2398375059e+00\n  212    0 1.0000000000 -5.3672749515e+00 -5.2543161194e+00\n  213    0 1.0000000000 -5.4081222000e+00 -5.2698182054e+00\n  214    0 1.0000000000 -5.4487879264e+00 -5.2863330882e+00\n  215    0 1.0000000000 -5.4892643575e+00 -5.3038493001e+00\n  216    0 1.0000000000 -5.5295436711e+00 -5.3223545731e+00\n  217    0 1.0000000000 -5.5696179980e+00 -5.3418358287e+00\n  218    0 1.0000000000 -5.6094794250e+00 -5.3622791692e+00\n  219    0 1.0000000000 -5.6491199973e+00 -5.3836698686e+00\n  220    0 1.0000000000 -5.6885317213e+00 -5.4059923638e+00\n  221    0 1.0000000000 -5.7277065674e+00 -5.4292302461e+00\n  222    0 1.0000000000 -5.7666364732e+00 -5.4533662535e+00\n  223    0 1.0000000000 -5.8053133458e+00 -5.4783822634e+00\n  224    0 1.0000000000 -5.8437290658e+00 -5.5042592855e+00\n  225    0 1.0000000000 -5.8818754895e+00 -5.5309774565e+00\n  226    0 1.0000000000 -5.9197444526e+00 -5.5585160350e+00\n  227    0 1.0000000000 -5.9573277733e+00 -5.5868533975e+00\n  228    0 1.0000000000 -5.9946172558e+00 -5.6159670355e+00\n  229    0 1.0000000000 -6.0316046932e+00 -5.6458335541e+00\n  230    0 1.0000000000 -6.0682818716e+00 -5.6764286716e+00\n  231    0 1.0000000000 -6.1046405731e+00 -5.7077272209e+00\n  232    0 1.0000000000 -6.1406725795e+00 -5.7397031516e+00\n  233    0 1.0000000000 -6.1763696762e+00 -5.7723295347e+00\n  234    0 1.0000000000 -6.2117236554e+00 -5.8055785682e+00\n  235    0 1.0000000000 -6.2467263202e+00 -5.8394215852e+00\n  236    0 1.0000000000 -6.2813694882e+00 -5.8738290626e+00\n  237    0 1.0000000000 -6.3156449954e+00 -5.9087706335e+00\n  238    0 1.0000000000 -6.3495447000e+00 -5.9442150996e+00\n  239    0 1.0000000000 -6.3830604864e+00 -5.9801304472e+00\n  240    0 1.0000000000 -6.4161842691e+00 -6.0164838644e+00\n  241    0 1.0000000000 -6.4489079967e+00 -6.0532417606e+00\n  242    0 1.0000000000 -6.4812236559e+00 -6.0903697884e+00\n  243    0 1.0000000000 -6.5131232755e+00 -6.1278328671e+00\n  244    0 1.0000000000 -6.5445989307e+00 -6.1655952091e+00\n  245    0 1.0000000000 -6.5756427470e+00 -6.2036203480e+00\n  246    0 1.0000000000 -6.6062469042e+00 -6.2418711689e+00\n  247    0 1.0000000000 -6.6364036409e+00 -6.2803099413e+00\n  248    0 1.0000000000 -6.6661052583e+00 -6.3188983539e+00\n  249    0 1.0000000000 -6.6953441246e+00 -6.3575975515e+00\n  250    0 1.0000000000 -6.7241126790e+00 -6.3963681739e+00\n  251    0 1.0000000000 -6.7524034360e+00 -6.4351703977e+00\n  252    0 1.0000000000 -6.7802089895e+00 -6.4739639789e+00\n  253    0 1.0000000000 -6.8075220170e+00 -6.5127082988e+00\n  254    0 1.0000000000 -6.8343352836e+00 -6.5513624105e+00\n  255    0 1.0000000000 -6.8606416463e+00 -6.5898850885e+00\n  256    0 1.0000000000 -6.8864340582e+00 -6.6282348791e+00\n  257    0 1.0000000000 -6.9117055723e+00 -6.6663701530e+00\n  258    0 1.0000000000 -6.9364493457e+00 -6.7042491596e+00\n  259    0 1.0000000000 -6.9606586440e+00 -6.7418300819e+00\n  260    0 1.0000000000 -6.9843268446e+00 -6.7790710942e+00\n  261    0 1.0000000000 -7.0074474414e+00 -6.8159304196e+00\n  262    0 1.0000000000 -7.0300140482e+00 -6.8523663897e+00\n  263    0 1.0000000000 -7.0520204030e+00 -6.8883375047e+00\n  264    0 1.0000000000 -7.0734603713e+00 -6.9238024947e+00\n  265    0 1.0000000000 -7.0943279505e+00 -6.9587203814e+00\n  266    0 1.0000000000 -7.1146172732e+00 -6.9930505407e+00\n  267    0 1.0000000000 -7.1343226110e+00 -7.0267527657e+00\n  268    0 1.0000000000 -7.1534383783e+00 -7.0597873297e+00\n  269    0 1.0000000000 -7.1719591353e+00 -7.0921150496e+00\n  270    0 1.0000000000 -7.1898795920e+00 -7.1236973492e+00\n  271    0 1.0000000000 -7.2071946113e+00 -7.1544963223e+00\n  272    0 1.0000000000 -7.2238992123e+00 -7.1844747956e+00\n  273    0 1.0000000000 -7.2399885737e+00 -7.2135963906e+00\n  274    0 1.0000000000 -7.2554580367e+00 -7.2418255855e+00\n  275    0 1.0000000000 -7.2703031081e+00 -7.2691277756e+00\n  276    0 1.0000000000 -7.2845194634e+00 -7.2954693334e+00\n  277    0 1.0000000000 -7.2981029494e+00 -7.3208176670e+00\n  278    0 1.0000000000 -7.3110495871e+00 -7.3451412773e+00\n  279    0 1.0000000000 -7.3233555741e+00 -7.3684098137e+00\n  280    0 1.0000000000 -7.3350172876e+00 -7.3905941285e+00\n  281    0 1.0000000000 -7.3460312863e+00 -7.4116663291e+00\n  282    0 1.0000000000 -7.3563943130e+00 -7.4315998286e+00\n  283    0 1.0000000000 -7.3661032966e+00 -7.4503693939e+00\n  284    0 1.0000000000 -7.3751553543e+00 -7.4679511923e+00\n  285    0 1.0000000000 -7.3835477937e+00 -7.4843228349e+00\n  286    0 1.0000000000 -7.3912781142e+00 -7.4994634184e+00\n  287    0 1.0000000000 -7.3983440089e+00 -7.5133535639e+00\n  288    0 1.0000000000 -7.4047433664e+00 -7.5259754527e+00\n  289    0 1.0000000000 -7.4104742718e+00 -7.5373128600e+00\n  290    0 1.0000000000 -7.4155350083e+00 -7.5473511855e+00\n  291    0 1.0000000000 -7.4199240585e+00 -7.5560774806e+00\n  292    0 1.0000000000 -7.4236401049e+00 -7.5634804729e+00\n  293    0 1.0000000000 -7.4266820313e+00 -7.5695505879e+00\n  294    0 1.0000000000 -7.4290489234e+00 -7.5742799669e+00\n  295    0 1.0000000000 -7.4307400695e+00 -7.5776624818e+00\n  296    0 1.0000000000 -7.4317549607e+00 -7.5796937473e+00\n  297    0 1.0000000000 -7.4320932917e+00 -7.5803711288e+00\n