SINGLE-ORBITAL NN+NNN EFFECTIVE MODEL FIT

m=6
eon=0.0
t0=1.0
l_decay=0.5
dl=3.5
pairing=./m=6/pairing.txt
microscopic_orbitals=74

E_eff(k) = eps0 + 2*t1[cos(k.u1)+cos(k.u2)] + 4*t2*cos(k.u1)*cos(k.u2)

eps0     = -6.60544404385870e+00
t1       = -2.25600120120134e-01
t2       = -8.83580791896851e-03

RMSE=1.44033696825527e-01
MAE=1.16938502637793e-01
max_abs_error=3.13435340431224e-01
optimizer_success=True
optimizer_message=Linear least-squares solution
minimum_tracking_continuity=1.0000000000
mean_tracking_continuity=1.0000000000

# k_index idx continuity target fit\n    0    0 1.0000000000 -7.4323455015e+00 -7.5431877560e+00\n    1    0 1.0000000000 -7.4322264478e+00 -7.5429428020e+00\n    2    0 1.0000000000 -7.4318692996e+00 -7.5422081866e+00\n    3    0 1.0000000000 -7.4312740947e+00 -7.5409846495e+00\n    4    0 1.0000000000 -7.4304408964e+00 -7.5392734227e+00\n    5    0 1.0000000000 -7.4293697933e+00 -7.5370762293e+00\n    6    0 1.0000000000 -7.4280608992e+00 -7.5343952816e+00\n    7    0 1.0000000000 -7.4265143532e+00 -7.5312332792e+00\n    8    0 1.0000000000 -7.4247303194e+00 -7.5275934059e+00\n    9    0 1.0000000000 -7.4227089874e+00 -7.5234793268e+00\n   10    0 1.0000000000 -7.4204505716e+00 -7.5188951843e+00\n   11    0 1.0000000000 -7.4179553117e+00 -7.5138455944e+00\n   12    0 1.0000000000 -7.4152234723e+00 -7.5083356414e+00\n   13    0 1.0000000000 -7.4122553429e+00 -7.5023708736e+00\n   14    0 1.0000000000 -7.4090512380e+00 -7.4959572969e+00\n   15    0 1.0000000000 -7.4056114967e+00 -7.4891013692e+00\n   16    0 1.0000000000 -7.4019364831e+00 -7.4818099940e+00\n   17    0 1.0000000000 -7.3980265857e+00 -7.4740905128e+00\n   18    0 1.0000000000 -7.3938822175e+00 -7.4659506987e+00\n   19    0 1.0000000000 -7.3895038162e+00 -7.4573987478e+00\n   20    0 1.0000000000 -7.3848918436e+00 -7.4484432710e+00\n   21    0 1.0000000000 -7.3800467858e+00 -7.4390932859e+00\n   22    0 1.0000000000 -7.3749691529e+00 -7.4293582071e+00\n   23    0 1.0000000000 -7.3696594791e+00 -7.4192478369e+00\n   24    0 1.0000000000 -7.3641183225e+00 -7.4087723557e+00\n   25    0 1.0000000000 -7.3583462648e+00 -7.3979423114e+00\n   26    0 1.0000000000 -7.3523439113e+00 -7.3867686089e+00\n   27    0 1.0000000000 -7.3461118908e+00 -7.3752624992e+00\n   28    0 1.0000000000 -7.3396508553e+00 -7.3634355680e+00\n   29    0 1.0000000000 -7.3329614799e+00 -7.3512997239e+00\n   30    0 1.0000000000 -7.3260444629e+00 -7.3388671868e+00\n   31    0 1.0000000000 -7.3189005251e+00 -7.3261504751e+00\n   32    0 1.0000000000 -7.3115304102e+00 -7.3131623936e+00\n   33    0 1.0000000000 -7.3039348842e+00 -7.2999160201e+00\n   34    0 1.0000000000 -7.2961147355e+00 -7.2864246925e+00\n   35    0 1.0000000000 -7.2880707744e+00 -7.2727019956e+00\n   36    0 1.0000000000 -7.2798038333e+00 -7.2587617468e+00\n   37    0 1.0000000000 -7.2713147662e+00 -7.2446179829e+00\n   38    0 1.0000000000 -7.2626044487e+00 -7.2302849454e+00\n   39    0 1.0000000000 -7.2536737777e+00 -7.2157770665e+00\n   40    0 1.0000000000 -7.2445236711e+00 -7.2011089544e+00\n   41    0 1.0000000000 -7.2351550678e+00 -7.1862953786e+00\n   42    0 1.0000000000 -7.2255689272e+00 -7.1713512551e+00\n   43    0 1.0000000000 -7.2157662295e+00 -7.1562916315e+00\n   44    0 1.0000000000 -7.2057479747e+00 -7.1411316714e+00\n   45    0 1.0000000000 -7.1955151832e+00 -7.1258866396e+00\n   46    0 1.0000000000 -7.1850688947e+00 -7.1105718867e+00\n   47    0 1.0000000000 -7.1744101689e+00 -7.0952028333e+00\n   48    0 1.0000000000 -7.1635400845e+00 -7.0797949546e+00\n   49    0 1.0000000000 -7.1524597393e+00 -7.0643637652e+00\n   50    0 1.0000000000 -7.1411702499e+00 -7.0489248030e+00\n   51    0 1.0000000000 -7.1296727515e+00 -7.0334936136e+00\n   52    0 1.0000000000 -7.1179683975e+00 -7.0180857349e+00\n   53    0 1.0000000000 -7.1060583594e+00 -7.0027166815e+00\n   54    0 1.0000000000 -7.0939438264e+00 -6.9874019286e+00\n   55    0 1.0000000000 -7.0816260052e+00 -6.9721568968e+00\n   56    0 1.0000000000 -7.0691061200e+00 -6.9569969367e+00\n   57    0 1.0000000000 -7.0563854114e+00 -6.9419373131e+00\n   58    0 1.0000000000 -7.0434651374e+00 -6.9269931896e+00\n   59    0 1.0000000000 -7.0303465718e+00 -6.9121796138e+00\n   60    0 1.0000000000 -7.0170310049e+00 -6.8975115017e+00\n   61    0 1.0000000000 -7.0035197428e+00 -6.8830036228e+00\n   62    0 1.0000000000 -6.9898141071e+00 -6.8686705853e+00\n   63    0 1.0000000000 -6.9759154347e+00 -6.8545268214e+00\n   64    0 1.0000000000 -6.9618250777e+00 -6.8405865726e+00\n   65    0 1.0000000000 -6.9475444027e+00 -6.8268638757e+00\n   66    0 1.0000000000 -6.9330747907e+00 -6.8133725481e+00\n   67    0 1.0000000000 -6.9184176370e+00 -6.8001261746e+00\n   68    0 1.0000000000 -6.9035743508e+00 -6.7871380931e+00\n   69    0 1.0000000000 -6.8885463545e+00 -6.7744213814e+00\n   70    0 1.0000000000 -6.8733350842e+00 -6.7619888443e+00\n   71    0 1.0000000000 -6.8579419885e+00 -6.7498530002e+00\n   72    0 1.0000000000 -6.8423685291e+00 -6.7380260690e+00\n   73    0 1.0000000000 -6.8266161796e+00 -6.7265199593e+00\n   74    0 1.0000000000 -6.8106864261e+00 -6.7153462568e+00\n   75    0 1.0000000000 -6.7945807660e+00 -6.7045162125e+00\n   76    0 1.0000000000 -6.7783007084e+00 -6.6940407313e+00\n   77    0 1.0000000000 -6.7618477736e+00 -6.6839303611e+00\n   78    0 1.0000000000 -6.7452234926e+00 -6.6741952823e+00\n   79    0 1.0000000000 -6.7284294068e+00 -6.6648452972e+00\n   80    0 1.0000000000 -6.7114670681e+00 -6.6558898204e+00\n   81    0 1.0000000000 -6.6943380381e+00 -6.6473378695e+00\n   82    0 1.0000000000 -6.6770438882e+00 -6.6391980554e+00\n   83    0 1.0000000000 -6.6595861989e+00 -6.6314785742e+00\n   84    0 1.0000000000 -6.6419665597e+00 -6.6241871989e+00\n   85    0 1.0000000000 -6.6241865689e+00 -6.6173312713e+00\n   86    0 1.0000000000 -6.6062478333e+00 -6.6109176946e+00\n   87    0 1.0000000000 -6.5881519673e+00 -6.6049529268e+00\n   88    0 1.0000000000 -6.5699005936e+00 -6.5994429738e+00\n   89    0 1.0000000000 -6.5514953421e+00 -6.5943933839e+00\n   90    0 1.0000000000 -6.5329378499e+00 -6.5898092414e+00\n   91    0 1.0000000000 -6.5142297608e+00 -6.5856951623e+00\n   92    0 1.0000000000 -6.4953727255e+00 -6.5820552890e+00\n   93    0 1.0000000000 -6.4763684006e+00 -6.5788932866e+00\n   94    0 1.0000000000 -6.4572184489e+00 -6.5762123389e+00\n   95    0 1.0000000000 -6.4379245387e+00 -6.5740151455e+00\n   96    0 1.0000000000 -6.4184883439e+00 -6.5723039187e+00\n   97    0 1.0000000000 -6.3989115437e+00 -6.5710803816e+00\n   98    0 1.0000000000 -6.3791958244e+00 -6.5703457662e+00\n   99    0 1.0000000000 -6.3601720570e+00 -6.5701008122e+00\n  100    0 1.0000000000 -6.3600440878e+00 -6.5698914458e+00\n  101    0 1.0000000000 -6.3597146755e+00 -6.5692635575e+00\n  102    0 1.0000000000 -6.3591838511e+00 -6.5682177794e+00\n  103    0 1.0000000000 -6.3584516654e+00 -6.5667551647e+00\n  104    0 1.0000000000 -6.3575181895e+00 -6.5648771860e+00\n  105    0 1.0000000000 -6.3563835144e+00 -6.5625857343e+00\n  106    0 1.0000000000 -6.3550477514e+00 -6.5598831169e+00\n  107    0 1.0000000000 -6.3535110316e+00 -6.5567720550e+00\n  108    0 1.0000000000 -6.3517735063e+00 -6.5532556814e+00\n  109    0 1.0000000000 -6.3498353466e+00 -6.5493375366e+00\n  110    0 1.0000000000 -6.3476967437e+00 -6.5450215659e+00\n  111    0 1.0000000000 -6.3453579088e+00 -6.5403121151e+00\n  112    0 1.0000000000 -6.3428190728e+00 -6.5352139262e+00\n  113    0 1.0000000000 -6.3400804868e+00 -6.5297321328e+00\n  114    0 1.0000000000 -6.3371424214e+00 -6.5238722544e+00\n  115    0 1.0000000000 -6.3340051673e+00 -6.5176401915e+00\n  116    0 1.0000000000 -6.3306690350e+00 -6.5110422192e+00\n  117    0 1.0000000000 -6.3271343547e+00 -6.5040849812e+00\n  118    0 1.0000000000 -6.3234014767e+00 -6.4967754828e+00\n  119    0 1.0000000000 -6.3194707714e+00 -6.4891210840e+00\n  120    0 1.0000000000 -6.3153426292e+00 -6.4811294922e+00\n  121    0 1.0000000000 -6.3110174613e+00 -6.4728087542e+00\n  122    0 1.0000000000 -6.3064957002e+00 -6.4641672482e+00\n  123    0 1.0000000000 -6.3017778008e+00 -6.4552136757e+00\n  124    0 1.0000000000 -6.2968642425e+00 -6.4459570520e+00\n  125    0 1.0000000000 -6.2917555337e+00 -6.4364066978e+00\n  126    0 1.0000000000 -6.2864522195e+00 -6.4265722295e+00\n  127    0 1.0000000000 -6.2809549012e+00 -6.4164635495e+00\n  128    0 1.0000000000 -6.2752642815e+00 -6.4060908365e+00\n  129    0 1.0000000000 -6.2693812892e+00 -6.3954645348e+00\n  130    0 1.0000000000 -6.2633074443e+00 -6.3845953444e+00\n  131    0 1.0000000000 -6.2570456393e+00 -6.3734942094e+00\n  132    0 1.0000000000 -6.2505992087e+00 -6.3621723079e+00\n  133    0 1.0000000000 -6.2439675016e+00 -6.3506410400e+00\n  134    0 1.0000000000 -6.2371482140e+00 -6.3389120167e+00\n  135    0 1.0000000000 -6.2301405359e+00 -6.3269970482e+00\n  136    0 1.0000000000 -6.2229445797e+00 -6.3149081319e+00\n  137    0 1.0000000000 -6.2155608059e+00 -6.3026574401e+00\n  138    0 1.0000000000 -6.2079898173e+00 -6.2902573084e+00\n  139    0 1.0000000000 -6.2002322871e+00 -6.2777202227e+00\n  140    0 1.0000000000 -6.1922889308e+00 -6.2650588066e+00\n  141    0 1.0000000000 -6.1841604932e+00 -6.2522858093e+00\n  142    0 1.0000000000 -6.1758477432e+00 -6.2394140919e+00\n  143    0 1.0000000000 -6.1673514702e+00 -6.2264566153e+00\n  144    0 1.0000000000 -6.1586724825e+00 -6.2134264265e+00\n  145    0 1.0000000000 -6.1498116059e+00 -6.2003366459e+00\n  146    0 1.0000000000 -6.1407696835e+00 -6.1872004536e+00\n  147    0 1.0000000000 -6.1315475745e+00 -6.1740310768e+00\n  148    0 1.0000000000 -6.1221461541e+00 -6.1608417759e+00\n  149    0 1.0000000000 -6.1125663132e+00 -6.1476458314e+00\n  150    0 1.0000000000 -6.1028089581e+00 -6.1344565304e+00\n  151    0 1.0000000000 -6.0928750102e+00 -6.1212871536e+00\n  152    0 1.0000000000 -6.0827654056e+00 -6.1081509614e+00\n  153    0 1.0000000000 -6.0724810951e+00 -6.0950611807e+00\n  154    0 1.0000000000 -6.0620230438e+00 -6.0820309919e+00\n  155    0 1.0000000000 -6.0513922309e+00 -6.0690735153e+00\n  156    0 1.0000000000 -6.0405896497e+00 -6.0562017980e+00\n  157    0 1.0000000000 -6.0296163071e+00 -6.0434288006e+00\n  158    0 1.0000000000 -6.0184732236e+00 -6.0307673846e+00\n  159    0 1.0000000000 -6.0071614326e+00 -6.0182302988e+00\n  160    0 1.0000000000 -5.9956819812e+00 -6.0058301671e+00\n  161    0 1.0000000000 -5.9840359287e+00 -5.9935794754e+00\n  162    0 1.0000000000 -5.9722243474e+00 -5.9814905590e+00\n  163    0 1.0000000000 -5.9602483219e+00 -5.9695755905e+00\n  164    0 1.0000000000 -5.9481089490e+00 -5.9578465672e+00\n  165    0 1.0000000000 -5.9358073374e+00 -5.9463152993e+00\n  166    0 1.0000000000 -5.9233446076e+00 -5.9349933978e+00\n  167    0 1.0000000000 -5.9107218916e+00 -5.9238922629e+00\n  168    0 1.0000000000 -5.8979403326e+00 -5.9130230724e+00\n  169    0 1.0000000000 -5.8850010851e+00 -5.9023967708e+00\n  170    0 1.0000000000 -5.8719053141e+00 -5.8920240577e+00\n  171    0 1.0000000000 -5.8586541955e+00 -5.8819153778e+00\n  172    0 1.0000000000 -5.8452489153e+00 -5.8720809094e+00\n  173    0 1.0000000000 -5.8316906700e+00 -5.8625305552e+00\n  174    0 1.0000000000 -5.8179806657e+00 -5.8532739315e+00\n  175    0 1.0000000000 -5.8041201182e+00 -5.8443203590e+00\n  176    0 1.0000000000 -5.7901102531e+00 -5.8356788531e+00\n  177    0 1.0000000000 -5.7759523047e+00 -5.8273581151e+00\n  178    0 1.0000000000 -5.7616475168e+00 -5.8193665232e+00\n  179    0 1.0000000000 -5.7471971415e+00 -5.8117121244e+00\n  180    0 1.0000000000 -5.7326024397e+00 -5.8044026260e+00\n  181    0 1.0000000000 -5.7178646806e+00 -5.7974453880e+00\n  182    0 1.0000000000 -5.7029851413e+00 -5.7908474157e+00\n  183    0 1.0000000000 -5.6879651068e+00 -5.7846153528e+00\n  184    0 1.0000000000 -5.6728058696e+00 -5.7787554745e+00\n  185    0 1.0000000000 -5.6575087296e+00 -5.7732736810e+00\n  186    0 1.0000000000 -5.6420749939e+00 -5.7681754921e+00\n  187    0 1.0000000000 -5.6265059764e+00 -5.7634660414e+00\n  188    0 1.0000000000 -5.6108029976e+00 -5.7591500707e+00\n  189    0 1.0000000000 -5.5949673844e+00 -5.7552319259e+00\n  190    0 1.0000000000 -5.5790004700e+00 -5.7517155522e+00\n  191    0 1.0000000000 -5.5629035935e+00 -5.7486044904e+00\n  192    0 1.0000000000 -5.5466780996e+00 -5.7459018730e+00\n  193    0 1.0000000000 -5.5303253388e+00 -5.7436104212e+00\n  194    0 1.0000000000 -5.5138466667e+00 -5.7417324425e+00\n  195    0 1.0000000000 -5.4972434442e+00 -5.7402698278e+00\n  196    0 1.0000000000 -5.4805170381e+00 -5.7392240498e+00\n  197    0 1.0000000000 -5.4636688254e+00 -5.7385961614e+00\n  198    0 1.0000000000 -5.4503791988e+00 -5.7383867951e+00\n  199    0 1.0000000000 -5.4806918020e+00 -5.7388055368e+00\n  200    0 1.0000000000 -5.5145454754e+00 -5.7400614477e+00\n  201    0 1.0000000000 -5.5482563706e+00 -5.7421535852e+00\n  202    0 1.0000000000 -5.5818198355e+00 -5.7450803776e+00\n  203    0 1.0000000000 -5.6152312022e+00 -5.7488396239e+00\n  204    0 1.0000000000 -5.6484857838e+00 -5.7534284930e+00\n  205    0 1.0000000000 -5.6815788745e+00 -5.7588435223e+00\n  206    0 1.0000000000 -5.7145057509e+00 -5.7650806170e+00\n  207    0 1.0000000000 -5.7472616727e+00 -5.7721350485e+00\n  208    0 1.0000000000 -5.7798418846e+00 -5.7800014532e+00\n  209    0 1.0000000000 -5.8122416165e+00 -5.7886738303e+00\n  210    0 1.0000000000 -5.8444560860e+00 -5.7981455408e+00\n  211    0 1.0000000000 -5.8764804986e+00 -5.8084093052e+00\n  212    0 1.0000000000 -5.9083100496e+00 -5.8194572022e+00\n  213    0 1.0000000000 -5.9399399252e+00 -5.8312806666e+00\n  214    0 1.0000000000 -5.9713653042e+00 -5.8438704879e+00\n  215    0 1.0000000000 -6.0025813588e+00 -5.8572168084e+00\n  216    0 1.0000000000 -6.0335832566e+00 -5.8713091220e+00\n  217    0 1.0000000000 -6.0643661616e+00 -5.8861362731e+00\n  218    0 1.0000000000 -6.0949252360e+00 -5.9016864552e+00\n  219    0 1.0000000000 -6.1252556412e+00 -5.9179472107e+00\n  220    0 1.0000000000 -6.1553525399e+00 -5.9349054300e+00\n  221    0 1.0000000000 -6.1852110970e+00 -5.9525473523e+00\n  222    0 1.0000000000 -6.2148264816e+00 -5.9708585653e+00\n  223    0 1.0000000000 -6.2441938683e+00 -5.9898240068e+00\n  224    0 1.0000000000 -6.2733084389e+00 -6.0094279659e+00\n  225    0 1.0000000000 -6.3021653837e+00 -6.0296540856e+00\n  226    0 1.0000000000 -6.3307599036e+00 -6.0504853652e+00\n  227    0 1.0000000000 -6.3590872111e+00 -6.0719041642e+00\n  228    0 1.0000000000 -6.3871425324e+00 -6.0938922064e+00\n  229    0 1.0000000000 -6.4149211091e+00 -6.1164305853e+00\n  230    0 1.0000000000 -6.4424181991e+00 -6.1394997698e+00\n  231    0 1.0000000000 -6.4696290794e+00 -6.1630796115e+00\n  232    0 1.0000000000 -6.4965490467e+00 -6.1871493523e+00\n  233    0 1.0000000000 -6.5231734199e+00 -6.2116876334e+00\n  234    0 1.0000000000 -6.5494975412e+00 -6.2366725050e+00\n  235    0 1.0000000000 -6.5755167783e+00 -6.2620814379e+00\n  236    0 1.0000000000 -6.6012265257e+00 -6.2878913348e+00\n  237    0 1.0000000000 -6.6266222067e+00 -6.3140785441e+00\n  238    0 1.0000000000 -6.6516992749e+00 -6.3406188742e+00\n  239    0 1.0000000000 -6.6764532161e+00 -6.3674876089e+00\n  240    0 1.0000000000 -6.7008795499e+00 -6.3946595244e+00\n  241    0 1.0000000000 -6.7249738318e+00 -6.4221089073e+00\n  242    0 1.0000000000 -6.7487316541e+00 -6.4498095737e+00\n  243    0 1.0000000000 -6.7721486487e+00 -6.4777348900e+00\n  244    0 1.0000000000 -6.7952204879e+00 -6.5058577944e+00\n  245    0 1.0000000000 -6.8179428868e+00 -6.5341508198e+00\n  246    0 1.0000000000 -6.8403116045e+00 -6.5625861186e+00\n  247    0 1.0000000000 -6.8623224461e+00 -6.5911354874e+00\n  248    0 1.0000000000 -6.8839712646e+00 -6.6197703942e+00\n  249    0 1.0000000000 -6.9052539622e+00 -6.6484620060e+00\n  250    0 1.0000000000 -6.9261664921e+00 -6.6771812181e+00\n  251    0 1.0000000000 -6.9467048605e+00 -6.7058986841e+00\n  252    0 1.0000000000 -6.9668651277e+00 -6.7345848469e+00\n  253    0 1.0000000000 -6.9866434105e+00 -6.7632099717e+00\n  254    0 1.0000000000 -7.0060358832e+00 -6.7917441786e+00\n  255    0 1.0000000000 -7.0250387796e+00 -6.8201574778e+00\n  256    0 1.0000000000 -7.0436483944e+00 -6.8484198039e+00\n  257    0 1.0000000000 -7.0618610850e+00 -6.8765010529e+00\n  258    0 1.0000000000 -7.0796732730e+00 -6.9043711186e+00\n  259    0 1.0000000000 -7.0970814459e+00 -6.9319999305e+00\n  260    0 1.0000000000 -7.1140821582e+00 -6.9593574920e+00\n  261    0 1.0000000000 -7.1306720336e+00 -6.9864139197e+00\n  262    0 1.0000000000 -7.1468477659e+00 -7.0131394825e+00\n  263    0 1.0000000000 -7.1626061208e+00 -7.0395046419e+00\n  264    0 1.0000000000 -7.1779439374e+00 -7.0654800920e+00\n  265    0 1.0000000000 -7.1928581293e+00 -7.0910368004e+00\n  266    0 1.0000000000 -7.2073456864e+00 -7.1161460488e+00\n  267    0 1.0000000000 -7.2214036759e+00 -7.1407794742e+00\n  268    0 1.0000000000 -7.2350292440e+00 -7.1649091095e+00\n  269    0 1.0000000000 -7.2482196169e+00 -7.1885074247e+00\n  270    0 1.0000000000 -7.2609721023e+00 -7.2115473675e+00\n  271    0 1.0000000000 -7.2732840905e+00 -7.2340024039e+00\n  272    0 1.0000000000 -7.2851530556e+00 -7.2558465582e+00\n  273    0 1.0000000000 -7.2965765569e+00 -7.2770544528e+00\n  274    0 1.0000000000 -7.3075522399e+00 -7.2976013473e+00\n  275    0 1.0000000000 -7.3180778372e+00 -7.3174631771e+00\n  276    0 1.0000000000 -7.3281511699e+00 -7.3366165914e+00\n  277    0 1.0000000000 -7.3377701485e+00 -7.3550389898e+00\n  278    0 1.0000000000 -7.3469327740e+00 -7.3727085587e+00\n  279    0 1.0000000000 -7.3556371384e+00 -7.3896043065e+00\n  280    0 1.0000000000 -7.3638814262e+00 -7.4057060970e+00\n  281    0 1.0000000000 -7.3716639150e+00 -7.4209946834e+00\n  282    0 1.0000000000 -7.3789829763e+00 -7.4354517385e+00\n  283    0 1.0000000000 -7.3858370762e+00 -7.4490598862e+00\n  284    0 1.0000000000 -7.3922247765e+00 -7.4618027295e+00\n  285    0 1.0000000000 -7.3981447348e+00 -7.4736648784e+00\n  286    0 1.0000000000 -7.4035957058e+00 -7.4846319753e+00\n  287    0 1.0000000000 -7.4085765416e+00 -7.4946907195e+00\n  288    0 1.0000000000 -7.4130861919e+00 -7.5038288894e+00\n  289    0 1.0000000000 -7.4171237053e+00 -7.5120353634e+00\n  290    0 1.0000000000 -7.4206882290e+00 -7.5193001390e+00\n  291    0 1.0000000000 -7.4237790096e+00 -7.5256143494e+00\n  292    0 1.0000000000 -7.4263953937e+00 -7.5309702791e+00\n  293    0 1.0000000000 -7.4285368274e+00 -7.5353613770e+00\n  294    0 1.0000000000 -7.4302028575e+00 -7.5387822676e+00\n  295    0 1.0000000000 -7.4313931312e+00 -7.5412287604e+00\n  296    0 1.0000000000 -7.4321073963e+00 -7.5426978569e+00\n  297    0 1.0000000000 -7.4323455015e+00 -7.5431877560e+00\n