SINGLE-ORBITAL NN+NNN EFFECTIVE MODEL FIT

m=7
eon=0.0
t0=1.0
l_decay=0.5
dl=3.5
pairing=./m=7/pairing.txt
microscopic_orbitals=100

E_eff(k) = eps0 + 2*t1[cos(k.u1)+cos(k.u2)] + 4*t2*cos(k.u1)*cos(k.u2)

eps0     = -6.80608922695004e+00
t1       = -1.72619590706016e-01
t2       = -5.25407866556360e-03

RMSE=1.12394816278630e-01
MAE=9.07791742360639e-02
max_abs_error=2.45364693748735e-01
optimizer_success=True
optimizer_message=Linear least-squares solution
minimum_tracking_continuity=1.0000000000
mean_tracking_continuity=1.0000000000

# k_index idx continuity target fit\n    0    0 1.0000000000 -7.4324038981e+00 -7.5175839044e+00\n    1    0 1.0000000000 -7.4323158234e+00 -7.5173995103e+00\n    2    0 1.0000000000 -7.4320516062e+00 -7.5168465136e+00\n    3    0 1.0000000000 -7.4316112674e+00 -7.5159254712e+00\n    4    0 1.0000000000 -7.4309948416e+00 -7.5146373104e+00\n    5    0 1.0000000000 -7.4302023774e+00 -7.5129833284e+00\n    6    0 1.0000000000 -7.4292339371e+00 -7.5109651905e+00\n    7    0 1.0000000000 -7.4280895971e+00 -7.5085849288e+00\n    8    0 1.0000000000 -7.4267694473e+00 -7.5058449402e+00\n    9    0 1.0000000000 -7.4252735917e+00 -7.5027479834e+00\n   10    0 1.0000000000 -7.4236021480e+00 -7.4992971769e+00\n   11    0 1.0000000000 -7.4217552476e+00 -7.4954959953e+00\n   12    0 1.0000000000 -7.4197330357e+00 -7.4913482662e+00\n   13    0 1.0000000000 -7.4175356713e+00 -7.4868581659e+00\n   14    0 1.0000000000 -7.4151633269e+00 -7.4820302156e+00\n   15    0 1.0000000000 -7.4126161889e+00 -7.4768692765e+00\n   16    0 1.0000000000 -7.4098944573e+00 -7.4713805455e+00\n   17    0 1.0000000000 -7.4069983454e+00 -7.4655695490e+00\n   18    0 1.0000000000 -7.4039280804e+00 -7.4594421384e+00\n   19    0 1.0000000000 -7.4006839028e+00 -7.4530044833e+00\n   20    0 1.0000000000 -7.3972660668e+00 -7.4462630660e+00\n   21    0 1.0000000000 -7.3936748398e+00 -7.4392246745e+00\n   22    0 1.0000000000 -7.3899105027e+00 -7.4318963959e+00\n   23    0 1.0000000000 -7.3859733496e+00 -7.4242856091e+00\n   24    0 1.0000000000 -7.3818636881e+00 -7.4163999775e+00\n   25    0 1.0000000000 -7.3775818389e+00 -7.4082474413e+00\n   26    0 1.0000000000 -7.3731281357e+00 -7.3998362095e+00\n   27    0 1.0000000000 -7.3685029256e+00 -7.3911747513e+00\n   28    0 1.0000000000 -7.3637065686e+00 -7.3822717882e+00\n   29    0 1.0000000000 -7.3587394376e+00 -7.3731362848e+00\n   30    0 1.0000000000 -7.3536019185e+00 -7.3637774395e+00\n   31    0 1.0000000000 -7.3482944102e+00 -7.3542046761e+00\n   32    0 1.0000000000 -7.3428173240e+00 -7.3444276335e+00\n   33    0 1.0000000000 -7.3371710843e+00 -7.3344561564e+00\n   34    0 1.0000000000 -7.3313561279e+00 -7.3243002851e+00\n   35    0 1.0000000000 -7.3253729041e+00 -7.3139702459e+00\n   36    0 1.0000000000 -7.3192218748e+00 -7.3034764400e+00\n   37    0 1.0000000000 -7.3129035143e+00 -7.2928294340e+00\n   38    0 1.0000000000 -7.3064183091e+00 -7.2820399485e+00\n   39    0 1.0000000000 -7.2997667581e+00 -7.2711188475e+00\n   40    0 1.0000000000 -7.2929493721e+00 -7.2600771277e+00\n   41    0 1.0000000000 -7.2859666741e+00 -7.2489259072e+00\n   42    0 1.0000000000 -7.2788191990e+00 -7.2376764142e+00\n   43    0 1.0000000000 -7.2715074936e+00 -7.2263399762e+00\n   44    0 1.0000000000 -7.2640321164e+00 -7.2149280078e+00\n   45    0 1.0000000000 -7.2563936377e+00 -7.2034520001e+00\n   46    0 1.0000000000 -7.2485926392e+00 -7.1919235083e+00\n   47    0 1.0000000000 -7.2406297141e+00 -7.1803541406e+00\n   48    0 1.0000000000 -7.2325054672e+00 -7.1687555465e+00\n   49    0 1.0000000000 -7.2242205144e+00 -7.1571394048e+00\n   50    0 1.0000000000 -7.2157754825e+00 -7.1455174119e+00\n   51    0 1.0000000000 -7.2071710098e+00 -7.1339012702e+00\n   52    0 1.0000000000 -7.1984077454e+00 -7.1223026761e+00\n   53    0 1.0000000000 -7.1894863490e+00 -7.1107333085e+00\n   54    0 1.0000000000 -7.1804074914e+00 -7.0992048167e+00\n   55    0 1.0000000000 -7.1711718537e+00 -7.0877288089e+00\n   56    0 1.0000000000 -7.1617801276e+00 -7.0763168406e+00\n   57    0 1.0000000000 -7.1522330152e+00 -7.0649804025e+00\n   58    0 1.0000000000 -7.1425312290e+00 -7.0537309095e+00\n   59    0 1.0000000000 -7.1326754913e+00 -7.0425796890e+00\n   60    0 1.0000000000 -7.1226665347e+00 -7.0315379692e+00\n   61    0 1.0000000000 -7.1125051017e+00 -7.0206168682e+00\n   62    0 1.0000000000 -7.1021919444e+00 -7.0098273827e+00\n   63    0 1.0000000000 -7.0917278246e+00 -6.9991803767e+00\n   64    0 1.0000000000 -7.0811135138e+00 -6.9886865709e+00\n   65    0 1.0000000000 -7.0703497927e+00 -6.9783565316e+00\n   66    0 1.0000000000 -7.0594374514e+00 -6.9682006603e+00\n   67    0 1.0000000000 -7.0483772890e+00 -6.9582291832e+00\n   68    0 1.0000000000 -7.0371701138e+00 -6.9484521406e+00\n   69    0 1.0000000000 -7.0258167429e+00 -6.9388793772e+00\n   70    0 1.0000000000 -7.0143180021e+00 -6.9295205320e+00\n   71    0 1.0000000000 -7.0026747259e+00 -6.9203850285e+00\n   72    0 1.0000000000 -6.9908877572e+00 -6.9114820654e+00\n   73    0 1.0000000000 -6.9789579473e+00 -6.9028206072e+00\n   74    0 1.0000000000 -6.9668861558e+00 -6.8944093754e+00\n   75    0 1.0000000000 -6.9546732502e+00 -6.8862568392e+00\n   76    0 1.0000000000 -6.9423201060e+00 -6.8783712076e+00\n   77    0 1.0000000000 -6.9298276067e+00 -6.8707604208e+00\n   78    0 1.0000000000 -6.9171966432e+00 -6.8634321422e+00\n   79    0 1.0000000000 -6.9044281141e+00 -6.8563937507e+00\n   80    0 1.0000000000 -6.8915229252e+00 -6.8496523334e+00\n   81    0 1.0000000000 -6.8784819898e+00 -6.8432146784e+00\n   82    0 1.0000000000 -6.8653062280e+00 -6.8370872677e+00\n   83    0 1.0000000000 -6.8519965672e+00 -6.8312762713e+00\n   84    0 1.0000000000 -6.8385539414e+00 -6.8257875402e+00\n   85    0 1.0000000000 -6.8249792913e+00 -6.8206266012e+00\n   86    0 1.0000000000 -6.8112735642e+00 -6.8157986508e+00\n   87    0 1.0000000000 -6.7974377138e+00 -6.8113085505e+00\n   88    0 1.0000000000 -6.7834726999e+00 -6.8071608214e+00\n   89    0 1.0000000000 -6.7693794887e+00 -6.8033596398e+00\n   90    0 1.0000000000 -6.7551590521e+00 -6.7999088333e+00\n   91    0 1.0000000000 -6.7408123679e+00 -6.7968118766e+00\n   92    0 1.0000000000 -6.7263404197e+00 -6.7940718879e+00\n   93    0 1.0000000000 -6.7117441963e+00 -6.7916916262e+00\n   94    0 1.0000000000 -6.6970246923e+00 -6.7896734883e+00\n   95    0 1.0000000000 -6.6821829072e+00 -6.7880195063e+00\n   96    0 1.0000000000 -6.6672198458e+00 -6.7867313455e+00\n   97    0 1.0000000000 -6.6521365179e+00 -6.7858103031e+00\n   98    0 1.0000000000 -6.6369339379e+00 -6.7852573064e+00\n   99    0 1.0000000000 -6.6216151076e+00 -6.7850729123e+00\n  100    0 1.0000000000 -6.6215373603e+00 -6.7849096798e+00\n  101    0 1.0000000000 -6.6213041244e+00 -6.7844201468e+00\n  102    0 1.0000000000 -6.6209154174e+00 -6.7836048060e+00\n  103    0 1.0000000000 -6.6203712684e+00 -6.7824644786e+00\n  104    0 1.0000000000 -6.6196717182e+00 -6.7810003128e+00\n  105    0 1.0000000000 -6.6188168195e+00 -6.7792137827e+00\n  106    0 1.0000000000 -6.6178066363e+00 -6.7771066874e+00\n  107    0 1.0000000000 -6.6166412444e+00 -6.7746811484e+00\n  108    0 1.0000000000 -6.6153207312e+00 -6.7719396081e+00\n  109    0 1.0000000000 -6.6138451958e+00 -6.7688848269e+00\n  110    0 1.0000000000 -6.6122147488e+00 -6.7655198809e+00\n  111    0 1.0000000000 -6.6104295123e+00 -6.7618481582e+00\n  112    0 1.0000000000 -6.6084896202e+00 -6.7578733559e+00\n  113    0 1.0000000000 -6.6063952176e+00 -6.7535994762e+00\n  114    0 1.0000000000 -6.6041464614e+00 -6.7490308228e+00\n  115    0 1.0000000000 -6.6017435199e+00 -6.7441719957e+00\n  116    0 1.0000000000 -6.5991865726e+00 -6.7390278874e+00\n  117    0 1.0000000000 -6.5964758108e+00 -6.7336036776e+00\n  118    0 1.0000000000 -6.5936114370e+00 -6.7279048280e+00\n  119    0 1.0000000000 -6.5905936649e+00 -6.7219370769e+00\n  120    0 1.0000000000 -6.5874227199e+00 -6.7157064333e+00\n  121    0 1.0000000000 -6.5840988384e+00 -6.7092191709e+00\n  122    0 1.0000000000 -6.5806222680e+00 -6.7024818219e+00\n  123    0 1.0000000000 -6.5769932676e+00 -6.6955011701e+00\n  124    0 1.0000000000 -6.5732121073e+00 -6.6882842446e+00\n  125    0 1.0000000000 -6.5692790683e+00 -6.6808383121e+00\n  126    0 1.0000000000 -6.5651944426e+00 -6.6731708700e+00\n  127    0 1.0000000000 -6.5609585336e+00 -6.6652896389e+00\n  128    0 1.0000000000 -6.5565716554e+00 -6.6572025544e+00\n  129    0 1.0000000000 -6.5520341330e+00 -6.6489177596e+00\n  130    0 1.0000000000 -6.5473463024e+00 -6.6404435966e+00\n  131    0 1.0000000000 -6.5425085103e+00 -6.6317885981e+00\n  132    0 1.0000000000 -6.5375211141e+00 -6.6229614789e+00\n  133    0 1.0000000000 -6.5323844819e+00 -6.6139711273e+00\n  134    0 1.0000000000 -6.5270989926e+00 -6.6048265957e+00\n  135    0 1.0000000000 -6.5216650352e+00 -6.5955370919e+00\n  136    0 1.0000000000 -6.5160830097e+00 -6.5861119697e+00\n  137    0 1.0000000000 -6.5103533262e+00 -6.5765607194e+00\n  138    0 1.0000000000 -6.5044764052e+00 -6.5668929582e+00\n  139    0 1.0000000000 -6.4984526775e+00 -6.5571184208e+00\n  140    0 1.0000000000 -6.4922825841e+00 -6.5472469493e+00\n  141    0 1.0000000000 -6.4859665762e+00 -6.5372884835e+00\n  142    0 1.0000000000 -6.4795051151e+00 -6.5272530506e+00\n  143    0 1.0000000000 -6.4728986717e+00 -6.5171507555e+00\n  144    0 1.0000000000 -6.4661477274e+00 -6.5069917704e+00\n  145    0 1.0000000000 -6.4592527730e+00 -6.4967863245e+00\n  146    0 1.0000000000 -6.4522143091e+00 -6.4865446937e+00\n  147    0 1.0000000000 -6.4450328462e+00 -6.4762771907e+00\n  148    0 1.0000000000 -6.4377089041e+00 -6.4659941538e+00\n  149    0 1.0000000000 -6.4302430122e+00 -6.4557059373e+00\n  150    0 1.0000000000 -6.4226357093e+00 -6.4454229004e+00\n  151    0 1.0000000000 -6.4148875437e+00 -6.4351553973e+00\n  152    0 1.0000000000 -6.4069990726e+00 -6.4249137666e+00\n  153    0 1.0000000000 -6.3989708626e+00 -6.4147083207e+00\n  154    0 1.0000000000 -6.3908034894e+00 -6.4045493356e+00\n  155    0 1.0000000000 -6.3824975373e+00 -6.3944470405e+00\n  156    0 1.0000000000 -6.3740535998e+00 -6.3844116076e+00\n  157    0 1.0000000000 -6.3654722792e+00 -6.3744531417e+00\n  158    0 1.0000000000 -6.3567541862e+00 -6.3645816703e+00\n  159    0 1.0000000000 -6.3478999402e+00 -6.3548071328e+00\n  160    0 1.0000000000 -6.3389101693e+00 -6.3451393717e+00\n  161    0 1.0000000000 -6.3297855096e+00 -6.3355881213e+00\n  162    0 1.0000000000 -6.3205266057e+00 -6.3261629991e+00\n  163    0 1.0000000000 -6.3111341105e+00 -6.3168734954e+00\n  164    0 1.0000000000 -6.3016086847e+00 -6.3077289638e+00\n  165    0 1.0000000000 -6.2919509971e+00 -6.2987386122e+00\n  166    0 1.0000000000 -6.2821617245e+00 -6.2899114930e+00\n  167    0 1.0000000000 -6.2722415511e+00 -6.2812564945e+00\n  168    0 1.0000000000 -6.2621911693e+00 -6.2727823314e+00\n  169    0 1.0000000000 -6.2520112785e+00 -6.2644975366e+00\n  170    0 1.0000000000 -6.2417025859e+00 -6.2564104522e+00\n  171    0 1.0000000000 -6.2312658060e+00 -6.2485292211e+00\n  172    0 1.0000000000 -6.2207016603e+00 -6.2408617790e+00\n  173    0 1.0000000000 -6.2100108777e+00 -6.2334158465e+00\n  174    0 1.0000000000 -6.1991941940e+00 -6.2261989209e+00\n  175    0 1.0000000000 -6.1882523518e+00 -6.2192182692e+00\n  176    0 1.0000000000 -6.1771861006e+00 -6.2124809201e+00\n  177    0 1.0000000000 -6.1659961965e+00 -6.2059936577e+00\n  178    0 1.0000000000 -6.1546834022e+00 -6.1997630141e+00\n  179    0 1.0000000000 -6.1432484869e+00 -6.1937952630e+00\n  180    0 1.0000000000 -6.1316922260e+00 -6.1880964135e+00\n  181    0 1.0000000000 -6.1200154013e+00 -6.1826722037e+00\n  182    0 1.0000000000 -6.1082188004e+00 -6.1775280954e+00\n  183    0 1.0000000000 -6.0963032173e+00 -6.1726692683e+00\n  184    0 1.0000000000 -6.0842694515e+00 -6.1681006148e+00\n  185    0 1.0000000000 -6.0721183084e+00 -6.1638267352e+00\n  186    0 1.0000000000 -6.0598505991e+00 -6.1598519329e+00\n  187    0 1.0000000000 -6.0474671401e+00 -6.1561802102e+00\n  188    0 1.0000000000 -6.0349687534e+00 -6.1528152641e+00\n  189    0 1.0000000000 -6.0223562662e+00 -6.1497604830e+00\n  190    0 1.0000000000 -6.0096305110e+00 -6.1470189427e+00\n  191    0 1.0000000000 -5.9967923252e+00 -6.1445934037e+00\n  192    0 1.0000000000 -5.9838425513e+00 -6.1424863084e+00\n  193    0 1.0000000000 -5.9707820363e+00 -6.1406997783e+00\n  194    0 1.0000000000 -5.9576116324e+00 -6.1392356124e+00\n  195    0 1.0000000000 -5.9443321959e+00 -6.1380952850e+00\n  196    0 1.0000000000 -5.9309445878e+00 -6.1372799443e+00\n  197    0 1.0000000000 -5.9174496738e+00 -6.1367904113e+00\n  198    0 1.0000000000 -5.9038533951e+00 -6.1366271788e+00\n  199    0 1.0000000000 -5.9310812325e+00 -6.1369536491e+00\n  200    0 1.0000000000 -5.9581656940e+00 -6.1379327950e+00\n  201    0 1.0000000000 -5.9850970235e+00 -6.1395638222e+00\n  202    0 1.0000000000 -6.0118721469e+00 -6.1418454064e+00\n  203    0 1.0000000000 -6.0384879876e+00 -6.1447756938e+00\n  204    0 1.0000000000 -6.0649414673e+00 -6.1483523013e+00\n  205    0 1.0000000000 -6.0912295069e+00 -6.1525723161e+00\n  206    0 1.0000000000 -6.1173490265e+00 -6.1574322964e+00\n  207    0 1.0000000000 -6.1432969470e+00 -6.1629282712e+00\n  208    0 1.0000000000 -6.1690701902e+00 -6.1690557409e+00\n  209    0 1.0000000000 -6.1946656796e+00 -6.1758096775e+00\n  210    0 1.0000000000 -6.2200803413e+00 -6.1831845249e+00\n  211    0 1.0000000000 -6.2453111047e+00 -6.1911742001e+00\n  212    0 1.0000000000 -6.2703549031e+00 -6.1997720930e+00\n  213    0 1.0000000000 -6.2952086745e+00 -6.2089710681e+00\n  214    0 1.0000000000 -6.3198693624e+00 -6.2187634652e+00\n  215    0 1.0000000000 -6.3443339166e+00 -6.2291411005e+00\n  216    0 1.0000000000 -6.3685992938e+00 -6.2400952685e+00\n  217    0 1.0000000000 -6.3926624587e+00 -6.2516167434e+00\n  218    0 1.0000000000 -6.4165203841e+00 -6.2636957812e+00\n  219    0 1.0000000000 -6.4401700526e+00 -6.2763221223e+00\n  220    0 1.0000000000 -6.4636084566e+00 -6.2894849937e+00\n  221    0 1.0000000000 -6.4868325996e+00 -6.3031731124e+00\n  222    0 1.0000000000 -6.5098394967e+00 -6.3173746888e+00\n  223    0 1.0000000000 -6.5326261754e+00 -6.3320774302e+00\n  224    0 1.0000000000 -6.5551896768e+00 -6.3472685456e+00\n  225    0 1.0000000000 -6.5775270557e+00 -6.3629347501e+00\n  226    0 1.0000000000 -6.5996353822e+00 -6.3790622703e+00\n  227    0 1.0000000000 -6.6215117418e+00 -6.3956368502e+00\n  228    0 1.0000000000 -6.6431532367e+00 -6.4126437574e+00\n  229    0 1.0000000000 -6.6645569865e+00 -6.4300677901e+00\n  230    0 1.0000000000 -6.6857201287e+00 -6.4478932847e+00\n  231    0 1.0000000000 -6.7066398201e+00 -6.4661041242e+00\n  232    0 1.0000000000 -6.7273132370e+00 -6.4846837466e+00\n  233    0 1.0000000000 -6.7477375766e+00 -6.5036151548e+00\n  234    0 1.0000000000 -6.7679100572e+00 -6.5228809266e+00\n  235    0 1.0000000000 -6.7878279197e+00 -6.5424632259e+00\n  236    0 1.0000000000 -6.8074884277e+00 -6.5623438142e+00\n  237    0 1.0000000000 -6.8268888690e+00 -6.5825040628e+00\n  238    0 1.0000000000 -6.8460265558e+00 -6.6029249665e+00\n  239    0 1.0000000000 -6.8648988260e+00 -6.6235871570e+00\n  240    0 1.0000000000 -6.8835030437e+00 -6.6444709177e+00\n  241    0 1.0000000000 -6.9018366002e+00 -6.6655561996e+00\n  242    0 1.0000000000 -6.9198969145e+00 -6.6868226370e+00\n  243    0 1.0000000000 -6.9376814345e+00 -6.7082495646e+00\n  244    0 1.0000000000 -6.9551876376e+00 -6.7298160358e+00\n  245    0 1.0000000000 -6.9724130314e+00 -6.7515008406e+00\n  246    0 1.0000000000 -6.9893551546e+00 -6.7732825254e+00\n  247    0 1.0000000000 -7.0060115777e+00 -6.7951394126e+00\n  248    0 1.0000000000 -7.0223799038e+00 -6.8170496221e+00\n  249    0 1.0000000000 -7.0384577696e+00 -6.8389910920e+00\n  250    0 1.0000000000 -7.0542428456e+00 -6.8609416015e+00\n  251    0 1.0000000000 -7.0697328376e+00 -6.8828787934e+00\n  252    0 1.0000000000 -7.0849254866e+00 -6.9047801977e+00\n  253    0 1.0000000000 -7.0998185703e+00 -6.9266232558e+00\n  254    0 1.0000000000 -7.1144099033e+00 -6.9483853453e+00\n  255    0 1.0000000000 -7.1286973383e+00 -6.9700438054e+00\n  256    0 1.0000000000 -7.1426787661e+00 -6.9915759622e+00\n  257    0 1.0000000000 -7.1563521171e+00 -7.0129591558e+00\n  258    0 1.0000000000 -7.1697153615e+00 -7.0341707665e+00\n  259    0 1.0000000000 -7.1827665100e+00 -7.0551882422e+00\n  260    0 1.0000000000 -7.1955036146e+00 -7.0759891257e+00\n  261    0 1.0000000000 -7.2079247694e+00 -7.0965510827e+00\n  262    0 1.0000000000 -7.2200281108e+00 -7.1168519301e+00\n  263    0 1.0000000000 -7.2318118186e+00 -7.1368696636e+00\n  264    0 1.0000000000 -7.2432741163e+00 -7.1565824870e+00\n  265    0 1.0000000000 -7.2544132719e+00 -7.1759688402e+00\n  266    0 1.0000000000 -7.2652275984e+00 -7.1950074277e+00\n  267    0 1.0000000000 -7.2757154543e+00 -7.2136772479e+00\n  268    0 1.0000000000 -7.2858752444e+00 -7.2319576208e+00\n  269    0 1.0000000000 -7.2957054203e+00 -7.2498282168e+00\n  270    0 1.0000000000 -7.3052044806e+00 -7.2672690850e+00\n  271    0 1.0000000000 -7.3143709719e+00 -7.2842606809e+00\n  272    0 1.0000000000 -7.3232034890e+00 -7.3007838943e+00\n  273    0 1.0000000000 -7.3317006754e+00 -7.3168200763e+00\n  274    0 1.0000000000 -7.3398612242e+00 -7.3323510666e+00\n  275    0 1.0000000000 -7.3476838777e+00 -7.3473592196e+00\n  276    0 1.0000000000 -7.3551674288e+00 -7.3618274302e+00\n  277    0 1.0000000000 -7.3623107209e+00 -7.3757391594e+00\n  278    0 1.0000000000 -7.3691126481e+00 -7.3890784583e+00\n  279    0 1.0000000000 -7.3755721564e+00 -7.4018299927e+00\n  280    0 1.0000000000 -7.3816882431e+00 -7.4139790655e+00\n  281    0 1.0000000000 -7.3874599579e+00 -7.4255116397e+00\n  282    0 1.0000000000 -7.3928864029e+00 -7.4364143590e+00\n  283    0 1.0000000000 -7.3979667329e+00 -7.4466745688e+00\n  284    0 1.0000000000 -7.4027001560e+00 -7.4562803358e+00\n  285    0 1.0000000000 -7.4070859335e+00 -7.4652204659e+00\n  286    0 1.0000000000 -7.4111233804e+00 -7.4734845222e+00\n  287    0 1.0000000000 -7.4148118655e+00 -7.4810628408e+00\n  288    0 1.0000000000 -7.4181508118e+00 -7.4879465463e+00\n  289    0 1.0000000000 -7.4211396967e+00 -7.4941275657e+00\n  290    0 1.0000000000 -7.4237780519e+00 -7.4995986407e+00\n  291    0 1.0000000000 -7.4260654640e+00 -7.5043533399e+00\n  292    0 1.0000000000 -7.4280015743e+00 -7.5083860683e+00\n  293    0 1.0000000000 -7.4295860791e+00 -7.5116920767e+00\n  294    0 1.0000000000 -7.4308187297e+00 -7.5142674689e+00\n  295    0 1.0000000000 -7.4316993327e+00 -7.5161092080e+00\n  296    0 1.0000000000 -7.4322277498e+00 -7.5172151215e+00\n  297    0 1.0000000000 -7.4324038981e+00 -7.5175839044e+00\n