SINGLE-ORBITAL NN+NNN EFFECTIVE MODEL FIT

m=3
eon=0.0
t0=1.0
l_decay=4.0
dl=0.1
pairing=./m=3/pairing.txt
microscopic_orbitals=20

E_eff(k) = eps0 + 2*t1[cos(k.u1)+cos(k.u2)] + 4*t2*cos(k.u1)*cos(k.u2)

eps0     = -2.31687489451155e+01
t1       = -1.11509997664912e+01
t2       = -6.10301969055742e+00

RMSE=2.84337749585159e+00
MAE=2.39067357217615e+00
max_abs_error=5.87599019522173e+00
optimizer_success=True
optimizer_message=Linear least-squares solution
minimum_tracking_continuity=1.0000000000
mean_tracking_continuity=1.0000000000

# k_index idx continuity target fit\n    0    0 1.0000000000 -9.5415871066e+01 -9.2184826773e+01\n    1    0 1.0000000000 -9.5388496282e+01 -9.2161308215e+01\n    2    0 1.0000000000 -9.5306400079e+01 -9.2090776220e+01\n    3    0 1.0000000000 -9.5169666881e+01 -9.1973301810e+01\n    4    0 1.0000000000 -9.4978437307e+01 -9.1809003270e+01\n    5    0 1.0000000000 -9.4732908043e+01 -9.1598046035e+01\n    6    0 1.0000000000 -9.4433331665e+01 -9.1340642522e+01\n    7    0 1.0000000000 -9.4080016408e+01 -9.1037051914e+01\n    8    0 1.0000000000 -9.3673325885e+01 -9.0687579901e+01\n    9    0 1.0000000000 -9.3213678759e+01 -9.0292578371e+01\n   10    0 1.0000000000 -9.2701548364e+01 -8.9852445058e+01\n   11    0 1.0000000000 -9.2137462276e+01 -8.9367623139e+01\n   12    0 1.0000000000 -9.1522001843e+01 -8.8838600788e+01\n   13    0 1.0000000000 -9.0855801662e+01 -8.8265910685e+01\n   14    0 1.0000000000 -9.0139549013e+01 -8.7650129482e+01\n   15    0 1.0000000000 -8.9373983254e+01 -8.6991877218e+01\n   16    0 1.0000000000 -8.8559895164e+01 -8.6291816697e+01\n   17    0 1.0000000000 -8.7698126253e+01 -8.5550652820e+01\n   18    0 1.0000000000 -8.6789568034e+01 -8.4769131877e+01\n   19    0 1.0000000000 -8.5835161250e+01 -8.3948040793e+01\n   20    0 1.0000000000 -8.4835895071e+01 -8.3088206337e+01\n   21    0 1.0000000000 -8.3792806264e+01 -8.2190494290e+01\n   22    0 1.0000000000 -8.2706978321e+01 -8.1255808572e+01\n   23    0 1.0000000000 -8.1579540570e+01 -8.0285090331e+01\n   24    0 1.0000000000 -8.0411667264e+01 -7.9279316999e+01\n   25    0 1.0000000000 -7.9204576635e+01 -7.8239501305e+01\n   26    0 1.0000000000 -7.7959529957e+01 -7.7166690254e+01\n   27    0 1.0000000000 -7.6677830571e+01 -7.6061964076e+01\n   28    0 1.0000000000 -7.5360822928e+01 -7.4926435138e+01\n   29    0 1.0000000000 -7.4009891614e+01 -7.3761246819e+01\n   30    0 1.0000000000 -7.2626460392e+01 -7.2567572367e+01\n   31    0 1.0000000000 -7.1211991255e+01 -7.1346613711e+01\n   32    0 1.0000000000 -6.9767983499e+01 -7.0099600251e+01\n   33    0 1.0000000000 -6.8295972828e+01 -6.8827787626e+01\n   34    0 1.0000000000 -6.6797530508e+01 -6.7532456442e+01\n   35    0 1.0000000000 -6.5274262568e+01 -6.6214910988e+01\n   36    0 1.0000000000 -6.3727809076e+01 -6.4876477920e+01\n   37    0 1.0000000000 -6.2159843501e+01 -6.3518504929e+01\n   38    0 1.0000000000 -6.0572072178e+01 -6.2142359376e+01\n   39    0 1.0000000000 -5.8966233904e+01 -6.0749426924e+01\n   40    0 1.0000000000 -5.7344099692e+01 -5.9341110139e+01\n   41    0 1.0000000000 -5.5707472701e+01 -5.7918827074e+01\n   42    0 1.0000000000 -5.4058188401e+01 -5.6484009850e+01\n   43    0 1.0000000000 -5.2398114984e+01 -5.5038103205e+01\n   44    0 1.0000000000 -5.0729154107e+01 -5.3582563045e+01\n   45    0 1.0000000000 -4.9053241986e+01 -5.2118854976e+01\n   46    0 1.0000000000 -4.7372350947e+01 -5.0648452826e+01\n   47    0 1.0000000000 -4.5688491475e+01 -4.9172837168e+01\n   48    0 1.0000000000 -4.4003714889e+01 -4.7693493819e+01\n   49    0 1.0000000000 -4.2320116725e+01 -4.6211912355e+01\n   50    0 1.0000000000 -4.0639840954e+01 -4.4729584601e+01\n   51    0 1.0000000000 -3.8965085193e+01 -4.3248003137e+01\n   52    0 1.0000000000 -3.7298107034e+01 -4.1768659789e+01\n   53    0 1.0000000000 -3.5641231686e+01 -4.0293044130e+01\n   54    0 1.0000000000 -3.3996861083e+01 -3.8822641980e+01\n   55    0 1.0000000000 -3.2367484644e+01 -3.7358933911e+01\n   56    0 1.0000000000 -3.0755691797e+01 -3.5903393751e+01\n   57    0 1.0000000000 -2.9164186339e+01 -3.4457487106e+01\n   58    0 1.0000000000 -2.7595802556e+01 -3.3022669882e+01\n   59    0 1.0000000000 -2.6053522777e+01 -3.1600386818e+01\n   60    0 1.0000000000 -2.4540495668e+01 -3.0192070032e+01\n   61    0 1.0000000000 -2.3060053961e+01 -2.8799137580e+01\n   62    0 1.0000000000 -2.1615729431e+01 -2.7422992027e+01\n   63    0 1.0000000000 -2.0211261696e+01 -2.6065019036e+01\n   64    0 1.0000000000 -1.8850595773e+01 -2.4726585969e+01\n   65    0 1.0000000000 -1.7537861438e+01 -2.3409040515e+01\n   66    0 1.0000000000 -1.6277325468e+01 -2.2113709330e+01\n   67    0 1.0000000000 -1.5073306695e+01 -2.0841896705e+01\n   68    0 1.0000000000 -1.3930044382e+01 -1.9594883245e+01\n   69    0 1.0000000000 -1.2851514562e+01 -1.8373924589e+01\n   70    0 1.0000000000 -1.1841197851e+01 -1.7180250137e+01\n   71    0 1.0000000000 -1.0901816184e+01 -1.6015061819e+01\n   72    0 1.0000000000 -1.0035072154e+01 -1.4879532880e+01\n   73    0 1.0000000000 -9.2414373516e+00 -1.3774806703e+01\n   74    0 1.0000000000 -8.5200374525e+00 -1.2701995652e+01\n   75    0 1.0000000000 -7.8686670844e+00 -1.1662179957e+01\n   76    0 1.0000000000 -7.2839390704e+00 -1.0656406625e+01\n   77    0 1.0000000000 -6.7615410310e+00 -9.6856883846e+00\n   78    0 1.0000000000 -6.2965502323e+00 -8.7510026661e+00\n   79    0 1.0000000000 -5.8837525688e+00 -7.8532906190e+00\n   80    0 1.0000000000 -5.5179222788e+00 -6.9934561633e+00\n   81    0 1.0000000000 -5.1940377581e+00 -6.1723650793e+00\n   82    0 1.0000000000 -4.9074272910e+00 -5.3908441362e+00\n   83    0 1.0000000000 -4.6538515646e+00 -4.6496802594e+00\n   84    0 1.0000000000 -4.4295363289e+00 -3.9496197381e+00\n   85    0 1.0000000000 -4.2311698965e+00 -3.2913674738e+00\n   86    0 1.0000000000 -4.0558784772e+00 -2.6755862707e+00\n   87    0 1.0000000000 -3.9011894310e+00 -2.1028961684e+00\n   88    0 1.0000000000 -3.7649895471e+00 -1.5738738173e+00\n   89    0 1.0000000000 -3.6454829482e+00 -1.0890518979e+00\n   90    0 1.0000000000 -3.5411513414e+00 -6.4891858496e-01\n   91    0 1.0000000000 -3.4507180413e+00 -2.5391705532e-01\n   92    0 1.0000000000 -3.3731163527e+00  9.5554957949e-02\n   93    0 1.0000000000 -3.3074624031e+00  3.9914556615e-01\n   94    0 1.0000000000 -3.2530322413e+00  6.5654907927e-01\n   95    0 1.0000000000 -3.2092428910e+00  8.6750631379e-01\n   96    0 1.0000000000 -3.1756370120e+00  1.0318048537e+00\n   97    0 1.0000000000 -3.1518708386e+00  1.1492792642e+00\n   98    0 1.0000000000 -3.1377051055e+00  1.2198112586e+00\n   99    0 1.0000000000 -3.1329987334e+00  1.2433298171e+00\n  100    0 1.0000000000 -3.1324280698e+00  1.2422674817e+00\n  101    0 1.0000000000 -3.1307165783e+00  1.2390815450e+00\n  102    0 1.0000000000 -3.1278657567e+00  1.2337752150e+00\n  103    0 1.0000000000 -3.1238780995e+00  1.2263538348e+00\n  104    0 1.0000000000 -3.1187570946e+00  1.2168248770e+00\n  105    0 1.0000000000 -3.1125072204e+00  1.2051979366e+00\n  106    0 1.0000000000 -3.1051339396e+00  1.1914847208e+00\n  107    0 1.0000000000 -3.0966436943e+00  1.1756990377e+00\n  108    0 1.0000000000 -3.0870438976e+00  1.1578567821e+00\n  109    0 1.0000000000 -3.0763429263e+00  1.1379759197e+00\n  110    0 1.0000000000 -3.0645501108e+00  1.1160764689e+00\n  111    0 1.0000000000 -3.0516757252e+00  1.0921804804e+00\n  112    0 1.0000000000 -3.0377309757e+00  1.0663120156e+00\n  113    0 1.0000000000 -3.0227279877e+00  1.0384971218e+00\n  114    0 1.0000000000 -3.0066797931e+00  1.0087638063e+00\n  115    0 1.0000000000 -2.9896003152e+00  9.7714200791e-01\n  116    0 1.0000000000 -2.9715043536e+00  9.4366356717e-01\n  117    0 1.0000000000 -2.9524075677e+00  9.0836219402e-01\n  118    0 1.0000000000 -2.9323264597e+00  8.7127343396e-01\n  119    0 1.0000000000 -2.9112783561e+00  8.3243463221e-01\n  120    0 1.0000000000 -2.8892813892e+00  7.9188489617e-01\n  121    0 1.0000000000 -2.8663544774e+00  7.4966505597e-01\n  122    0 1.0000000000 -2.8425173044e+00  7.0581762342e-01\n  123    0 1.0000000000 -2.8177902984e+00  6.6038674917e-01\n  124    0 1.0000000000 -2.7921946104e+00  6.1341817825e-01\n  125    0 1.0000000000 -2.7657520916e+00  5.6495920404e-01\n  126    0 1.0000000000 -2.7384852712e+00  5.1505862061e-01\n  127    0 1.0000000000 -2.7104173327e+00  4.6376667363e-01\n  128    0 1.0000000000 -2.6815720908e+00  4.1113500973e-01\n  129    0 1.0000000000 -2.6519739675e+00  3.5721662453e-01\n  130    0 1.0000000000 -2.6216479690e+00  3.0206580929e-01\n  131    0 1.0000000000 -2.5906196612e+00  2.4573809620e-01\n  132    0 1.0000000000 -2.5589151474e+00  1.8829020249e-01\n  133    0 1.0000000000 -2.5265610448e+00  1.2977997332e-01\n  134    0 1.0000000000 -2.4935844626e+00  7.0266323529e-02\n  135    0 1.0000000000 -2.4600129811e+00  9.8091783196e-03\n  136    0 1.0000000000 -2.4258746319e+00 -5.1530587087e-02\n  137    0 1.0000000000 -2.3911978799e+00 -1.1369120875e-01\n  138    0 1.0000000000 -2.3560116080e+00 -1.7661009618e-01\n  139    0 1.0000000000 -2.3203451044e+00 -2.4022389541e-01\n  140    0 1.0000000000 -2.2842280541e+00 -3.0446855273e-01\n  141    0 1.0000000000 -2.2476905344e+00 -3.6927937921e-01\n  142    0 1.0000000000 -2.2107630175e+00 -4.3459111584e-01\n  143    0 1.0000000000 -2.1734763802e+00 -5.0033799924e-01\n  144    0 1.0000000000 -2.1358619232e+00 -5.6645382788e-01\n  145    0 1.0000000000 -2.0979514032e+00 -6.3287202871e-01\n  146    0 1.0000000000 -2.0597770812e+00 -6.9952572425e-01\n  147    0 1.0000000000 -2.0213717906e+00 -7.6634779987e-01\n  148    0 1.0000000000 -1.9827690335e+00 -8.3327097139e-01\n  149    0 1.0000000000 -1.9440031113e+00 -9.0022785287e-01\n  150    0 1.0000000000 -1.9051093028e+00 -9.6715102440e-01\n  151    0 1.0000000000 -1.8661241062e+00 -1.0339731000e+00\n  152    0 1.0000000000 -1.8270855663e+00 -1.1006267956e+00\n  153    0 1.0000000000 -1.7880337209e+00 -1.1670449964e+00\n  154    0 1.0000000000 -1.7490112141e+00 -1.2331608250e+00\n  155    0 1.0000000000 -1.7100641463e+00 -1.2989077084e+00\n  156    0 1.0000000000 -1.6712432690e+00 -1.3642194451e+00\n  157    0 1.0000000000 -1.6326056901e+00 -1.4290302715e+00\n  158    0 1.0000000000 -1.5942173516e+00 -1.4932749289e+00\n  159    0 1.0000000000 -1.5561567124e+00 -1.5568887281e+00\n  160    0 1.0000000000 -1.5185203538e+00 -1.6198076155e+00\n  161    0 1.0000000000 -1.4814317692e+00 -1.6819682372e+00\n  162    0 1.0000000000 -1.4450556086e+00 -1.7433080026e+00\n  163    0 1.0000000000 -1.4096216762e+00 -1.8037651478e+00\n  164    0 1.0000000000 -1.3754672074e+00 -1.8632787976e+00\n  165    0 1.0000000000 -1.3431152899e+00 -1.9217890268e+00\n  166    0 1.0000000000 -1.3134290975e+00 -1.9792369205e+00\n  167    0 1.0000000000 -1.2879349773e+00 -2.0355646336e+00\n  168    0 1.0000000000 -1.2695388235e+00 -2.0907154488e+00\n  169    0 1.0000000000 -1.2641300159e+00 -2.1446338340e+00\n  170    0 1.0000000000 -1.2835165894e+00 -2.1972654979e+00\n  171    0 1.0000000000 -1.3458315474e+00 -2.2485574449e+00\n  172    0 1.0000000000 -1.4607954889e+00 -2.2984580283e+00\n  173    0 1.0000000000 -1.6159306944e+00 -2.3469170025e+00\n  174    0 1.0000000000 -1.7926885909e+00 -2.3938855734e+00\n  175    0 1.0000000000 -1.9789990243e+00 -2.4393164477e+00\n  176    0 1.0000000000 -2.1682661963e+00 -2.4831638802e+00\n  177    0 1.0000000000 -2.3567401440e+00 -2.5253837204e+00\n  178    0 1.0000000000 -2.5420948441e+00 -2.5659334565e+00\n  179    0 1.0000000000 -2.7227648077e+00 -2.6047722582e+00\n  180    0 1.0000000000 -2.8976251149e+00 -2.6418610183e+00\n  181    0 1.0000000000 -3.0658256386e+00 -2.6771623914e+00\n  182    0 1.0000000000 -3.2266986622e+00 -2.7106408322e+00\n  183    0 1.0000000000 -3.3797039995e+00 -2.7422626306e+00\n  184    0 1.0000000000 -3.5243946105e+00 -2.7719959461e+00\n  185    0 1.0000000000 -3.6603941027e+00 -2.7998108399e+00\n  186    0 1.0000000000 -3.7873814832e+00 -2.8256793047e+00\n  187    0 1.0000000000 -3.9050805252e+00 -2.8495752931e+00\n  188    0 1.0000000000 -4.0132521770e+00 -2.8714747440e+00\n  189    0 1.0000000000 -4.1116890406e+00 -2.8913556064e+00\n  190    0 1.0000000000 -4.2002112931e+00 -2.9091978619e+00\n  191    0 1.0000000000 -4.2786636372e+00 -2.9249835450e+00\n  192    0 1.0000000000 -4.3469130018e+00 -2.9386967608e+00\n  193    0 1.0000000000 -4.4048467981e+00 -2.9503237013e+00\n  194    0 1.0000000000 -4.4523715970e+00 -2.9598526590e+00\n  195    0 1.0000000000 -4.4894121307e+00 -2.9672740393e+00\n  196    0 1.0000000000 -4.5159105501e+00 -2.9725803692e+00\n  197    0 1.0000000000 -4.5318258908e+00 -2.9757663059e+00\n  198    0 1.0000000000 -4.5371337125e+00 -2.9768286414e+00\n  199    0 1.0000000000 -4.5259768443e+00 -2.9747101582e+00\n  200    0 1.0000000000 -4.4926123721e+00 -2.9684310507e+00\n  201    0 1.0000000000 -4.4373584719e+00 -2.9582199698e+00\n  202    0 1.0000000000 -4.3607447630e+00 -2.9444567494e+00\n  203    0 1.0000000000 -4.2635115227e+00 -2.9276705360e+00\n  204    0 1.0000000000 -4.1466090983e+00 -2.9085371812e+00\n  205    0 1.0000000000 -4.0111981921e+00 -2.8878759077e+00\n  206    0 1.0000000000 -3.8586521921e+00 -2.8666452629e+00\n  207    0 1.0000000000 -3.6905636271e+00 -2.8459383786e+00\n  208    0 1.0000000000 -3.5087585405e+00 -2.8269775538e+00\n  209    0 1.0000000000 -3.3153260100e+00 -2.8111081868e+00\n  210    0 1.0000000000 -3.1126772472e+00 -2.7997920797e+00\n  211    0 1.0000000000 -2.9036646902e+00 -2.7946001445e+00\n  212    0 1.0000000000 -2.6918287709e+00 -2.7972045422e+00\n  213    0 1.0000000000 -2.4819300689e+00 -2.8093702861e+00\n  214    0 1.0000000000 -2.2811347899e+00 -2.8329463480e+00\n  215    0 1.0000000000 -2.1015608426e+00 -2.8698563009e+00\n  216    0 1.0000000000 -1.9640784234e+00 -2.9220885418e+00\n  217    0 1.0000000000 -1.8949876364e+00 -2.9916861328e+00\n  218    0 1.0000000000 -1.9023815491e+00 -3.0807363058e+00\n  219    0 1.0000000000 -1.9676017085e+00 -3.1913596738e+00\n  220    0 1.0000000000 -2.0700726289e+00 -3.3256991959e+00\n  221    0 1.0000000000 -2.1984607962e+00 -3.4859089419e+00\n  222    0 1.0000000000 -2.3478923820e+00 -3.6741427050e+00\n  223    0 1.0000000000 -2.5167645871e+00 -3.8925425108e+00\n  224    0 1.0000000000 -2.7051458806e+00 -4.1432270725e+00\n  225    0 1.0000000000 -2.9140571741e+00 -4.4282802405e+00\n  226    0 1.0000000000 -3.1451417831e+00 -4.7497394966e+00\n  227    0 1.0000000000 -3.4005038649e+00 -5.1095845429e+00\n  228    0 1.0000000000 -3.6826200731e+00 -5.5097260330e+00\n  229    0 1.0000000000 -3.9942810851e+00 -5.9519944960e+00\n  230    0 1.0000000000 -4.3385418622e+00 -6.4381295001e+00\n  231    0 1.0000000000 -4.7186698867e+00 -6.9697691027e+00\n  232    0 1.0000000000 -5.1380862709e+00 -7.5484396346e+00\n  233    0 1.0000000000 -5.6002983261e+00 -8.1755458615e+00\n  234    0 1.0000000000 -6.1088249261e+00 -8.8523615666e+00\n  235    0 1.0000000000 -6.6671180132e+00 -9.5800205965e+00\n  236    0 1.0000000000 -7.2784847971e+00 -1.0359508410e+01\n  237    0 1.0000000000 -7.9460154686e+00 -1.1191654166e+01\n  238    0 1.0000000000 -8.6725206216e+00 -1.2077123392e+01\n  239    0 1.0000000000 -9.4604812612e+00 -1.3016411259e+01\n  240    0 1.0000000000 -1.0312012631e+01 -1.4009836497e+01\n  241    0 1.0000000000 -1.1228841509e+01 -1.5057535986e+01\n  242    0 1.0000000000 -1.2212295390e+01 -1.6159460036e+01\n  243    0 1.0000000000 -1.3263301265e+01 -1.7315368391e+01\n  244    0 1.0000000000 -1.4382391458e+01 -1.8524826969e+01\n  245    0 1.0000000000 -1.5569714162e+01 -1.9787205363e+01\n  246    0 1.0000000000 -1.6825046696e+01 -2.1101675108e+01\n  247    0 1.0000000000 -1.8147810007e+01 -2.2467208733e+01\n  248    0 1.0000000000 -1.9537083407e+01 -2.3882579605e+01\n  249    0 1.0000000000 -2.0991618937e+01 -2.5346362565e+01\n  250    0 1.0000000000 -2.2509855085e+01 -2.6856935366e+01\n  251    0 1.0000000000 -2.4089929777e+01 -2.8412480899e+01\n  252    0 1.0000000000 -2.5729692713e+01 -3.0010990218e+01\n  253    0 1.0000000000 -2.7426717195e+01 -3.1650266345e+01\n  254    0 1.0000000000 -2.9178311624e+01 -3.3327928849e+01\n  255    0 1.0000000000 -3.0981530841e+01 -3.5041419176e+01\n  256    0 1.0000000000 -3.2833187486e+01 -3.6788006733e+01\n  257    0 1.0000000000 -3.4729863530e+01 -3.8564795680e+01\n  258    0 1.0000000000 -3.6667922071e+01 -4.0368732426e+01\n  259    0 1.0000000000 -3.8643519522e+01 -4.2196613799e+01\n  260    0 1.0000000000 -4.0652618231e+01 -4.4045095848e+01\n  261    0 1.0000000000 -4.2690999598e+01 -4.5910703270e+01\n  262    0 1.0000000000 -4.4754277699e+01 -4.7789839409e+01\n  263    0 1.0000000000 -4.6837913438e+01 -4.9678796791e+01\n  264    0 1.0000000000 -4.8937229214e+01 -5.1573768169e+01\n  265    0 1.0000000000 -5.1047424093e+01 -5.3470858030e+01\n  266    0 1.0000000000 -5.3163589443e+01 -5.5366094519e+01\n  267    0 1.0000000000 -5.5280725011e+01 -5.7255441738e+01\n  268    0 1.0000000000 -5.7393755393e+01 -5.9134812382e+01\n  269    0 1.0000000000 -5.9497546846e+01 -6.1000080644e+01\n  270    0 1.0000000000 -6.1586924388e+01 -6.2847095371e+01\n  271    0 1.0000000000 -6.3656689135e+01 -6.4671693391e+01\n  272    0 1.0000000000 -6.5701635811e+01 -6.6469712983e+01\n  273    0 1.0000000000 -6.7716570361e+01 -6.8237007424e+01\n  274    0 1.0000000000 -6.9696327623e+01 -6.9969458576e+01\n  275    0 1.0000000000 -7.1635788971e+01 -7.1662990447e+01\n  276    0 1.0000000000 -7.3529899872e+01 -7.3313582681e+01\n  277    0 1.0000000000 -7.5373687299e+01 -7.4917283935e+01\n  278    0 1.0000000000 -7.7162276920e+01 -7.6470225070e+01\n  279    0 1.0000000000 -7.8890910006e+01 -7.7968632127e+01\n  280    0 1.0000000000 -8.0554959983e+01 -7.9408839026e+01\n  281    0 1.0000000000 -8.2149948585e+01 -8.0787299945e+01\n  282    0 1.0000000000 -8.3671561514e+01 -8.2100601329e+01\n  283    0 1.0000000000 -8.5115663581e+01 -8.3345473483e+01\n  284    0 1.0000000000 -8.6478313236e+01 -8.4518801704e+01\n  285    0 1.0000000000 -8.7755776457e+01 -8.5617636914e+01\n  286    0 1.0000000000 -8.8944539929e+01 -8.6639205746e+01\n  287    0 1.0000000000 -9.0041323464e+01 -8.7580920050e+01\n  288    0 1.0000000000 -9.1043091618e+01 -8.8440385776e+01\n  289    0 1.0000000000 -9.1947064455e+01 -8.9215411209e+01\n  290    0 1.0000000000 -9.2750727416e+01 -8.9904014514e+01\n  291    0 1.0000000000 -9.3451840260e+01 -9.0504430572e+01\n  292    0 1.0000000000 -9.4048445033e+01 -9.1015117072e+01\n  293    0 1.0000000000 -9.4538873038e+01 -9.1434759839e+01\n  294    0 1.0000000000 -9.4921750787e+01 -9.1762277379e+01\n  295    0 1.0000000000 -9.5196004896e+01 -9.1996824621e+01\n  296    0 1.0000000000 -9.5360865913e+01 -9.2137795844e+01\n  297    0 1.0000000000 -9.5415871066e+01 -9.2184826773e+01\n