SINGLE-ORBITAL NN+NNN EFFECTIVE MODEL FIT

m=5
eon=0.0
t0=1.0
l_decay=4.0
dl=0.1
pairing=./m=5/pairing.txt
microscopic_orbitals=52

E_eff(k) = eps0 + 2*t1[cos(k.u1)+cos(k.u2)] + 4*t2*cos(k.u1)*cos(k.u2)

eps0     = -4.64378399981898e+01
t1       = -1.84715875129848e+01
t2       = -8.59155523831165e+00

RMSE=1.60308639644775e+00
MAE=1.31043763751129e+00
max_abs_error=3.48182817870958e+00
optimizer_success=True
optimizer_message=Linear least-squares solution
minimum_tracking_continuity=1.0000000000
mean_tracking_continuity=1.0000000000

# k_index idx continuity target fit\n    0    0 1.0000000000 -1.5671920630e+02 -1.5469041100e+02\n    1    0 1.0000000000 -1.5668064685e+02 -1.5465450974e+02\n    2    0 1.0000000000 -1.5656500834e+02 -1.5454684212e+02\n    3    0 1.0000000000 -1.5637241023e+02 -1.5436751654e+02\n    4    0 1.0000000000 -1.5610305147e+02 -1.5411671357e+02\n    5    0 1.0000000000 -1.5575721038e+02 -1.5379468574e+02\n    6    0 1.0000000000 -1.5533524432e+02 -1.5340175732e+02\n    7    0 1.0000000000 -1.5483758941e+02 -1.5293832395e+02\n    8    0 1.0000000000 -1.5426476011e+02 -1.5240485226e+02\n    9    0 1.0000000000 -1.5361734873e+02 -1.5180187942e+02\n   10    0 1.0000000000 -1.5289602490e+02 -1.5113001257e+02\n   11    0 1.0000000000 -1.5210153498e+02 -1.5038992822e+02\n   12    0 1.0000000000 -1.5123470132e+02 -1.4958237157e+02\n   13    0 1.0000000000 -1.5029642154e+02 -1.4870815578e+02\n   14    0 1.0000000000 -1.4928766771e+02 -1.4776816108e+02\n   15    0 1.0000000000 -1.4820948545e+02 -1.4676333399e+02\n   16    0 1.0000000000 -1.4706299301e+02 -1.4569468628e+02\n   17    0 1.0000000000 -1.4584938021e+02 -1.4456329398e+02\n   18    0 1.0000000000 -1.4456990740e+02 -1.4337029632e+02\n   19    0 1.0000000000 -1.4322590433e+02 -1.4211689453e+02\n   20    0 1.0000000000 -1.4181876892e+02 -1.4080435069e+02\n   21    0 1.0000000000 -1.4034996608e+02 -1.3943398642e+02\n   22    0 1.0000000000 -1.3882102636e+02 -1.3800718156e+02\n   23    0 1.0000000000 -1.3723354460e+02 -1.3652537278e+02\n   24    0 1.0000000000 -1.3558917857e+02 -1.3499005213e+02\n   25    0 1.0000000000 -1.3388964751e+02 -1.3340276556e+02\n   26    0 1.0000000000 -1.3213673064e+02 -1.3176511133e+02\n   27    0 1.0000000000 -1.3033226566e+02 -1.3007873841e+02\n   28    0 1.0000000000 -1.2847814714e+02 -1.2834534485e+02\n   29    0 1.0000000000 -1.2657632501e+02 -1.2656667601e+02\n   30    0 1.0000000000 -1.2462880287e+02 -1.2474452288e+02\n   31    0 1.0000000000 -1.2263763636e+02 -1.2288072020e+02\n   32    0 1.0000000000 -1.2060493154e+02 -1.2097714466e+02\n   33    0 1.0000000000 -1.1853284314e+02 -1.1903571301e+02\n   34    0 1.0000000000 -1.1642357291e+02 -1.1705838010e+02\n   35    0 1.0000000000 -1.1427936790e+02 -1.1504713694e+02\n   36    0 1.0000000000 -1.1210251877e+02 -1.1300400868e+02\n   37    0 1.0000000000 -1.0989535804e+02 -1.1093105258e+02\n   38    0 1.0000000000 -1.0766025846e+02 -1.0883035592e+02\n   39    0 1.0000000000 -1.0539963126e+02 -1.0670403393e+02\n   40    0 1.0000000000 -1.0311592450e+02 -1.0455422764e+02\n   41    0 1.0000000000 -1.0081162142e+02 -1.0238310172e+02\n   42    0 1.0000000000 -9.8489238848e+01 -1.0019284231e+02\n   43    0 1.0000000000 -9.6151325529e+01 -9.7985654816e+01\n   44    0 1.0000000000 -9.3800460625e+01 -9.5763761686e+01\n   45    0 1.0000000000 -9.1439252169e+01 -9.3529400180e+01\n   46    0 1.0000000000 -8.9070335571e+01 -9.1284820111e+01\n   47    0 1.0000000000 -8.6696372169e+01 -8.9032281579e+01\n   48    0 1.0000000000 -8.4320047812e+01 -8.6774052701e+01\n   49    0 1.0000000000 -8.1944071467e+01 -8.4512407322e+01\n   50    0 1.0000000000 -7.9571173849e+01 -8.2249622726e+01\n   51    0 1.0000000000 -7.7204106053e+01 -7.9987977347e+01\n   52    0 1.0000000000 -7.4845638174e+01 -7.7729748469e+01\n   53    0 1.0000000000 -7.2498557874e+01 -7.5477209938e+01\n   54    0 1.0000000000 -7.0165668873e+01 -7.3232629868e+01\n   55    0 1.0000000000 -6.7849789298e+01 -7.0998268362e+01\n   56    0 1.0000000000 -6.5553749831e+01 -6.8776375232e+01\n   57    0 1.0000000000 -6.3280391571e+01 -6.6569187736e+01\n   58    0 1.0000000000 -6.1032563506e+01 -6.4378928326e+01\n   59    0 1.0000000000 -5.8813119452e+01 -6.2207802406e+01\n   60    0 1.0000000000 -5.6624914320e+01 -6.0057996116e+01\n   61    0 1.0000000000 -5.4470799503e+01 -5.7931674129e+01\n   62    0 1.0000000000 -5.2353617166e+01 -5.5830977471e+01\n   63    0 1.0000000000 -5.0276193188e+01 -5.3758021366e+01\n   64    0 1.0000000000 -4.8241328463e+01 -5.1714893105e+01\n   65    0 1.0000000000 -4.6251788263e+01 -4.9703649944e+01\n   66    0 1.0000000000 -4.4310289342e+01 -4.7726317035e+01\n   67    0 1.0000000000 -4.2419484492e+01 -4.5784885384e+01\n   68    0 1.0000000000 -4.0581944305e+01 -4.3881309849e+01\n   69    0 1.0000000000 -3.8800135977e+01 -4.2017507169e+01\n   70    0 1.0000000000 -3.7076399149e+01 -4.0195354035e+01\n   71    0 1.0000000000 -3.5412918981e+01 -3.8416685201e+01\n   72    0 1.0000000000 -3.3811696926e+01 -3.6683291636e+01\n   73    0 1.0000000000 -3.2274519984e+01 -3.4996918720e+01\n   74    0 1.0000000000 -3.0802929610e+01 -3.3359264487e+01\n   75    0 1.0000000000 -2.9398191766e+01 -3.1771977917e+01\n   76    0 1.0000000000 -2.8061269969e+01 -3.0236657273e+01\n   77    0 1.0000000000 -2.6792803341e+01 -2.8754848492e+01\n   78    0 1.0000000000 -2.5593091734e+01 -2.7328043630e+01\n   79    0 1.0000000000 -2.4462089792e+01 -2.5957679360e+01\n   80    0 1.0000000000 -2.3399411377e+01 -2.4645135520e+01\n   81    0 1.0000000000 -2.2404345161e+01 -2.3391733733e+01\n   82    0 1.0000000000 -2.1475881333e+01 -2.2198736066e+01\n   83    0 1.0000000000 -2.0612748552e+01 -2.1067343768e+01\n   84    0 1.0000000000 -1.9813459409e+01 -1.9998696056e+01\n   85    0 1.0000000000 -1.9076362062e+01 -1.8993868965e+01\n   86    0 1.0000000000 -1.8399695262e+01 -1.8053874273e+01\n   87    0 1.0000000000 -1.7781643893e+01 -1.7179658474e+01\n   88    0 1.0000000000 -1.7220392259e+01 -1.6372101830e+01\n   89    0 1.0000000000 -1.6714172746e+01 -1.5632017481e+01\n   90    0 1.0000000000 -1.6261307939e+01 -1.4960150629e+01\n   91    0 1.0000000000 -1.5860244931e+01 -1.4357177789e+01\n   92    0 1.0000000000 -1.5509581121e+01 -1.3823706101e+01\n   93    0 1.0000000000 -1.5208081454e+01 -1.3360272728e+01\n   94    0 1.0000000000 -1.4954687616e+01 -1.2967344306e+01\n   95    0 1.0000000000 -1.4748520254e+01 -1.2645316483e+01\n   96    0 1.0000000000 -1.4588875756e+01 -1.2394513511e+01\n   97    0 1.0000000000 -1.4475219480e+01 -1.2215187930e+01\n   98    0 1.0000000000 -1.4407177526e+01 -1.2107520303e+01\n   99    0 1.0000000000 -1.4384529062e+01 -1.2071619045e+01\n  100    0 1.0000000000 -1.4382584115e+01 -1.2070321658e+01\n  101    0 1.0000000000 -1.4376753834e+01 -1.2066430803e+01\n  102    0 1.0000000000 -1.4367043184e+01 -1.2059950397e+01\n  103    0 1.0000000000 -1.4353460435e+01 -1.2050886967e+01\n  104    0 1.0000000000 -1.4336017155e+01 -1.2039249638e+01\n  105    0 1.0000000000 -1.4314728192e+01 -1.2025050128e+01\n  106    0 1.0000000000 -1.4289611662e+01 -1.2008302734e+01\n  107    0 1.0000000000 -1.4260688920e+01 -1.1989024320e+01\n  108    0 1.0000000000 -1.4227984542e+01 -1.1967234298e+01\n  109    0 1.0000000000 -1.4191526291e+01 -1.1942954608e+01\n  110    0 1.0000000000 -1.4151345085e+01 -1.1916209698e+01\n  111    0 1.0000000000 -1.4107474963e+01 -1.1887026498e+01\n  112    0 1.0000000000 -1.4059953042e+01 -1.1855434393e+01\n  113    0 1.0000000000 -1.4008819472e+01 -1.1821465192e+01\n  114    0 1.0000000000 -1.3954117390e+01 -1.1785153102e+01\n  115    0 1.0000000000 -1.3895892868e+01 -1.1746534683e+01\n  116    0 1.0000000000 -1.3834194860e+01 -1.1705648823e+01\n  117    0 1.0000000000 -1.3769075140e+01 -1.1662536690e+01\n  118    0 1.0000000000 -1.3700588240e+01 -1.1617241693e+01\n  119    0 1.0000000000 -1.3628791391e+01 -1.1569809442e+01\n  120    0 1.0000000000 -1.3553744446e+01 -1.1520287696e+01\n  121    0 1.0000000000 -1.3475509814e+01 -1.1468726320e+01\n  122    0 1.0000000000 -1.3394152385e+01 -1.1415177231e+01\n  123    0 1.0000000000 -1.3309739446e+01 -1.1359694349e+01\n  124    0 1.0000000000 -1.3222340610e+01 -1.1302333541e+01\n  125    0 1.0000000000 -1.3132027722e+01 -1.1243152564e+01\n  126    0 1.0000000000 -1.3038874779e+01 -1.1182211008e+01\n  127    0 1.0000000000 -1.2942957839e+01 -1.1119570236e+01\n  128    0 1.0000000000 -1.2844354929e+01 -1.1055293322e+01\n  129    0 1.0000000000 -1.2743145949e+01 -1.0989444988e+01\n  130    0 1.0000000000 -1.2639412579e+01 -1.0922091537e+01\n  131    0 1.0000000000 -1.2533238177e+01 -1.0853300788e+01\n  132    0 1.0000000000 -1.2424707678e+01 -1.0783142009e+01\n  133    0 1.0000000000 -1.2313907494e+01 -1.0711685842e+01\n  134    0 1.0000000000 -1.2200925407e+01 -1.0639004238e+01\n  135    0 1.0000000000 -1.2085850461e+01 -1.0565170382e+01\n  136    0 1.0000000000 -1.1968772860e+01 -1.0490258617e+01\n  137    0 1.0000000000 -1.1849783852e+01 -1.0414344374e+01\n  138    0 1.0000000000 -1.1728975623e+01 -1.0337504092e+01\n  139    0 1.0000000000 -1.1606441186e+01 -1.0259815143e+01\n  140    0 1.0000000000 -1.1482274267e+01 -1.0181355752e+01\n  141    0 1.0000000000 -1.1356569194e+01 -1.0102204921e+01\n  142    0 1.0000000000 -1.1229420785e+01 -1.0022442350e+01\n  143    0 1.0000000000 -1.1100924237e+01 -9.9421483509e+00\n  144    0 1.0000000000 -1.0971175009e+01 -9.8614037743e+00\n  145    0 1.0000000000 -1.0840268718e+01 -9.7802899229e+00\n  146    0 1.0000000000 -1.0708301025e+01 -9.6988884713e+00\n  147    0 1.0000000000 -1.0575367526e+01 -9.6172813840e+00\n  148    0 1.0000000000 -1.0441563652e+01 -9.5355508323e+00\n  149    0 1.0000000000 -1.0306984558e+01 -9.4537791121e+00\n  150    0 1.0000000000 -1.0171725028e+01 -9.3720485605e+00\n  151    0 1.0000000000 -1.0035879381e+01 -9.2904414731e+00\n  152    0 1.0000000000 -9.8995413772e+00 -9.2090400216e+00\n  153    0 1.0000000000 -9.7628041387e+00 -9.1279261701e+00\n  154    0 1.0000000000 -9.6257600742e+00 -9.0471815936e+00\n  155    0 1.0000000000 -9.4885008155e+00 -8.9668875948e+00\n  156    0 1.0000000000 -9.3511171673e+00 -8.8871250232e+00\n  157    0 1.0000000000 -9.2136990749e+00 -8.8079741928e+00\n  158    0 1.0000000000 -9.0763356129e+00 -8.7295148017e+00\n  159    0 1.0000000000 -8.9391150036e+00 -8.6518258521e+00\n  160    0 1.0000000000 -8.8021246729e+00 -8.5749855700e+00\n  161    0 1.0000000000 -8.6654513575e+00 -8.4990713271e+00\n  162    0 1.0000000000 -8.5291812818e+00 -8.4241595626e+00\n  163    0 1.0000000000 -8.3934004321e+00 -8.3503257063e+00\n  164    0 1.0000000000 -8.2581949688e+00 -8.2776441027e+00\n  165    0 1.0000000000 -8.1236518395e+00 -8.2061879359e+00\n  166    0 1.0000000000 -7.9898596907e+00 -8.1360291562e+00\n  167    0 1.0000000000 -7.8569102355e+00 -8.0672384077e+00\n  168    0 1.0000000000 -7.7249003413e+00 -7.9998849567e+00\n  169    0 1.0000000000 -7.5939352860e+00 -7.9340366225e+00\n  170    0 1.0000000000 -7.4641339924e+00 -7.8697597087e+00\n  171    0 1.0000000000 -7.3356377485e+00 -7.8071189368e+00\n  172    0 1.0000000000 -7.2086253925e+00 -7.7461773807e+00\n  173    0 1.0000000000 -7.0833412041e+00 -7.6869964034e+00\n  174    0 1.0000000000 -6.9601495502e+00 -7.6296355952e+00\n  175    0 1.0000000000 -6.8396506980e+00 -7.5741527134e+00\n  176    0 1.0000000000 -6.7229506074e+00 -7.5206036246e+00\n  177    0 1.0000000000 -6.6123612504e+00 -7.4690422483e+00\n  178    0 1.0000000000 -6.5133948007e+00 -7.4195205024e+00\n  179    0 1.0000000000 -6.4399194523e+00 -7.3720882511e+00\n  180    0 1.0000000000 -6.4159270316e+00 -7.3267932546e+00\n  181    0 1.0000000000 -6.4446284550e+00 -7.2836811212e+00\n  182    0 1.0000000000 -6.5011174272e+00 -7.2427952610e+00\n  183    0 1.0000000000 -6.5678741832e+00 -7.2041768428e+00\n  184    0 1.0000000000 -6.6375355305e+00 -7.1678647520e+00\n  185    0 1.0000000000 -6.7068470944e+00 -7.1338955518e+00\n  186    0 1.0000000000 -6.7740957455e+00 -7.1023034462e+00\n  187    0 1.0000000000 -6.8382207812e+00 -7.0731202460e+00\n  188    0 1.0000000000 -6.8984809695e+00 -7.0463753360e+00\n  189    0 1.0000000000 -6.9543149740e+00 -7.0220956461e+00\n  190    0 1.0000000000 -7.0052764242e+00 -7.0003056240e+00\n  191    0 1.0000000000 -7.0510008137e+00 -6.9810272103e+00\n  192    0 1.0000000000 -7.0911872080e+00 -6.9642798167e+00\n  193    0 1.0000000000 -7.1255873975e+00 -6.9500803065e+00\n  194    0 1.0000000000 -7.1539990727e+00 -6.9384429773e+00\n  195    0 1.0000000000 -7.1762613350e+00 -6.9293795471e+00\n  196    0 1.0000000000 -7.1922516634e+00 -6.9228991418e+00\n  197    0 1.0000000000 -7.2018838670e+00 -6.9190082867e+00\n  198    0 1.0000000000 -7.2051067594e+00 -6.9177108995e+00\n  199    0 1.0000000000 -7.1972360999e+00 -6.9203143846e+00\n  200    0 1.0000000000 -7.1739386489e+00 -6.9282266865e+00\n  201    0 1.0000000000 -7.1362288486e+00 -6.9417528219e+00\n  202    0 1.0000000000 -7.0859819761e+00 -6.9613994101e+00\n  203    0 1.0000000000 -7.0262845437e+00 -6.9878720680e+00\n  204    0 1.0000000000 -6.9620922631e+00 -7.0220717788e+00\n  205    0 1.0000000000 -6.9013664642e+00 -7.0650902496e+00\n  206    0 1.0000000000 -6.8566396928e+00 -7.1182042772e+00\n  207    0 1.0000000000 -6.8456365913e+00 -7.1828691474e+00\n  208    0 1.0000000000 -6.8869429669e+00 -7.2607110939e+00\n  209    0 1.0000000000 -6.9897333440e+00 -7.3535188503e+00\n  210    0 1.0000000000 -7.1492813707e+00 -7.4632343314e+00\n  211    0 1.0000000000 -7.3545279591e+00 -7.5919424817e+00\n  212    0 1.0000000000 -7.5958931877e+00 -7.7418603356e+00\n  213    0 1.0000000000 -7.8673223868e+00 -7.9153253368e+00\n  214    0 1.0000000000 -8.1655841598e+00 -8.1147829640e+00\n  215    0 1.0000000000 -8.4892805185e+00 -8.3427737185e+00\n  216    0 1.0000000000 -8.8381621446e+00 -8.6019195277e+00\n  217    0 1.0000000000 -9.2127214606e+00 -8.8949096229e+00\n  218    0 1.0000000000 -9.6139589413e+00 -9.2244859525e+00\n  219    0 1.0000000000 -1.0043248069e+01 -9.5934281919e+00\n  220    0 1.0000000000 -1.0502255360e+01 -1.0004538416e+01\n  221    0 1.0000000000 -1.0992891093e+01 -1.0460625499e+01\n  222    0 1.0000000000 -1.1517277031e+01 -1.0964489307e+01\n  223    0 1.0000000000 -1.2077723210e+01 -1.1518904760e+01\n  224    0 1.0000000000 -1.2676709030e+01 -1.2126605815e+01\n  225    0 1.0000000000 -1.3316865690e+01 -1.2790269463e+01\n  226    0 1.0000000000 -1.4000958068e+01 -1.3512499785e+01\n  227    0 1.0000000000 -1.4731864819e+01 -1.4295812156e+01\n  228    0 1.0000000000 -1.5512555933e+01 -1.5142617657e+01\n  229    0 1.0000000000 -1.6346067367e+01 -1.6055207758e+01\n  230    0 1.0000000000 -1.7235472656e+01 -1.7035739355e+01\n  231    0 1.0000000000 -1.8183851655e+01 -1.8086220211e+01\n  232    0 1.0000000000 -1.9194256834e+01 -1.9208494872e+01\n  233    0 1.0000000000 -2.0269677682e+01 -2.0404231130e+01\n  234    0 1.0000000000 -2.1413003955e+01 -2.1674907069e+01\n  235    0 1.0000000000 -2.2626988581e+01 -2.3021798785e+01\n  236    0 1.0000000000 -2.3914211076e+01 -2.4445968804e+01\n  237    0 1.0000000000 -2.5277042274e+01 -2.5948255279e+01\n  238    0 1.0000000000 -2.6717611143e+01 -2.7529261990e+01\n  239    0 1.0000000000 -2.8237774305e+01 -2.9189349220e+01\n  240    0 1.0000000000 -2.9839088748e+01 -3.0928625528e+01\n  241    0 1.0000000000 -3.1522788069e+01 -3.2746940473e+01\n  242    0 1.0000000000 -3.3289762425e+01 -3.4643878317e+01\n  243    0 1.0000000000 -3.5140542230e+01 -3.6618752749e+01\n  244    0 1.0000000000 -3.7075285525e+01 -3.8670602648e+01\n  245    0 1.0000000000 -3.9093768843e+01 -4.0798188908e+01\n  246    0 1.0000000000 -4.1195381345e+01 -4.2999992364e+01\n  247    0 1.0000000000 -4.3379121955e+01 -4.5274212808e+01\n  248    0 1.0000000000 -4.5643599205e+01 -4.7618769124e+01\n  249    0 1.0000000000 -4.7987033526e+01 -5.0031300542e+01\n  250    0 1.0000000000 -5.0407261697e+01 -5.2509169016e+01\n  251    0 1.0000000000 -5.2901743237e+01 -5.5049462722e+01\n  252    0 1.0000000000 -5.5467568514e+01 -5.7649000666e+01\n  253    0 1.0000000000 -5.8101468395e+01 -6.0304338399e+01\n  254    0 1.0000000000 -6.0799825285e+01 -6.3011774812e+01\n  255    0 1.0000000000 -6.3558685421e+01 -6.5767360002e+01\n  256    0 1.0000000000 -6.6373772321e+01 -6.8566904176e+01\n  257    0 1.0000000000 -6.9240501301e+01 -7.1405987568e+01\n  258    0 1.0000000000 -7.2153994973e+01 -7.4279971336e+01\n  259    0 1.0000000000 -7.5109099669e+01 -7.7184009399e+01\n  260    0 1.0000000000 -7.8100402737e+01 -8.0113061181e+01\n  261    0 1.0000000000 -8.1122250643e+01 -8.3061905204e+01\n  262    0 1.0000000000 -8.4168767828e+01 -8.6025153500e+01\n  263    0 1.0000000000 -8.7233876290e+01 -8.8997266772e+01\n  264    0 1.0000000000 -9.0311315805e+01 -9.1972570262e+01\n  265    0 1.0000000000 -9.3394664761e+01 -9.4945270268e+01\n  266    0 1.0000000000 -9.6477361531e+01 -9.7909471238e+01\n  267    0 1.0000000000 -9.9552726341e+01 -1.0085919340e+02\n  268    0 1.0000000000 -1.0261398355e+02 -1.0378839083e+02\n  269    0 1.0000000000 -1.0565428429e+02 -1.0669096996e+02\n  270    0 1.0000000000 -1.0866672940e+02 -1.0956080831e+02\n  271    0 1.0000000000 -1.1164439258e+02 -1.1239177361e+02\n  272    0 1.0000000000 -1.1458034369e+02 -1.1517774297e+02\n  273    0 1.0000000000 -1.1746767206e+02 -1.1791262228e+02\n  274    0 1.0000000000 -1.2029950992e+02 -1.2059036552e+02\n  275    0 1.0000000000 -1.2306905558e+02 -1.2320499418e+02\n  276    0 1.0000000000 -1.2576959658e+02 -1.2575061643e+02\n  277    0 1.0000000000 -1.2839453251e+02 -1.2822144622e+02\n  278    0 1.0000000000 -1.3093739751e+02 -1.3061182207e+02\n  279    0 1.0000000000 -1.3339188240e+02 -1.3291622555e+02\n  280    0 1.0000000000 -1.3575185624e+02 -1.3512929934e+02\n  281    0 1.0000000000 -1.3801138745e+02 -1.3724586490e+02\n  282    0 1.0000000000 -1.4016476416e+02 -1.3926093953e+02\n  283    0 1.0000000000 -1.4220651388e+02 -1.4116975289e+02\n  284    0 1.0000000000 -1.4413142243e+02 -1.4296776282e+02\n  285    0 1.0000000000 -1.4593455194e+02 -1.4465067048e+02\n  286    0 1.0000000000 -1.4761125795e+02 -1.4621443469e+02\n  287    0 1.0000000000 -1.4915720549e+02 -1.4765528545e+02\n  288    0 1.0000000000 -1.5056838419e+02 -1.4896973659e+02\n  289    0 1.0000000000 -1.5184112217e+02 -1.5015459744e+02\n  290    0 1.0000000000 -1.5297209881e+02 -1.5120698362e+02\n  291    0 1.0000000000 -1.5395835634e+02 -1.5212432668e+02\n  292    0 1.0000000000 -1.5479731017e+02 -1.5290438284e+02\n  293    0 1.0000000000 -1.5548675784e+02 -1.5354524048e+02\n  294    0 1.0000000000 -1.5602488677e+02 -1.5404532670e+02\n  295    0 1.0000000000 -1.5641028055e+02 -1.5440341254e+02\n  296    0 1.0000000000 -1.5664192392e+02 -1.5461861720e+02\n  297    0 1.0000000000 -1.5671920630e+02 -1.5469041100e+02\n