SINGLE-ORBITAL NN+NNN EFFECTIVE MODEL FIT

m=2
eon=0.0
t0=1.0
l_decay=0.5
dl=8.0
pairing=./m=2/pairing.txt
microscopic_orbitals=10

E_eff(k) = eps0 + 2*t1[cos(k.u1)+cos(k.u2)] + 4*t2*cos(k.u1)*cos(k.u2)

eps0     = -3.50371982837595e+00
t1       = -8.55211129721502e-01
t2       = -1.61782046082050e-01

RMSE=3.68490816023544e-01
MAE=3.14902122369806e-01
max_abs_error=7.49782663810610e-01
optimizer_success=True
optimizer_message=Linear least-squares solution
minimum_tracking_continuity=1.0000000000
mean_tracking_continuity=1.0000000000

# k_index idx continuity target fit\n    0    0 1.0000000000 -7.2328507381e+00 -7.5716925316e+00\n    1    0 1.0000000000 -7.2320676711e+00 -7.5705056049e+00\n    2    0 1.0000000000 -7.2297189294e+00 -7.5669460198e+00\n    3    0 1.0000000000 -7.2258058912e+00 -7.5610173606e+00\n    4    0 1.0000000000 -7.2203308515e+00 -7.5527255970e+00\n    5    0 1.0000000000 -7.2132970205e+00 -7.5420790780e+00\n    6    0 1.0000000000 -7.2047085195e+00 -7.5290885238e+00\n    7    0 1.0000000000 -7.1945703774e+00 -7.5137670148e+00\n    8    0 1.0000000000 -7.1828885249e+00 -7.4961299783e+00\n    9    0 1.0000000000 -7.1696697891e+00 -7.4761951736e+00\n   10    0 1.0000000000 -7.1549218861e+00 -7.4539826731e+00\n   11    0 1.0000000000 -7.1386534132e+00 -7.4295148430e+00\n   12    0 1.0000000000 -7.1208738402e+00 -7.4028163203e+00\n   13    0 1.0000000000 -7.1015934998e+00 -7.3739139882e+00\n   14    0 1.0000000000 -7.0808235768e+00 -7.3428369488e+00\n   15    0 1.0000000000 -7.0585760971e+00 -7.3096164942e+00\n   16    0 1.0000000000 -7.0348639153e+00 -7.2742860745e+00\n   17    0 1.0000000000 -7.0097007017e+00 -7.2368812644e+00\n   18    0 1.0000000000 -6.9831009282e+00 -7.1974397275e+00\n   19    0 1.0000000000 -6.9550798542e+00 -7.1560011779e+00\n   20    0 1.0000000000 -6.9256535106e+00 -7.1126073408e+00\n   21    0 1.0000000000 -6.8948386842e+00 -7.0673019102e+00\n   22    0 1.0000000000 -6.8626529002e+00 -7.0201305046e+00\n   23    0 1.0000000000 -6.8291144052e+00 -6.9711406219e+00\n   24    0 1.0000000000 -6.7942421487e+00 -6.9203815905e+00\n   25    0 1.0000000000 -6.7580557638e+00 -6.8679045206e+00\n   26    0 1.0000000000 -6.7205755484e+00 -6.8137622521e+00\n   27    0 1.0000000000 -6.6818224444e+00 -6.7580093017e+00\n   28    0 1.0000000000 -6.6418180173e+00 -6.7007018079e+00\n   29    0 1.0000000000 -6.6005844349e+00 -6.6418974745e+00\n   30    0 1.0000000000 -6.5581444452e+00 -6.5816555124e+00\n   31    0 1.0000000000 -6.5145213547e+00 -6.5200365802e+00\n   32    0 1.0000000000 -6.4697390051e+00 -6.4571027230e+00\n   33    0 1.0000000000 -6.4238217505e+00 -6.3929173097e+00\n   34    0 1.0000000000 -6.3767944334e+00 -6.3275449697e+00\n   35    0 1.0000000000 -6.3286823615e+00 -6.2610515274e+00\n   36    0 1.0000000000 -6.2795112826e+00 -6.1935039361e+00\n   37    0 1.0000000000 -6.2293073605e+00 -6.1249702103e+00\n   38    0 1.0000000000 -6.1780971500e+00 -6.0555193579e+00\n   39    0 1.0000000000 -6.1259075718e+00 -5.9852213099e+00\n   40    0 1.0000000000 -6.0727658872e+00 -5.9141468504e+00\n   41    0 1.0000000000 -6.0186996725e+00 -5.8423675455e+00\n   42    0 1.0000000000 -5.9637367937e+00 -5.7699556709e+00\n   43    0 1.0000000000 -5.9079053801e+00 -5.6969841390e+00\n   44    0 1.0000000000 -5.8512337992e+00 -5.6235264261e+00\n   45    0 1.0000000000 -5.7937506304e+00 -5.5496564979e+00\n   46    0 1.0000000000 -5.7354846391e+00 -5.4754487352e+00\n   47    0 1.0000000000 -5.6764647514e+00 -5.4009778588e+00\n   48    0 1.0000000000 -5.6167200274e+00 -5.3263188546e+00\n   49    0 1.0000000000 -5.5562796365e+00 -5.2515468979e+00\n   50    0 1.0000000000 -5.4951728312e+00 -5.1767372777e+00\n   51    0 1.0000000000 -5.4334289221e+00 -5.1019653211e+00\n   52    0 1.0000000000 -5.3710772523e+00 -5.0273063169e+00\n   53    0 1.0000000000 -5.3081471730e+00 -4.9528354405e+00\n   54    0 1.0000000000 -5.2446680185e+00 -4.8786276777e+00\n   55    0 1.0000000000 -5.1806690819e+00 -4.8047577495e+00\n   56    0 1.0000000000 -5.1161795912e+00 -4.7313000366e+00\n   57    0 1.0000000000 -5.0512286856e+00 -4.6583285048e+00\n   58    0 1.0000000000 -4.9858453921e+00 -4.5859166301e+00\n   59    0 1.0000000000 -4.9200586029e+00 -4.5141373252e+00\n   60    0 1.0000000000 -4.8538970530e+00 -4.4430628658e+00\n   61    0 1.0000000000 -4.7873892984e+00 -4.3727648177e+00\n   62    0 1.0000000000 -4.7205636950e+00 -4.3033139653e+00\n   63    0 1.0000000000 -4.6534483774e+00 -4.2347802396e+00\n   64    0 1.0000000000 -4.5860712394e+00 -4.1672326482e+00\n   65    0 1.0000000000 -4.5184599142e+00 -4.1007392059e+00\n   66    0 1.0000000000 -4.4506417559e+00 -4.0353668659e+00\n   67    0 1.0000000000 -4.3826438212e+00 -3.9711814527e+00\n   68    0 1.0000000000 -4.3144928527e+00 -3.9082475954e+00\n   69    0 1.0000000000 -4.2462152619e+00 -3.8466286632e+00\n   70    0 1.0000000000 -4.1778371143e+00 -3.7863867012e+00\n   71    0 1.0000000000 -4.1093841148e+00 -3.7275823677e+00\n   72    0 1.0000000000 -4.0408815942e+00 -3.6702748739e+00\n   73    0 1.0000000000 -3.9723544974e+00 -3.6145219235e+00\n   74    0 1.0000000000 -3.9038273723e+00 -3.5603796550e+00\n   75    0 1.0000000000 -3.8353243609e+00 -3.5079025851e+00\n   76    0 1.0000000000 -3.7668691918e+00 -3.4571435538e+00\n   77    0 1.0000000000 -3.6984851751e+00 -3.4081536710e+00\n   78    0 1.0000000000 -3.6301952000e+00 -3.3609822655e+00\n   79    0 1.0000000000 -3.5620217357e+00 -3.3156768348e+00\n   80    0 1.0000000000 -3.4939868370e+00 -3.2722829977e+00\n   81    0 1.0000000000 -3.4261121547e+00 -3.2308444482e+00\n   82    0 1.0000000000 -3.3584189551e+00 -3.1914029112e+00\n   83    0 1.0000000000 -3.2909281494e+00 -3.1539981011e+00\n   84    0 1.0000000000 -3.2236603391e+00 -3.1186676814e+00\n   85    0 1.0000000000 -3.1566358841e+00 -3.0854472268e+00\n   86    0 1.0000000000 -3.0898750059e+00 -3.0543701875e+00\n   87    0 1.0000000000 -3.0233979457e+00 -3.0254678554e+00\n   88    0 1.0000000000 -2.9572252106e+00 -2.9987693327e+00\n   89    0 1.0000000000 -2.8913779704e+00 -2.9743015026e+00\n   90    0 1.0000000000 -2.8258787202e+00 -2.9520890021e+00\n   91    0 1.0000000000 -2.7607524372e+00 -2.9321541973e+00\n   92    0 1.0000000000 -2.6960287220e+00 -2.9145171609e+00\n   93    0 1.0000000000 -2.6317460537e+00 -2.8991956518e+00\n   94    0 1.0000000000 -2.5679610592e+00 -2.8862050976e+00\n   95    0 1.0000000000 -2.5047713185e+00 -2.8755585786e+00\n   96    0 1.0000000000 -2.4423818533e+00 -2.8672668150e+00\n   97    0 1.0000000000 -2.3813553106e+00 -2.8613381558e+00\n   98    0 1.0000000000 -2.3240554088e+00 -2.8577785708e+00\n   99    0 1.0000000000 -2.2896181867e+00 -2.8565916440e+00\n  100    0 1.0000000000 -2.2893185317e+00 -2.8560563205e+00\n  101    0 1.0000000000 -2.2884197109e+00 -2.8544508891e+00\n  102    0 1.0000000000 -2.2869221561e+00 -2.8517769661e+00\n  103    0 1.0000000000 -2.2848265868e+00 -2.8480372442e+00\n  104    0 1.0000000000 -2.2821340092e+00 -2.8432354888e+00\n  105    0 1.0000000000 -2.2788457154e+00 -2.8373765349e+00\n  106    0 1.0000000000 -2.2749632823e+00 -2.8304662820e+00\n  107    0 1.0000000000 -2.2704885698e+00 -2.8225116881e+00\n  108    0 1.0000000000 -2.2654237194e+00 -2.8135207629e+00\n  109    0 1.0000000000 -2.2597711519e+00 -2.8035025594e+00\n  110    0 1.0000000000 -2.2535335653e+00 -2.7924671650e+00\n  111    0 1.0000000000 -2.2467139323e+00 -2.7804256916e+00\n  112    0 1.0000000000 -2.2393154974e+00 -2.7673902639e+00\n  113    0 1.0000000000 -2.2313417740e+00 -2.7533740074e+00\n  114    0 1.0000000000 -2.2227965408e+00 -2.7383910352e+00\n  115    0 1.0000000000 -2.2136838389e+00 -2.7224564341e+00\n  116    0 1.0000000000 -2.2040079673e+00 -2.7055862488e+00\n  117    0 1.0000000000 -2.1937734793e+00 -2.6877974661e+00\n  118    0 1.0000000000 -2.1829851785e+00 -2.6691079978e+00\n  119    0 1.0000000000 -2.1716481136e+00 -2.6495366626e+00\n  120    0 1.0000000000 -2.1597675746e+00 -2.6291031673e+00\n  121    0 1.0000000000 -2.1473490871e+00 -2.6078280866e+00\n  122    0 1.0000000000 -2.1343984078e+00 -2.5857328427e+00\n  123    0 1.0000000000 -2.1209215189e+00 -2.5628396836e+00\n  124    0 1.0000000000 -2.1069246226e+00 -2.5391716609e+00\n  125    0 1.0000000000 -2.0924141357e+00 -2.5147526062e+00\n  126    0 1.0000000000 -2.0773966833e+00 -2.4896071074e+00\n  127    0 1.0000000000 -2.0618790930e+00 -2.4637604839e+00\n  128    0 1.0000000000 -2.0458683887e+00 -2.4372387611e+00\n  129    0 1.0000000000 -2.0293717845e+00 -2.4100686441e+00\n  130    0 1.0000000000 -2.0123966775e+00 -2.3822774909e+00\n  131    0 1.0000000000 -1.9949506425e+00 -2.3538932849e+00\n  132    0 1.0000000000 -1.9770414304e+00 -2.3249446065e+00\n  133    0 1.0000000000 -1.9587186879e+00 -2.2954606046e+00\n  134    0 1.0000000000 -1.9399747764e+00 -2.2654709671e+00\n  135    0 1.0000000000 -1.9207909245e+00 -2.2350058910e+00\n  136    0 1.0000000000 -1.9011753016e+00 -2.2040960520e+00\n  137    0 1.0000000000 -1.8811362186e+00 -2.1727725738e+00\n  138    0 1.0000000000 -1.8606821189e+00 -2.1410669965e+00\n  139    0 1.0000000000 -1.8398215710e+00 -2.1090112448e+00\n  140    0 1.0000000000 -1.8185632623e+00 -2.0766375962e+00\n  141    0 1.0000000000 -1.7969159920e+00 -2.0439786482e+00\n  142    0 1.0000000000 -1.7748886641e+00 -2.0110672856e+00\n  143    0 1.0000000000 -1.7524902807e+00 -1.9779366474e+00\n  144    0 1.0000000000 -1.7297299351e+00 -1.9446200933e+00\n  145    0 1.0000000000 -1.7066168052e+00 -1.9111511702e+00\n  146    0 1.0000000000 -1.6831601460e+00 -1.8775635785e+00\n  147    0 1.0000000000 -1.6593692833e+00 -1.8438911381e+00\n  148    0 1.0000000000 -1.6352536066e+00 -1.8101677543e+00\n  149    0 1.0000000000 -1.6108225624e+00 -1.7764273836e+00\n  150    0 1.0000000000 -1.5860856474e+00 -1.7427039998e+00\n  151    0 1.0000000000 -1.5610524015e+00 -1.7090315594e+00\n  152    0 1.0000000000 -1.5357324018e+00 -1.6754439677e+00\n  153    0 1.0000000000 -1.5101352551e+00 -1.6419750446e+00\n  154    0 1.0000000000 -1.4842705923e+00 -1.6086584905e+00\n  155    0 1.0000000000 -1.4581480611e+00 -1.5755278522e+00\n  156    0 1.0000000000 -1.4317773205e+00 -1.5426164897e+00\n  157    0 1.0000000000 -1.4051680338e+00 -1.5099575417e+00\n  158    0 1.0000000000 -1.3783298630e+00 -1.4775838931e+00\n  159    0 1.0000000000 -1.3512724626e+00 -1.4455281414e+00\n  160    0 1.0000000000 -1.3240054740e+00 -1.4138225640e+00\n  161    0 1.0000000000 -1.2965385195e+00 -1.3824990858e+00\n  162    0 1.0000000000 -1.2688811972e+00 -1.3515892469e+00\n  163    0 1.0000000000 -1.2410430751e+00 -1.3211241708e+00\n  164    0 1.0000000000 -1.2130336870e+00 -1.2911345333e+00\n  165    0 1.0000000000 -1.1848625266e+00 -1.2616505314e+00\n  166    0 1.0000000000 -1.1565390438e+00 -1.2327018530e+00\n  167    0 1.0000000000 -1.1280726400e+00 -1.2043176469e+00\n  168    0 1.0000000000 -1.0994726644e+00 -1.1765264938e+00\n  169    0 1.0000000000 -1.0707484103e+00 -1.1493563768e+00\n  170    0 1.0000000000 -1.0419091124e+00 -1.1228346540e+00\n  171    0 1.0000000000 -1.0129639438e+00 -1.0969880305e+00\n  172    0 1.0000000000 -9.8392201466e-01 -1.0718425317e+00\n  173    0 1.0000000000 -9.5479237068e-01 -1.0474234770e+00\n  174    0 1.0000000000 -9.2558399301e-01 -1.0237554543e+00\n  175    0 1.0000000000 -8.9630579903e-01 -1.0008622952e+00\n  176    0 1.0000000000 -8.6696664453e-01 -9.7876705129e-01\n  177    0 1.0000000000 -8.3757532749e-01 -9.5749197057e-01\n  178    0 1.0000000000 -8.0814059399e-01 -9.3705847523e-01\n  179    0 1.0000000000 -7.7867114667e-01 -9.1748714009e-01\n  180    0 1.0000000000 -7.4917565666e-01 -8.9879767180e-01\n  181    0 1.0000000000 -7.1966277988e-01 -8.8100888909e-01\n  182    0 1.0000000000 -6.9014117917e-01 -8.6413870375e-01\n  183    0 1.0000000000 -6.6061955424e-01 -8.4820410263e-01\n  184    0 1.0000000000 -6.3110668228e-01 -8.3322113051e-01\n  185    0 1.0000000000 -6.0161147306e-01 -8.1920487398e-01\n  186    0 1.0000000000 -5.7214304479e-01 -8.0616944623e-01\n  187    0 1.0000000000 -5.4271082933e-01 -7.9412797282e-01\n  188    0 1.0000000000 -5.1332472090e-01 -7.8309257850e-01\n  189    0 1.0000000000 -4.8399529090e-01 -7.7307437497e-01\n  190    0 1.0000000000 -4.5473410773e-01 -7.6408344972e-01\n  191    0 1.0000000000 -4.2555423453e-01 -7.5612885585e-01\n  192    0 1.0000000000 -3.9647105598e-01 -7.4921860295e-01\n  193    0 1.0000000000 -3.6750379580e-01 -7.4335964907e-01\n  194    0 1.0000000000 -3.3867875632e-01 -7.3855789367e-01\n  195    0 1.0000000000 -3.1003795423e-01 -7.3481817172e-01\n  196    0 1.0000000000 -2.8167098426e-01 -7.3214424880e-01\n  197    0 1.0000000000 -2.5391824715e-01 -7.3053881732e-01\n  198    0 1.0000000000 -2.3296613162e-01 -7.3000349382e-01\n  199    0 1.0000000000 -2.7510712622e-01 -7.3107430485e-01\n  200    0 1.0000000000 -3.3151582530e-01 -7.3428762689e-01\n  201    0 1.0000000000 -3.8968981169e-01 -7.3964611800e-01\n  202    0 1.0000000000 -4.4913727040e-01 -7.4715417891e-01\n  203    0 1.0000000000 -5.0976399280e-01 -7.5681790918e-01\n  204    0 1.0000000000 -5.7154080681e-01 -7.6864504601e-01\n  205    0 1.0000000000 -6.3445640393e-01 -7.8264488617e-01\n  206    0 1.0000000000 -6.9850564356e-01 -7.9882819119e-01\n  207    0 1.0000000000 -7.6368564616e-01 -8.1720707647e-01\n  208    0 1.0000000000 -8.2999421196e-01 -8.3779488469e-01\n  209    0 1.0000000000 -8.9742907801e-01 -8.6060604408e-01\n  210    0 1.0000000000 -9.6598752216e-01 -8.8565591238e-01\n  211    0 1.0000000000 -1.0356661261e+00 -9.1296060700e-01\n  212    0 1.0000000000 -1.1064606177e+00 -9.4253682237e-01\n  213    0 1.0000000000 -1.1783657542e+00 -9.7440163517e-01\n  214    0 1.0000000000 -1.2513752301e+00 -1.0085722985e+00\n  215    0 1.0000000000 -1.3254815972e+00 -1.0450660256e+00\n  216    0 1.0000000000 -1.4006761941e+00 -1.0838997653e+00\n  217    0 1.0000000000 -1.4769490801e+00 -1.1250899679e+00\n  218    0 1.0000000000 -1.5542889740e+00 -1.1686523455e+00\n  219    0 1.0000000000 -1.6326831942e+00 -1.2146016258e+00\n  220    0 1.0000000000 -1.7121176018e+00 -1.2629513010e+00\n  221    0 1.0000000000 -1.7925765453e+00 -1.3137133743e+00\n  222    0 1.0000000000 -1.8740428074e+00 -1.3668981026e+00\n  223    0 1.0000000000 -1.9564975528e+00 -1.4225137396e+00\n  224    0 1.0000000000 -2.0399202790e+00 -1.4805662787e+00\n  225    0 1.0000000000 -2.1242887680e+00 -1.5410591967e+00\n  226    0 1.0000000000 -2.2095790408e+00 -1.6039932019e+00\n  227    0 1.0000000000 -2.2957653144e+00 -1.6693659841e+00\n  228    0 1.0000000000 -2.3828199606e+00 -1.7371719722e+00\n  229    0 1.0000000000 -2.4707134687e+00 -1.8074020963e+00\n  230    0 1.0000000000 -2.5594144103e+00 -1.8800435591e+00\n  231    0 1.0000000000 -2.6488894079e+00 -1.9550796150e+00\n  232    0 1.0000000000 -2.7391031072e+00 -2.0324893604e+00\n  233    0 1.0000000000 -2.8300181524e+00 -2.1122475342e+00\n  234    0 1.0000000000 -2.9215951667e+00 -2.1943243314e+00\n  235    0 1.0000000000 -3.0137927358e+00 -2.2786852297e+00\n  236    0 1.0000000000 -3.1065673971e+00 -2.3652908305e+00\n  237    0 1.0000000000 -3.1998736328e+00 -2.4540967149e+00\n  238    0 1.0000000000 -3.2936638682e+00 -2.5450533167e+00\n  239    0 1.0000000000 -3.3878884752e+00 -2.6381058114e+00\n  240    0 1.0000000000 -3.4824957814e+00 -2.7331940232e+00\n  241    0 1.0000000000 -3.5774320843e+00 -2.8302523513e+00\n  242    0 1.0000000000 -3.6726416713e+00 -2.9292097140e+00\n  243    0 1.0000000000 -3.7680668460e+00 -3.0299895131e+00\n  244    0 1.0000000000 -3.8636479596e+00 -3.1325096185e+00\n  245    0 1.0000000000 -3.9593234494e+00 -3.2366823724e+00\n  246    0 1.0000000000 -4.0550298829e+00 -3.3424146157e+00\n  247    0 1.0000000000 -4.1507020082e+00 -3.4496077338e+00\n  248    0 1.0000000000 -4.2462728107e+00 -3.5581577246e+00\n  249    0 1.0000000000 -4.3416735764e+00 -3.6679552876e+00\n  250    0 1.0000000000 -4.4368339611e+00 -3.7788859335e+00\n  251    0 1.0000000000 -4.5316820666e+00 -3.8908301157e+00\n  252    0 1.0000000000 -4.6261445219e+00 -4.0036633821e+00\n  253    0 1.0000000000 -4.7201465722e+00 -4.1172565476e+00\n  254    0 1.0000000000 -4.8136121724e+00 -4.2314758871e+00\n  255    0 1.0000000000 -4.9064640878e+00 -4.3461833478e+00\n  256    0 1.0000000000 -4.9986239998e+00 -4.4612367813e+00\n  257    0 1.0000000000 -5.0900126172e+00 -4.5764901937e+00\n  258    0 1.0000000000 -5.1805497936e+00 -4.6917940142e+00\n  259    0 1.0000000000 -5.2701546493e+00 -4.8069953805e+00\n  260    0 1.0000000000 -5.3587456980e+00 -4.9219384409e+00\n  261    0 1.0000000000 -5.4462409788e+00 -5.0364646720e+00\n  262    0 1.0000000000 -5.5325581919e+00 -5.1504132097e+00\n  263    0 1.0000000000 -5.6176148387e+00 -5.2636211955e+00\n  264    0 1.0000000000 -5.7013283647e+00 -5.3759241339e+00\n  265    0 1.0000000000 -5.7836163072e+00 -5.4871562613e+00\n  266    0 1.0000000000 -5.8643964440e+00 -5.5971509251e+00\n  267    0 1.0000000000 -5.9435869463e+00 -5.7057409717e+00\n  268    0 1.0000000000 -6.0211065323e+00 -5.8127591418e+00\n  269    0 1.0000000000 -6.0968746231e+00 -5.9180384720e+00\n  270    0 1.0000000000 -6.1708114996e+00 -6.0214127014e+00\n  271    0 1.0000000000 -6.2428384601e+00 -6.1227166817e+00\n  272    0 1.0000000000 -6.3128779780e+00 -6.2217867891e+00\n  273    0 1.0000000000 -6.3808538595e+00 -6.3184613373e+00\n  274    0 1.0000000000 -6.4466914001e+00 -6.4125809899e+00\n  275    0 1.0000000000 -6.5103175403e+00 -6.5039891700e+00\n  276    0 1.0000000000 -6.5716610197e+00 -6.5925324672e+00\n  277    0 1.0000000000 -6.6306525281e+00 -6.6780610389e+00\n  278    0 1.0000000000 -6.6872248548e+00 -6.7604290058e+00\n  279    0 1.0000000000 -6.7413130343e+00 -6.8394948389e+00\n  280    0 1.0000000000 -6.7928544884e+00 -6.9151217386e+00\n  281    0 1.0000000000 -6.8417891641e+00 -6.9871780022e+00\n  282    0 1.0000000000 -6.8880596671e+00 -7.0555373806e+00\n  283    0 1.0000000000 -6.9316113905e+00 -7.1200794213e+00\n  284    0 1.0000000000 -6.9723926373e+00 -7.1806897976e+00\n  285    0 1.0000000000 -7.0103547379e+00 -7.2372606227e+00\n  286    0 1.0000000000 -7.0454521608e+00 -7.2896907466e+00\n  287    0 1.0000000000 -7.0776426172e+00 -7.3378860360e+00\n  288    0 1.0000000000 -7.1068871579e+00 -7.3817596359e+00\n  289    0 1.0000000000 -7.1331502636e+00 -7.4212322107e+00\n  290    0 1.0000000000 -7.1563999270e+00 -7.4562321662e+00\n  291    0 1.0000000000 -7.1766077279e+00 -7.4866958499e+00\n  292    0 1.0000000000 -7.1937488987e+00 -7.5125677293e+00\n  293    0 1.0000000000 -7.2078023832e+00 -7.5338005478e+00\n  294    0 1.0000000000 -7.2187508855e+00 -7.5503554581e+00\n  295    0 1.0000000000 -7.2265809107e+00 -7.5622021312e+00\n  296    0 1.0000000000 -7.2312827970e+00 -7.5693188422e+00\n  297    0 1.0000000000 -7.2328507381e+00 -7.5716925316e+00\n