SINGLE-ORBITAL NN+NNN EFFECTIVE MODEL FIT

m=3
eon=0.0
t0=1.0
l_decay=0.5
dl=8.0
pairing=./m=3/pairing.txt
microscopic_orbitals=20

E_eff(k) = eps0 + 2*t1[cos(k.u1)+cos(k.u2)] + 4*t2*cos(k.u1)*cos(k.u2)

eps0     = -4.92412457008224e+00
t1       = -6.02029308771302e-01
t2       = -6.89492568330740e-02

RMSE=3.21924315778679e-01
MAE=2.69968969311184e-01
max_abs_error=6.77724001589778e-01
optimizer_success=True
optimizer_message=Linear least-squares solution
minimum_tracking_continuity=1.0000000000
mean_tracking_continuity=1.0000000000

# k_index idx continuity target fit\n    0    0 1.0000000000 -7.3326946937e+00 -7.6080388325e+00\n    1    0 1.0000000000 -7.3322720133e+00 -7.6072937879e+00\n    2    0 1.0000000000 -7.3310041221e+00 -7.6050594043e+00\n    3    0 1.0000000000 -7.3288914702e+00 -7.6013379316e+00\n    4    0 1.0000000000 -7.3259348072e+00 -7.5961331169e+00\n    5    0 1.0000000000 -7.3221351820e+00 -7.5894502010e+00\n    6    0 1.0000000000 -7.3174939419e+00 -7.5812959131e+00\n    7    0 1.0000000000 -7.3120127314e+00 -7.5716784639e+00\n    8    0 1.0000000000 -7.3056934915e+00 -7.5606075373e+00\n    9    0 1.0000000000 -7.2985384579e+00 -7.5480942808e+00\n   10    0 1.0000000000 -7.2905501596e+00 -7.5341512942e+00\n   11    0 1.0000000000 -7.2817314170e+00 -7.5187926169e+00\n   12    0 1.0000000000 -7.2720853399e+00 -7.5020337138e+00\n   13    0 1.0000000000 -7.2616153254e+00 -7.4838914597e+00\n   14    0 1.0000000000 -7.2503250555e+00 -7.4643841222e+00\n   15    0 1.0000000000 -7.2382184940e+00 -7.4435313437e+00\n   16    0 1.0000000000 -7.2252998846e+00 -7.4213541211e+00\n   17    0 1.0000000000 -7.2115737469e+00 -7.3978747849e+00\n   18    0 1.0000000000 -7.1970448740e+00 -7.3731169770e+00\n   19    0 1.0000000000 -7.1817183286e+00 -7.3471056262e+00\n   20    0 1.0000000000 -7.1655994397e+00 -7.3198669239e+00\n   21    0 1.0000000000 -7.1486937989e+00 -7.2914282971e+00\n   22    0 1.0000000000 -7.1310072562e+00 -7.2618183810e+00\n   23    0 1.0000000000 -7.1125459162e+00 -7.2310669904e+00\n   24    0 1.0000000000 -7.0933161337e+00 -7.1992050893e+00\n   25    0 1.0000000000 -7.0733245093e+00 -7.1662647599e+00\n   26    0 1.0000000000 -7.0525778851e+00 -7.1322791704e+00\n   27    0 1.0000000000 -7.0310833395e+00 -7.0972825414e+00\n   28    0 1.0000000000 -7.0088481826e+00 -7.0613101114e+00\n   29    0 1.0000000000 -6.9858799513e+00 -7.0243981017e+00\n   30    0 1.0000000000 -6.9621864038e+00 -6.9865836796e+00\n   31    0 1.0000000000 -6.9377755149e+00 -6.9479049209e+00\n   32    0 1.0000000000 -6.9126554699e+00 -6.9084007720e+00\n   33    0 1.0000000000 -6.8868346597e+00 -6.8681110101e+00\n   34    0 1.0000000000 -6.8603216747e+00 -6.8270762035e+00\n   35    0 1.0000000000 -6.8331252994e+00 -6.7853376710e+00\n   36    0 1.0000000000 -6.8052545062e+00 -6.7429374396e+00\n   37    0 1.0000000000 -6.7767184500e+00 -6.6999182028e+00\n   38    0 1.0000000000 -6.7475264616e+00 -6.6563232772e+00\n   39    0 1.0000000000 -6.7176880418e+00 -6.6121965594e+00\n   40    0 1.0000000000 -6.6872128554e+00 -6.5675824811e+00\n   41    0 1.0000000000 -6.6561107247e+00 -6.5225259650e+00\n   42    0 1.0000000000 -6.6243916232e+00 -6.4770723792e+00\n   43    0 1.0000000000 -6.5920656693e+00 -6.4312674915e+00\n   44    0 1.0000000000 -6.5591431199e+00 -6.3851574236e+00\n   45    0 1.0000000000 -6.5256343636e+00 -6.3387886044e+00\n   46    0 1.0000000000 -6.4915499147e+00 -6.2922077234e+00\n   47    0 1.0000000000 -6.4569004062e+00 -6.2454616836e+00\n   48    0 1.0000000000 -6.4216965832e+00 -6.1985975544e+00\n   49    0 1.0000000000 -6.3859492969e+00 -6.1516625238e+00\n   50    0 1.0000000000 -6.3496694971e+00 -6.1047038515e+00\n   51    0 1.0000000000 -6.3128682262e+00 -6.0577688209e+00\n   52    0 1.0000000000 -6.2755566125e+00 -6.0109046916e+00\n   53    0 1.0000000000 -6.2377458633e+00 -5.9641586518e+00\n   54    0 1.0000000000 -6.1994472585e+00 -5.9175777709e+00\n   55    0 1.0000000000 -6.1606721439e+00 -5.8712089517e+00\n   56    0 1.0000000000 -6.1214319248e+00 -5.8250988838e+00\n   57    0 1.0000000000 -6.0817380592e+00 -5.7792939961e+00\n   58    0 1.0000000000 -6.0416020515e+00 -5.7338404102e+00\n   59    0 1.0000000000 -6.0010354460e+00 -5.6887838941e+00\n   60    0 1.0000000000 -5.9600498202e+00 -5.6441698159e+00\n   61    0 1.0000000000 -5.9186567790e+00 -5.6000430980e+00\n   62    0 1.0000000000 -5.8768679477e+00 -5.5564481725e+00\n   63    0 1.0000000000 -5.8346949663e+00 -5.5134289357e+00\n   64    0 1.0000000000 -5.7921494831e+00 -5.4710287043e+00\n   65    0 1.0000000000 -5.7492431485e+00 -5.4292901717e+00\n   66    0 1.0000000000 -5.7059876091e+00 -5.3882553652e+00\n   67    0 1.0000000000 -5.6623945018e+00 -5.3479656033e+00\n   68    0 1.0000000000 -5.6184754478e+00 -5.3084614543e+00\n   69    0 1.0000000000 -5.5742420468e+00 -5.2697826956e+00\n   70    0 1.0000000000 -5.5297058718e+00 -5.2319682735e+00\n   71    0 1.0000000000 -5.4848784627e+00 -5.1950562638e+00\n   72    0 1.0000000000 -5.4397713217e+00 -5.1590838339e+00\n   73    0 1.0000000000 -5.3943959077e+00 -5.1240872048e+00\n   74    0 1.0000000000 -5.3487636307e+00 -5.0901016153e+00\n   75    0 1.0000000000 -5.3028858475e+00 -5.0571612859e+00\n   76    0 1.0000000000 -5.2567738560e+00 -5.0252993848e+00\n   77    0 1.0000000000 -5.2104388911e+00 -4.9945479943e+00\n   78    0 1.0000000000 -5.1638921198e+00 -4.9649380782e+00\n   79    0 1.0000000000 -5.1171446369e+00 -4.9364994514e+00\n   80    0 1.0000000000 -5.0702074607e+00 -4.9092607490e+00\n   81    0 1.0000000000 -5.0230915294e+00 -4.8832493983e+00\n   82    0 1.0000000000 -4.9758076974e+00 -4.8584915903e+00\n   83    0 1.0000000000 -4.9283667321e+00 -4.8350122542e+00\n   84    0 1.0000000000 -4.8807793114e+00 -4.8128350316e+00\n   85    0 1.0000000000 -4.8330560219e+00 -4.7919822530e+00\n   86    0 1.0000000000 -4.7852073581e+00 -4.7724749156e+00\n   87    0 1.0000000000 -4.7372437233e+00 -4.7543326614e+00\n   88    0 1.0000000000 -4.6891754334e+00 -4.7375737583e+00\n   89    0 1.0000000000 -4.6410127248e+00 -4.7222150810e+00\n   90    0 1.0000000000 -4.5927657701e+00 -4.7082720944e+00\n   91    0 1.0000000000 -4.5444447085e+00 -4.6957588379e+00\n   92    0 1.0000000000 -4.4960597051e+00 -4.6846879113e+00\n   93    0 1.0000000000 -4.4476210734e+00 -4.6750704621e+00\n   94    0 1.0000000000 -4.3991395490e+00 -4.6669161742e+00\n   95    0 1.0000000000 -4.3506269815e+00 -4.6602332584e+00\n   96    0 1.0000000000 -4.3020984171e+00 -4.6550284437e+00\n   97    0 1.0000000000 -4.2535803968e+00 -4.6513069709e+00\n   98    0 1.0000000000 -4.2051684264e+00 -4.6490725873e+00\n   99    0 1.0000000000 -4.1620608100e+00 -4.6483275427e+00\n  100    0 1.0000000000 -4.1618175555e+00 -4.6478602024e+00\n  101    0 1.0000000000 -4.1610878634e+00 -4.6464586519e+00\n  102    0 1.0000000000 -4.1598719475e+00 -4.6441243024e+00\n  103    0 1.0000000000 -4.1581701643e+00 -4.6408595045e+00\n  104    0 1.0000000000 -4.1559830125e+00 -4.6366675456e+00\n  105    0 1.0000000000 -4.1533111327e+00 -4.6315526465e+00\n  106    0 1.0000000000 -4.1501553074e+00 -4.6255199577e+00\n  107    0 1.0000000000 -4.1465164600e+00 -4.6185755533e+00\n  108    0 1.0000000000 -4.1423956548e+00 -4.6107264260e+00\n  109    0 1.0000000000 -4.1377940959e+00 -4.6019804791e+00\n  110    0 1.0000000000 -4.1327131270e+00 -4.5923465190e+00\n  111    0 1.0000000000 -4.1271542304e+00 -4.5818342463e+00\n  112    0 1.0000000000 -4.1211190259e+00 -4.5704542460e+00\n  113    0 1.0000000000 -4.1146092704e+00 -4.5582179768e+00\n  114    0 1.0000000000 -4.1076268565e+00 -4.5451377595e+00\n  115    0 1.0000000000 -4.1001738117e+00 -4.5312267649e+00\n  116    0 1.0000000000 -4.0922522968e+00 -4.5164990001e+00\n  117    0 1.0000000000 -4.0838646052e+00 -4.5009692947e+00\n  118    0 1.0000000000 -4.0750131611e+00 -4.4846532858e+00\n  119    0 1.0000000000 -4.0657005186e+00 -4.4675674023e+00\n  120    0 1.0000000000 -4.0559293596e+00 -4.4497288483e+00\n  121    0 1.0000000000 -4.0457024930e+00 -4.4311555855e+00\n  122    0 1.0000000000 -4.0350228524e+00 -4.4118663157e+00\n  123    0 1.0000000000 -4.0238934949e+00 -4.3918804616e+00\n  124    0 1.0000000000 -4.0123175991e+00 -4.3712181473e+00\n  125    0 1.0000000000 -4.0002984633e+00 -4.3499001779e+00\n  126    0 1.0000000000 -3.9878395037e+00 -4.3279480188e+00\n  127    0 1.0000000000 -3.9749442523e+00 -4.3053837740e+00\n  128    0 1.0000000000 -3.9616163551e+00 -4.2822301638e+00\n  129    0 1.0000000000 -3.9478595699e+00 -4.2585105018e+00\n  130    0 1.0000000000 -3.9336777639e+00 -4.2342486719e+00\n  131    0 1.0000000000 -3.9190749121e+00 -4.2094691035e+00\n  132    0 1.0000000000 -3.9040550947e+00 -4.1841967476e+00\n  133    0 1.0000000000 -3.8886224948e+00 -4.1584570514e+00\n  134    0 1.0000000000 -3.8727813965e+00 -4.1322759325e+00\n  135    0 1.0000000000 -3.8565361828e+00 -4.1056797531e+00\n  136    0 1.0000000000 -3.8398913339e+00 -4.0786952933e+00\n  137    0 1.0000000000 -3.8228514274e+00 -4.0513497241e+00\n  138    0 1.0000000000 -3.8054211441e+00 -4.0236705803e+00\n  139    0 1.0000000000 -3.7876053082e+00 -3.9956857323e+00\n  140    0 1.0000000000 -3.7694092404e+00 -3.9674233586e+00\n  141    0 1.0000000000 -3.7508400404e+00 -3.9389119169e+00\n  142    0 1.0000000000 -3.7319016150e+00 -3.9101801159e+00\n  143    0 1.0000000000 -3.7125974732e+00 -3.8812568861e+00\n  144    0 1.0000000000 -3.6929325433e+00 -3.8521713506e+00\n  145    0 1.0000000000 -3.6729119966e+00 -3.8229527962e+00\n  146    0 1.0000000000 -3.6525411033e+00 -3.7936306435e+00\n  147    0 1.0000000000 -3.6318252083e+00 -3.7642344174e+00\n  148    0 1.0000000000 -3.6107697232e+00 -3.7347937174e+00\n  149    0 1.0000000000 -3.5893801221e+00 -3.7053381877e+00\n  150    0 1.0000000000 -3.5676619377e+00 -3.6758974877e+00\n  151    0 1.0000000000 -3.5456207584e+00 -3.6465012616e+00\n  152    0 1.0000000000 -3.5232622252e+00 -3.6171791088e+00\n  153    0 1.0000000000 -3.5005920286e+00 -3.5879605545e+00\n  154    0 1.0000000000 -3.4776159060e+00 -3.5588750190e+00\n  155    0 1.0000000000 -3.4543396386e+00 -3.5299517892e+00\n  156    0 1.0000000000 -3.4307690484e+00 -3.5012199882e+00\n  157    0 1.0000000000 -3.4069099956e+00 -3.4727085465e+00\n  158    0 1.0000000000 -3.3827683758e+00 -3.4444461728e+00\n  159    0 1.0000000000 -3.3583501167e+00 -3.4164613248e+00\n  160    0 1.0000000000 -3.3336611762e+00 -3.3887821810e+00\n  161    0 1.0000000000 -3.3087075386e+00 -3.3614366118e+00\n  162    0 1.0000000000 -3.2834952129e+00 -3.3344521520e+00\n  163    0 1.0000000000 -3.2580302293e+00 -3.3078559726e+00\n  164    0 1.0000000000 -3.2323186371e+00 -3.2816748537e+00\n  165    0 1.0000000000 -3.2063665021e+00 -3.2559351574e+00\n  166    0 1.0000000000 -3.1801799039e+00 -3.2306628016e+00\n  167    0 1.0000000000 -3.1537649335e+00 -3.2058832332e+00\n  168    0 1.0000000000 -3.1271276913e+00 -3.1816214032e+00\n  169    0 1.0000000000 -3.1002742844e+00 -3.1579017413e+00\n  170    0 1.0000000000 -3.0732108249e+00 -3.1347481311e+00\n  171    0 1.0000000000 -3.0459434276e+00 -3.1121838863e+00\n  172    0 1.0000000000 -3.0184782086e+00 -3.0902317272e+00\n  173    0 1.0000000000 -2.9908212830e+00 -3.0689137578e+00\n  174    0 1.0000000000 -2.9629787641e+00 -3.0482514434e+00\n  175    0 1.0000000000 -2.9349567620e+00 -3.0282655894e+00\n  176    0 1.0000000000 -2.9067613828e+00 -3.0089763196e+00\n  177    0 1.0000000000 -2.8783987279e+00 -2.9904030568e+00\n  178    0 1.0000000000 -2.8498748943e+00 -2.9725645027e+00\n  179    0 1.0000000000 -2.8211959752e+00 -2.9554786192e+00\n  180    0 1.0000000000 -2.7923680608e+00 -2.9391626104e+00\n  181    0 1.0000000000 -2.7633972410e+00 -2.9236329050e+00\n  182    0 1.0000000000 -2.7342896082e+00 -2.9089051402e+00\n  183    0 1.0000000000 -2.7050512622e+00 -2.8949941455e+00\n  184    0 1.0000000000 -2.6756883165e+00 -2.8819139283e+00\n  185    0 1.0000000000 -2.6462069070e+00 -2.8696776590e+00\n  186    0 1.0000000000 -2.6166132035e+00 -2.8582976587e+00\n  187    0 1.0000000000 -2.5869134252e+00 -2.8477853861e+00\n  188    0 1.0000000000 -2.5571138613e+00 -2.8381514260e+00\n  189    0 1.0000000000 -2.5272208985e+00 -2.8294054791e+00\n  190    0 1.0000000000 -2.4972410576e+00 -2.8215563517e+00\n  191    0 1.0000000000 -2.4671810453e+00 -2.8146119474e+00\n  192    0 1.0000000000 -2.4370478291e+00 -2.8085792585e+00\n  193    0 1.0000000000 -2.4068487607e+00 -2.8034643595e+00\n  194    0 1.0000000000 -2.3765918185e+00 -2.7992724006e+00\n  195    0 1.0000000000 -2.3462862364e+00 -2.7960076027e+00\n  196    0 1.0000000000 -2.3159448831e+00 -2.7936732532e+00\n  197    0 1.0000000000 -2.2856007098e+00 -2.7922717027e+00\n  198    0 1.0000000000 -2.2575342750e+00 -2.7918043623e+00\n  199    0 1.0000000000 -2.3141405515e+00 -2.7927391130e+00\n  200    0 1.0000000000 -2.3755175788e+00 -2.7955432621e+00\n  201    0 1.0000000000 -2.4373828178e+00 -2.8002164978e+00\n  202    0 1.0000000000 -2.4996921020e+00 -2.8067582898e+00\n  203    0 1.0000000000 -2.5624289569e+00 -2.8151678723e+00\n  204    0 1.0000000000 -2.6255810626e+00 -2.8254442223e+00\n  205    0 1.0000000000 -2.6891369172e+00 -2.8375860299e+00\n  206    0 1.0000000000 -2.7530849996e+00 -2.8515916635e+00\n  207    0 1.0000000000 -2.8174134863e+00 -2.8674591288e+00\n  208    0 1.0000000000 -2.8821101328e+00 -2.8851860222e+00\n  209    0 1.0000000000 -2.9471622168e+00 -2.9047694781e+00\n  210    0 1.0000000000 -3.0125565054e+00 -2.9262061119e+00\n  211    0 1.0000000000 -3.0782792348e+00 -2.9494919576e+00\n  212    0 1.0000000000 -3.1443160968e+00 -2.9746224005e+00\n  213    0 1.0000000000 -3.2106522277e+00 -3.0015921064e+00\n  214    0 1.0000000000 -3.2772722006e+00 -3.0303949463e+00\n  215    0 1.0000000000 -3.3441600186e+00 -3.0610239182e+00\n  216    0 1.0000000000 -3.4112991093e+00 -3.0934710651e+00\n  217    0 1.0000000000 -3.4786723210e+00 -3.1277273914e+00\n  218    0 1.0000000000 -3.5462619189e+00 -3.1637827761e+00\n  219    0 1.0000000000 -3.6140495828e+00 -3.2016258854e+00\n  220    0 1.0000000000 -3.6820164055e+00 -3.2412440830e+00\n  221    0 1.0000000000 -3.7501428919e+00 -3.2826233408e+00\n  222    0 1.0000000000 -3.8184089596e+00 -3.3257481484e+00\n  223    0 1.0000000000 -3.8867939394e+00 -3.3706014239e+00\n  224    0 1.0000000000 -3.9552765777e+00 -3.4171644244e+00\n  225    0 1.0000000000 -4.0238350391e+00 -3.4654166591e+00\n  226    0 1.0000000000 -4.0924469103e+00 -3.5153358034e+00\n  227    0 1.0000000000 -4.1610892050e+00 -3.5668976156e+00\n  228    0 1.0000000000 -4.2297383697e+00 -3.6200758565e+00\n  229    0 1.0000000000 -4.2983702905e+00 -3.6748422125e+00\n  230    0 1.0000000000 -4.3669603010e+00 -3.7311662226e+00\n  231    0 1.0000000000 -4.4354831914e+00 -3.7890152094e+00\n  232    0 1.0000000000 -4.5039132182e+00 -3.8483542155e+00\n  233    0 1.0000000000 -4.5722241157e+00 -3.9091459447e+00\n  234    0 1.0000000000 -4.6403891080e+00 -3.9713507094e+00\n  235    0 1.0000000000 -4.7083809225e+00 -4.0349263835e+00\n  236    0 1.0000000000 -4.7761718045e+00 -4.0998283627e+00\n  237    0 1.0000000000 -4.8437335324e+00 -4.1660095308e+00\n  238    0 1.0000000000 -4.9110374350e+00 -4.2334202342e+00\n  239    0 1.0000000000 -4.9780544093e+00 -4.3020082629e+00\n  240    0 1.0000000000 -5.0447549392e+00 -4.3717188406e+00\n  241    0 1.0000000000 -5.1111091163e+00 -4.4424946219e+00\n  242    0 1.0000000000 -5.1770866609e+00 -4.5142756986e+00\n  243    0 1.0000000000 -5.2426569446e+00 -4.5869996140e+00\n  244    0 1.0000000000 -5.3077890137e+00 -4.6606013865e+00\n  245    0 1.0000000000 -5.3724516142e+00 -4.7350135417e+00\n  246    0 1.0000000000 -5.4366132174e+00 -4.8101661537e+00\n  247    0 1.0000000000 -5.5002420466e+00 -4.8859868952e+00\n  248    0 1.0000000000 -5.5633061052e+00 -4.9624010971e+00\n  249    0 1.0000000000 -5.6257732055e+00 -5.0393318168e+00\n  250    0 1.0000000000 -5.6876109981e+00 -5.1166999157e+00\n  251    0 1.0000000000 -5.7487870032e+00 -5.1944241454e+00\n  252    0 1.0000000000 -5.8092686421e+00 -5.2724212437e+00\n  253    0 1.0000000000 -5.8690232694e+00 -5.3506060375e+00\n  254    0 1.0000000000 -5.9280182064e+00 -5.4288915563e+00\n  255    0 1.0000000000 -5.9862207755e+00 -5.5071891524e+00\n  256    0 1.0000000000 -6.0435983345e+00 -5.5854086298e+00\n  257    0 1.0000000000 -6.1001183121e+00 -5.6634583807e+00\n  258    0 1.0000000000 -6.1557482439e+00 -5.7412455298e+00\n  259    0 1.0000000000 -6.2104558093e+00 -5.8186760850e+00\n  260    0 1.0000000000 -6.2642088678e+00 -5.8956550952e+00\n  261    0 1.0000000000 -6.3169754969e+00 -5.9720868144e+00\n  262    0 1.0000000000 -6.3687240297e+00 -6.0478748714e+00\n  263    0 1.0000000000 -6.4194230930e+00 -6.1229224450e+00\n  264    0 1.0000000000 -6.4690416453e+00 -6.1971324445e+00\n  265    0 1.0000000000 -6.5175490153e+00 -6.2704076932e+00\n  266    0 1.0000000000 -6.5649149403e+00 -6.3426511178e+00\n  267    0 1.0000000000 -6.6111096043e+00 -6.4137659390e+00\n  268    0 1.0000000000 -6.6561036767e+00 -6.4836558662e+00\n  269    0 1.0000000000 -6.6998683499e+00 -6.5522252939e+00\n  270    0 1.0000000000 -6.7423753775e+00 -6.6193794991e+00\n  271    0 1.0000000000 -6.7835971116e+00 -6.6850248406e+00\n  272    0 1.0000000000 -6.8235065398e+00 -6.7490689580e+00\n  273    0 1.0000000000 -6.8620773221e+00 -6.8114209700e+00\n  274    0 1.0000000000 -6.8992838263e+00 -6.8719916727e+00\n  275    0 1.0000000000 -6.9351011638e+00 -6.9306937357e+00\n  276    0 1.0000000000 -6.9695052241e+00 -6.9874418957e+00\n  277    0 1.0000000000 -7.0024727084e+00 -7.0421531482e+00\n  278    0 1.0000000000 -7.0339811630e+00 -7.0947469351e+00\n  279    0 1.0000000000 -7.0640090103e+00 -7.1451453281e+00\n  280    0 1.0000000000 -7.0925355806e+00 -7.1932732078e+00\n  281    0 1.0000000000 -7.1195411414e+00 -7.2390584379e+00\n  282    0 1.0000000000 -7.1450069263e+00 -7.2824320325e+00\n  283    0 1.0000000000 -7.1689151618e+00 -7.3233283182e+00\n  284    0 1.0000000000 -7.1912490942e+00 -7.3616850887e+00\n  285    0 1.0000000000 -7.2119930133e+00 -7.3974437519e+00\n  286    0 1.0000000000 -7.2311322766e+00 -7.4305494697e+00\n  287    0 1.0000000000 -7.2486533301e+00 -7.4609512886e+00\n  288    0 1.0000000000 -7.2645437295e+00 -7.4886022622e+00\n  289    0 1.0000000000 -7.2787921580e+00 -7.5134595645e+00\n  290    0 1.0000000000 -7.2913884437e+00 -7.5354845927e+00\n  291    0 1.0000000000 -7.3023235748e+00 -7.5546430613e+00\n  292    0 1.0000000000 -7.3115897134e+00 -7.5709050852e+00\n  293    0 1.0000000000 -7.3191802070e+00 -7.5842452522e+00\n  294    0 1.0000000000 -7.3250895989e+00 -7.5946426854e+00\n  295    0 1.0000000000 -7.3293136364e+00 -7.6020810941e+00\n  296    0 1.0000000000 -7.3318492770e+00 -7.6065488132e+00\n  297    0 1.0000000000 -7.3326946937e+00 -7.6080388325e+00\n