SINGLE-ORBITAL NN+NNN EFFECTIVE MODEL FIT

m=4
eon=0.0
t0=1.0
l_decay=0.5
dl=8.0
pairing=./m=4/pairing.txt
microscopic_orbitals=34

E_eff(k) = eps0 + 2*t1[cos(k.u1)+cos(k.u2)] + 4*t2*cos(k.u1)*cos(k.u2)

eps0     = -5.75382647584160e+00
t1       = -4.16812424996897e-01
t2       = -3.11354024914556e-02

RMSE=2.45835083505342e-01
MAE=2.03040613827474e-01
max_abs_error=5.26831979635229e-01
optimizer_success=True
optimizer_message=Linear least-squares solution
minimum_tracking_continuity=1.0000000000
mean_tracking_continuity=1.0000000000

# k_index idx continuity target fit\n    0    0 1.0000000000 -7.3458564230e+00 -7.5456177858e+00\n    1    0 1.0000000000 -7.3456042654e+00 -7.5451353896e+00\n    2    0 1.0000000000 -7.3448478754e+00 -7.5436886867e+00\n    3    0 1.0000000000 -7.3435875014e+00 -7.5412791339e+00\n    4    0 1.0000000000 -7.3418235530e+00 -7.5379091573e+00\n    5    0 1.0000000000 -7.3395565887e+00 -7.5335821502e+00\n    6    0 1.0000000000 -7.3367872896e+00 -7.5283024696e+00\n    7    0 1.0000000000 -7.3335164234e+00 -7.5220754317e+00\n    8    0 1.0000000000 -7.3297448163e+00 -7.5149073065e+00\n    9    0 1.0000000000 -7.3254733454e+00 -7.5068053117e+00\n   10    0 1.0000000000 -7.3207029525e+00 -7.4977776054e+00\n   11    0 1.0000000000 -7.3154346638e+00 -7.4878332777e+00\n   12    0 1.0000000000 -7.3096696066e+00 -7.4769823418e+00\n   13    0 1.0000000000 -7.3034090176e+00 -7.4652357234e+00\n   14    0 1.0000000000 -7.2966542465e+00 -7.4526052506e+00\n   15    0 1.0000000000 -7.2894067561e+00 -7.4391036412e+00\n   16    0 1.0000000000 -7.2816681209e+00 -7.4247444900e+00\n   17    0 1.0000000000 -7.2734400256e+00 -7.4095422556e+00\n   18    0 1.0000000000 -7.2647242633e+00 -7.3935122453e+00\n   19    0 1.0000000000 -7.2555227341e+00 -7.3766706000e+00\n   20    0 1.0000000000 -7.2458374433e+00 -7.3590342778e+00\n   21    0 1.0000000000 -7.2356705001e+00 -7.3406210370e+00\n   22    0 1.0000000000 -7.2250241161e+00 -7.3214494181e+00\n   23    0 1.0000000000 -7.2139006043e+00 -7.3015387253e+00\n   24    0 1.0000000000 -7.2023023774e+00 -7.2809090071e+00\n   25    0 1.0000000000 -7.1902319469e+00 -7.2595810357e+00\n   26    0 1.0000000000 -7.1776919214e+00 -7.2375762868e+00\n   27    0 1.0000000000 -7.1646850058e+00 -7.2149169170e+00\n   28    0 1.0000000000 -7.1512139994e+00 -7.1916257427e+00\n   29    0 1.0000000000 -7.1372817951e+00 -7.1677262159e+00\n   30    0 1.0000000000 -7.1228913773e+00 -7.1432424015e+00\n   31    0 1.0000000000 -7.1080458215e+00 -7.1181989525e+00\n   32    0 1.0000000000 -7.0927482918e+00 -7.0926210857e+00\n   33    0 1.0000000000 -7.0770020403e+00 -7.0665345558e+00\n   34    0 1.0000000000 -7.0608104048e+00 -7.0399656297e+00\n   35    0 1.0000000000 -7.0441768081e+00 -7.0129410600e+00\n   36    0 1.0000000000 -7.0271047558e+00 -6.9854880583e+00\n   37    0 1.0000000000 -7.0095978348e+00 -6.9576342672e+00\n   38    0 1.0000000000 -6.9916597121e+00 -6.9294077334e+00\n   39    0 1.0000000000 -6.9732941327e+00 -6.9008368784e+00\n   40    0 1.0000000000 -6.9545049179e+00 -6.8719504708e+00\n   41    0 1.0000000000 -6.9352959640e+00 -6.8427775966e+00\n   42    0 1.0000000000 -6.9156712404e+00 -6.8133476305e+00\n   43    0 1.0000000000 -6.8956347876e+00 -6.7836902060e+00\n   44    0 1.0000000000 -6.8751907155e+00 -6.7538351855e+00\n   45    0 1.0000000000 -6.8543432021e+00 -6.7238126306e+00\n   46    0 1.0000000000 -6.8330964911e+00 -6.6936527715e+00\n   47    0 1.0000000000 -6.8114548901e+00 -6.6633859764e+00\n   48    0 1.0000000000 -6.7894227693e+00 -6.6330427217e+00\n   49    0 1.0000000000 -6.7670045588e+00 -6.6026535602e+00\n   50    0 1.0000000000 -6.7442047475e+00 -6.5722490914e+00\n   51    0 1.0000000000 -6.7210278808e+00 -6.5418599300e+00\n   52    0 1.0000000000 -6.6974785586e+00 -6.5115166752e+00\n   53    0 1.0000000000 -6.6735614338e+00 -6.4812498802e+00\n   54    0 1.0000000000 -6.6492812098e+00 -6.4510900210e+00\n   55    0 1.0000000000 -6.6246426390e+00 -6.4210674662e+00\n   56    0 1.0000000000 -6.5996505209e+00 -6.3912124457e+00\n   57    0 1.0000000000 -6.5743096997e+00 -6.3615550212e+00\n   58    0 1.0000000000 -6.5486250626e+00 -6.3321250551e+00\n   59    0 1.0000000000 -6.5226015380e+00 -6.3029521809e+00\n   60    0 1.0000000000 -6.4962440934e+00 -6.2740657733e+00\n   61    0 1.0000000000 -6.4695577332e+00 -6.2454949183e+00\n   62    0 1.0000000000 -6.4425474971e+00 -6.2172683844e+00\n   63    0 1.0000000000 -6.4152184580e+00 -6.1894145934e+00\n   64    0 1.0000000000 -6.3875757199e+00 -6.1619615916e+00\n   65    0 1.0000000000 -6.3596244162e+00 -6.1349370220e+00\n   66    0 1.0000000000 -6.3313697076e+00 -6.1083680959e+00\n   67    0 1.0000000000 -6.3028167801e+00 -6.0822815659e+00\n   68    0 1.0000000000 -6.2739708430e+00 -6.0567036991e+00\n   69    0 1.0000000000 -6.2448371275e+00 -6.0316602502e+00\n   70    0 1.0000000000 -6.2154208841e+00 -6.0071764358e+00\n   71    0 1.0000000000 -6.1857273810e+00 -5.9832769090e+00\n   72    0 1.0000000000 -6.1557619021e+00 -5.9599857346e+00\n   73    0 1.0000000000 -6.1255297455e+00 -5.9373263649e+00\n   74    0 1.0000000000 -6.0950362210e+00 -5.9153216159e+00\n   75    0 1.0000000000 -6.0642866488e+00 -5.8939936446e+00\n   76    0 1.0000000000 -6.0332863572e+00 -5.8733639264e+00\n   77    0 1.0000000000 -6.0020406813e+00 -5.8534532336e+00\n   78    0 1.0000000000 -5.9705549607e+00 -5.8342816147e+00\n   79    0 1.0000000000 -5.9388345382e+00 -5.8158683739e+00\n   80    0 1.0000000000 -5.9068847574e+00 -5.7982320517e+00\n   81    0 1.0000000000 -5.8747109616e+00 -5.7813904064e+00\n   82    0 1.0000000000 -5.8423184920e+00 -5.7653603961e+00\n   83    0 1.0000000000 -5.8097126855e+00 -5.7501581617e+00\n   84    0 1.0000000000 -5.7768988735e+00 -5.7357990105e+00\n   85    0 1.0000000000 -5.7438823805e+00 -5.7222974010e+00\n   86    0 1.0000000000 -5.7106685220e+00 -5.7096669282e+00\n   87    0 1.0000000000 -5.6772626031e+00 -5.6979203099e+00\n   88    0 1.0000000000 -5.6436699175e+00 -5.6870693739e+00\n   89    0 1.0000000000 -5.6098957458e+00 -5.6771250462e+00\n   90    0 1.0000000000 -5.5759453543e+00 -5.6680973400e+00\n   91    0 1.0000000000 -5.5418239946e+00 -5.6599953452e+00\n   92    0 1.0000000000 -5.5075369031e+00 -5.6528272200e+00\n   93    0 1.0000000000 -5.4730893023e+00 -5.6466001820e+00\n   94    0 1.0000000000 -5.4384864045e+00 -5.6413205014e+00\n   95    0 1.0000000000 -5.4037334244e+00 -5.6369934944e+00\n   96    0 1.0000000000 -5.3688356163e+00 -5.6336235178e+00\n   97    0 1.0000000000 -5.3337984198e+00 -5.6312139650e+00\n   98    0 1.0000000000 -5.2986283633e+00 -5.6297672621e+00\n   99    0 1.0000000000 -5.2633671996e+00 -5.6292848659e+00\n  100    0 1.0000000000 -5.2632109511e+00 -5.6289278725e+00\n  101    0 1.0000000000 -5.2626969436e+00 -5.6278572519e+00\n  102    0 1.0000000000 -5.2618252693e+00 -5.6260740821e+00\n  103    0 1.0000000000 -5.2605960912e+00 -5.6235801585e+00\n  104    0 1.0000000000 -5.2590096424e+00 -5.6203779924e+00\n  105    0 1.0000000000 -5.2570662263e+00 -5.6164708080e+00\n  106    0 1.0000000000 -5.2547662162e+00 -5.6118625396e+00\n  107    0 1.0000000000 -5.2521100557e+00 -5.6065578272e+00\n  108    0 1.0000000000 -5.2490982578e+00 -5.6005620124e+00\n  109    0 1.0000000000 -5.2457314050e+00 -5.5938811323e+00\n  110    0 1.0000000000 -5.2420101491e+00 -5.5865219140e+00\n  111    0 1.0000000000 -5.2379352111e+00 -5.5784917677e+00\n  112    0 1.0000000000 -5.2335073801e+00 -5.5697987791e+00\n  113    0 1.0000000000 -5.2287275140e+00 -5.5604517011e+00\n  114    0 1.0000000000 -5.2235965383e+00 -5.5504599456e+00\n  115    0 1.0000000000 -5.2181154462e+00 -5.5398335734e+00\n  116    0 1.0000000000 -5.2122852978e+00 -5.5285832844e+00\n  117    0 1.0000000000 -5.2061072201e+00 -5.5167204066e+00\n  118    0 1.0000000000 -5.1995824060e+00 -5.5042568849e+00\n  119    0 1.0000000000 -5.1927121142e+00 -5.4912052692e+00\n  120    0 1.0000000000 -5.1854976683e+00 -5.4775787011e+00\n  121    0 1.0000000000 -5.1779404566e+00 -5.4633909016e+00\n  122    0 1.0000000000 -5.1700419314e+00 -5.4486561565e+00\n  123    0 1.0000000000 -5.1618036080e+00 -5.4333893025e+00\n  124    0 1.0000000000 -5.1532270648e+00 -5.4176057120e+00\n  125    0 1.0000000000 -5.1443139419e+00 -5.4013212778e+00\n  126    0 1.0000000000 -5.1350659408e+00 -5.3845523968e+00\n  127    0 1.0000000000 -5.1254848237e+00 -5.3673159540e+00\n  128    0 1.0000000000 -5.1155724126e+00 -5.3496293050e+00\n  129    0 1.0000000000 -5.1053305885e+00 -5.3315102587e+00\n  130    0 1.0000000000 -5.0947612909e+00 -5.3129770595e+00\n  131    0 1.0000000000 -5.0838665168e+00 -5.2940483686e+00\n  132    0 1.0000000000 -5.0726483198e+00 -5.2747432459e+00\n  133    0 1.0000000000 -5.0611088094e+00 -5.2550811297e+00\n  134    0 1.0000000000 -5.0492501500e+00 -5.2350818183e+00\n  135    0 1.0000000000 -5.0370745602e+00 -5.2147654492e+00\n  136    0 1.0000000000 -5.0245843118e+00 -5.1941524793e+00\n  137    0 1.0000000000 -5.0117817288e+00 -5.1732636642e+00\n  138    0 1.0000000000 -4.9986691864e+00 -5.1521200370e+00\n  139    0 1.0000000000 -4.9852491105e+00 -5.1307428876e+00\n  140    0 1.0000000000 -4.9715239760e+00 -5.1091537410e+00\n  141    0 1.0000000000 -4.9574963066e+00 -5.0873743357e+00\n  142    0 1.0000000000 -4.9431686730e+00 -5.0654266016e+00\n  143    0 1.0000000000 -4.9285436925e+00 -5.0433326383e+00\n  144    0 1.0000000000 -4.9136240278e+00 -5.0211146925e+00\n  145    0 1.0000000000 -4.8984123858e+00 -4.9987951358e+00\n  146    0 1.0000000000 -4.8829115166e+00 -4.9763964420e+00\n  147    0 1.0000000000 -4.8671242125e+00 -4.9539411649e+00\n  148    0 1.0000000000 -4.8510533070e+00 -4.9314519149e+00\n  149    0 1.0000000000 -4.8347016735e+00 -4.9089513368e+00\n  150    0 1.0000000000 -4.8180722242e+00 -4.8864620868e+00\n  151    0 1.0000000000 -4.8011679094e+00 -4.8640068097e+00\n  152    0 1.0000000000 -4.7839917157e+00 -4.8416081159e+00\n  153    0 1.0000000000 -4.7665466655e+00 -4.8192885592e+00\n  154    0 1.0000000000 -4.7488358155e+00 -4.7970706134e+00\n  155    0 1.0000000000 -4.7308622558e+00 -4.7749766501e+00\n  156    0 1.0000000000 -4.7126291084e+00 -4.7530289160e+00\n  157    0 1.0000000000 -4.6941395266e+00 -4.7312495107e+00\n  158    0 1.0000000000 -4.6753966933e+00 -4.7096603641e+00\n  159    0 1.0000000000 -4.6564038201e+00 -4.6882832147e+00\n  160    0 1.0000000000 -4.6371641463e+00 -4.6671395875e+00\n  161    0 1.0000000000 -4.6176809372e+00 -4.6462507724e+00\n  162    0 1.0000000000 -4.5979574838e+00 -4.6256378025e+00\n  163    0 1.0000000000 -4.5779971007e+00 -4.6053214334e+00\n  164    0 1.0000000000 -4.5578031256e+00 -4.5853221220e+00\n  165    0 1.0000000000 -4.5373789178e+00 -4.5656600058e+00\n  166    0 1.0000000000 -4.5167278572e+00 -4.5463548830e+00\n  167    0 1.0000000000 -4.4958533432e+00 -4.5274261922e+00\n  168    0 1.0000000000 -4.4747587934e+00 -4.5088929930e+00\n  169    0 1.0000000000 -4.4534476423e+00 -4.4907739467e+00\n  170    0 1.0000000000 -4.4319233405e+00 -4.4730872977e+00\n  171    0 1.0000000000 -4.4101893535e+00 -4.4558508549e+00\n  172    0 1.0000000000 -4.3882491603e+00 -4.4390819739e+00\n  173    0 1.0000000000 -4.3661062525e+00 -4.4227975397e+00\n  174    0 1.0000000000 -4.3437641330e+00 -4.4070139492e+00\n  175    0 1.0000000000 -4.3212263152e+00 -4.3917470952e+00\n  176    0 1.0000000000 -4.2984963214e+00 -4.3770123501e+00\n  177    0 1.0000000000 -4.2755776823e+00 -4.3628245506e+00\n  178    0 1.0000000000 -4.2524739353e+00 -4.3491979825e+00\n  179    0 1.0000000000 -4.2291886238e+00 -4.3361463668e+00\n  180    0 1.0000000000 -4.2057252961e+00 -4.3236828451e+00\n  181    0 1.0000000000 -4.1820875041e+00 -4.3118199673e+00\n  182    0 1.0000000000 -4.1582788026e+00 -4.3005696783e+00\n  183    0 1.0000000000 -4.1343027479e+00 -4.2899433061e+00\n  184    0 1.0000000000 -4.1101628971e+00 -4.2799515506e+00\n  185    0 1.0000000000 -4.0858628069e+00 -4.2706044726e+00\n  186    0 1.0000000000 -4.0614060327e+00 -4.2619114840e+00\n  187    0 1.0000000000 -4.0367961278e+00 -4.2538813377e+00\n  188    0 1.0000000000 -4.0120366422e+00 -4.2465221194e+00\n  189    0 1.0000000000 -3.9871311220e+00 -4.2398412393e+00\n  190    0 1.0000000000 -3.9620831088e+00 -4.2338454245e+00\n  191    0 1.0000000000 -3.9368961390e+00 -4.2285407121e+00\n  192    0 1.0000000000 -3.9115737440e+00 -4.2239324437e+00\n  193    0 1.0000000000 -3.8861194517e+00 -4.2200252593e+00\n  194    0 1.0000000000 -3.8605367902e+00 -4.2168230932e+00\n  195    0 1.0000000000 -3.8348293022e+00 -4.2143291696e+00\n  196    0 1.0000000000 -3.8090005984e+00 -4.2125459998e+00\n  197    0 1.0000000000 -3.7830546788e+00 -4.2114753792e+00\n  198    0 1.0000000000 -3.7570049720e+00 -4.2111183858e+00\n  199    0 1.0000000000 -3.8091547103e+00 -4.2118324041e+00\n  200    0 1.0000000000 -3.8614099906e+00 -4.2139741186e+00\n  201    0 1.0000000000 -3.9137336068e+00 -4.2175425070e+00\n  202    0 1.0000000000 -3.9661151304e+00 -4.2225358615e+00\n  203    0 1.0000000000 -4.0185447409e+00 -4.2289517832e+00\n  204    0 1.0000000000 -4.0710125673e+00 -4.2367871734e+00\n  205    0 1.0000000000 -4.1235085809e+00 -4.2460382237e+00\n  206    0 1.0000000000 -4.1760225681e+00 -4.2567004030e+00\n  207    0 1.0000000000 -4.2285441215e+00 -4.2687684431e+00\n  208    0 1.0000000000 -4.2810626373e+00 -4.2822363220e+00\n  209    0 1.0000000000 -4.3335673145e+00 -4.2970972449e+00\n  210    0 1.0000000000 -4.3860471560e+00 -4.3133436242e+00\n  211    0 1.0000000000 -4.4384909700e+00 -4.3309670573e+00\n  212    0 1.0000000000 -4.4908873713e+00 -4.3499583029e+00\n  213    0 1.0000000000 -4.5432247842e+00 -4.3703072564e+00\n  214    0 1.0000000000 -4.5954914445e+00 -4.3920029233e+00\n  215    0 1.0000000000 -4.6476754021e+00 -4.4150333925e+00\n  216    0 1.0000000000 -4.6997645245e+00 -4.4393858079e+00\n  217    0 1.0000000000 -4.7517464996e+00 -4.4650463399e+00\n  218    0 1.0000000000 -4.8036088395e+00 -4.4920001563e+00\n  219    0 1.0000000000 -4.8553388841e+00 -4.5202313931e+00\n  220    0 1.0000000000 -4.9069238051e+00 -4.5497231247e+00\n  221    0 1.0000000000 -4.9583506106e+00 -4.5804573346e+00\n  222    0 1.0000000000 -5.0096061491e+00 -4.6124148871e+00\n  223    0 1.0000000000 -5.0606771148e+00 -4.6455754984e+00\n  224    0 1.0000000000 -5.1115500523e+00 -4.6799177094e+00\n  225    0 1.0000000000 -5.1622113622e+00 -4.7154188591e+00\n  226    0 1.0000000000 -5.2126473064e+00 -4.7520550597e+00\n  227    0 1.0000000000 -5.2628440140e+00 -4.7898011727e+00\n  228    0 1.0000000000 -5.3127874875e+00 -4.8286307870e+00\n  229    0 1.0000000000 -5.3624636091e+00 -4.8685161985e+00\n  230    0 1.0000000000 -5.4118581472e+00 -4.9094283927e+00\n  231    0 1.0000000000 -5.4609567633e+00 -4.9513370283e+00\n  232    0 1.0000000000 -5.5097450190e+00 -4.9942104248e+00\n  233    0 1.0000000000 -5.5582083837e+00 -5.0380155515e+00\n  234    0 1.0000000000 -5.6063322416e+00 -5.0827180200e+00\n  235    0 1.0000000000 -5.6541019000e+00 -5.1282820800e+00\n  236    0 1.0000000000 -5.7015025974e+00 -5.1746706177e+00\n  237    0 1.0000000000 -5.7485195112e+00 -5.2218451581e+00\n  238    0 1.0000000000 -5.7951377669e+00 -5.2697658704e+00\n  239    0 1.0000000000 -5.8413424464e+00 -5.3183915771e+00\n  240    0 1.0000000000 -5.8871185972e+00 -5.3676797674e+00\n  241    0 1.0000000000 -5.9324512414e+00 -5.4175866138e+00\n  242    0 1.0000000000 -5.9773253850e+00 -5.4680669928e+00\n  243    0 1.0000000000 -6.0217260277e+00 -5.5190745096e+00\n  244    0 1.0000000000 -6.0656381723e+00 -5.5705615273e+00\n  245    0 1.0000000000 -6.1090468349e+00 -5.6224791996e+00\n  246    0 1.0000000000 -6.1519370545e+00 -5.6747775080e+00\n  247    0 1.0000000000 -6.1942939039e+00 -5.7274053031e+00\n  248    0 1.0000000000 -6.2361024993e+00 -5.7803103500e+00\n  249    0 1.0000000000 -6.2773480115e+00 -5.8334393777e+00\n  250    0 1.0000000000 -6.3180156759e+00 -5.8867381331e+00\n  251    0 1.0000000000 -6.3580908035e+00 -5.9401514383e+00\n  252    0 1.0000000000 -6.3975587918e+00 -5.9936232524e+00\n  253    0 1.0000000000 -6.4364051355e+00 -6.0470967370e+00\n  254    0 1.0000000000 -6.4746154377e+00 -6.1005143256e+00\n  255    0 1.0000000000 -6.5121754206e+00 -6.1538177964e+00\n  256    0 1.0000000000 -6.5490709370e+00 -6.2069483489e+00\n  257    0 1.0000000000 -6.5852879809e+00 -6.2598466837e+00\n  258    0 1.0000000000 -6.6208126993e+00 -6.3124530856e+00\n  259    0 1.0000000000 -6.6556314026e+00 -6.3647075095e+00\n  260    0 1.0000000000 -6.6897305762e+00 -6.4165496698e+00\n  261    0 1.0000000000 -6.7230968917e+00 -6.4679191316e+00\n  262    0 1.0000000000 -6.7557172173e+00 -6.5187554047e+00\n  263    0 1.0000000000 -6.7875786296e+00 -6.5689980403e+00\n  264    0 1.0000000000 -6.8186684241e+00 -6.6185867283e+00\n  265    0 1.0000000000 -6.8489741260e+00 -6.6674613981e+00\n  266    0 1.0000000000 -6.8784835012e+00 -6.7155623191e+00\n  267    0 1.0000000000 -6.9071845667e+00 -6.7628302039e+00\n  268    0 1.0000000000 -6.9350656014e+00 -6.8092063111e+00\n  269    0 1.0000000000 -6.9621151561e+00 -6.8546325498e+00\n  270    0 1.0000000000 -6.9883220639e+00 -6.8990515835e+00\n  271    0 1.0000000000 -7.0136754502e+00 -6.9424069351e+00\n  272    0 1.0000000000 -7.0381647426e+00 -6.9846430906e+00\n  273    0 1.0000000000 -7.0617796804e+00 -7.0257056029e+00\n  274    0 1.0000000000 -7.0845103242e+00 -7.0655411949e+00\n  275    0 1.0000000000 -7.1063470648e+00 -7.1040978606e+00\n  276    0 1.0000000000 -7.1272806326e+00 -7.1413249659e+00\n  277    0 1.0000000000 -7.1473021058e+00 -7.1771733469e+00\n  278    0 1.0000000000 -7.1664029193e+00 -7.2115954064e+00\n  279    0 1.0000000000 -7.1845748729e+00 -7.2445452083e+00\n  280    0 1.0000000000 -7.2018101389e+00 -7.2759785691e+00\n  281    0 1.0000000000 -7.2181012705e+00 -7.3058531469e+00\n  282    0 1.0000000000 -7.2334412086e+00 -7.3341285266e+00\n  283    0 1.0000000000 -7.2478232902e+00 -7.3607663031e+00\n  284    0 1.0000000000 -7.2612412552e+00 -7.3857301589e+00\n  285    0 1.0000000000 -7.2736892540e+00 -7.4089859398e+00\n  286    0 1.0000000000 -7.2851618562e+00 -7.4305017250e+00\n  287    0 1.0000000000 -7.2956540582e+00 -7.4502478940e+00\n  288    0 1.0000000000 -7.3051612937e+00 -7.4681971879e+00\n  289    0 1.0000000000 -7.3136794424e+00 -7.4843247670e+00\n  290    0 1.0000000000 -7.3212048356e+00 -7.4986082627e+00\n  291    0 1.0000000000 -7.3277342464e+00 -7.5110278253e+00\n  292    0 1.0000000000 -7.3332648415e+00 -7.5215661650e+00\n  293    0 1.0000000000 -7.3377940856e+00 -7.5302085897e+00\n  294    0 1.0000000000 -7.3413196633e+00 -7.5369430355e+00\n  295    0 1.0000000000 -7.3438395362e+00 -7.5417600925e+00\n  296    0 1.0000000000 -7.3453521183e+00 -7.5446530250e+00\n  297    0 1.0000000000 -7.3458564230e+00 -7.5456177858e+00\n