SINGLE-ORBITAL NN+NNN EFFECTIVE MODEL FIT

m=5
eon=0.0
t0=1.0
l_decay=0.5
dl=8.0
pairing=./m=5/pairing.txt
microscopic_orbitals=52

E_eff(k) = eps0 + 2*t1[cos(k.u1)+cos(k.u2)] + 4*t2*cos(k.u1)*cos(k.u2)

eps0     = -6.23782195186908e+00
t1       = -2.98202675207545e-01
t2       = -1.55927655744899e-02

RMSE=1.85125220954315e-01
MAE=1.51305801361551e-01
max_abs_error=4.00604170681874e-01
optimizer_success=True
optimizer_message=Linear least-squares solution
minimum_tracking_continuity=1.0000000000
mean_tracking_continuity=1.0000000000

# k_index idx continuity target fit\n    0    0 1.0000000000 -7.3475039273e+00 -7.4930037150e+00\n    1    0 1.0000000000 -7.3473384804e+00 -7.4926720490e+00\n    2    0 1.0000000000 -7.3468421663e+00 -7.4916773849e+00\n    3    0 1.0000000000 -7.3460150653e+00 -7.4900207244e+00\n    4    0 1.0000000000 -7.3448573114e+00 -7.4877037355e+00\n    5    0 1.0000000000 -7.3433690917e+00 -7.4847287511e+00\n    6    0 1.0000000000 -7.3415506466e+00 -7.4810987670e+00\n    7    0 1.0000000000 -7.3394022689e+00 -7.4768174381e+00\n    8    0 1.0000000000 -7.3369243030e+00 -7.4718890755e+00\n    9    0 1.0000000000 -7.3341171435e+00 -7.4663186415e+00\n   10    0 1.0000000000 -7.3309812333e+00 -7.4601117451e+00\n   11    0 1.0000000000 -7.3275170619e+00 -7.4532746361e+00\n   12    0 1.0000000000 -7.3237251628e+00 -7.4458141989e+00\n   13    0 1.0000000000 -7.3196061128e+00 -7.4377379455e+00\n   14    0 1.0000000000 -7.3151605303e+00 -7.4290540081e+00\n   15    0 1.0000000000 -7.3103890759e+00 -7.4197711306e+00\n   16    0 1.0000000000 -7.3052924523e+00 -7.4098986602e+00\n   17    0 1.0000000000 -7.2998714052e+00 -7.3994465374e+00\n   18    0 1.0000000000 -7.2941267244e+00 -7.3884252868e+00\n   19    0 1.0000000000 -7.2880592442e+00 -7.3768460058e+00\n   20    0 1.0000000000 -7.2816698442e+00 -7.3647203538e+00\n   21    0 1.0000000000 -7.2749594498e+00 -7.3520605402e+00\n   22    0 1.0000000000 -7.2679290317e+00 -7.3388793125e+00\n   23    0 1.0000000000 -7.2605796067e+00 -7.3251899430e+00\n   24    0 1.0000000000 -7.2529122367e+00 -7.3110062157e+00\n   25    0 1.0000000000 -7.2449280289e+00 -7.2963424124e+00\n   26    0 1.0000000000 -7.2366281352e+00 -7.2812132984e+00\n   27    0 1.0000000000 -7.2280137521e+00 -7.2656341074e+00\n   28    0 1.0000000000 -7.2190861198e+00 -7.2496205263e+00\n   29    0 1.0000000000 -7.2098465223e+00 -7.2331886795e+00\n   30    0 1.0000000000 -7.2002962864e+00 -7.2163551123e+00\n   31    0 1.0000000000 -7.1904367818e+00 -7.1991367749e+00\n   32    0 1.0000000000 -7.1802694200e+00 -7.1815510045e+00\n   33    0 1.0000000000 -7.1697956543e+00 -7.1636155086e+00\n   34    0 1.0000000000 -7.1590169793e+00 -7.1453483468e+00\n   35    0 1.0000000000 -7.1479349299e+00 -7.1267679123e+00\n   36    0 1.0000000000 -7.1365510812e+00 -7.1078929143e+00\n   37    0 1.0000000000 -7.1248670482e+00 -7.0887423583e+00\n   38    0 1.0000000000 -7.1128844847e+00 -7.0693355271e+00\n   39    0 1.0000000000 -7.1006050830e+00 -7.0496919619e+00\n   40    0 1.0000000000 -7.0880305736e+00 -7.0298314420e+00\n   41    0 1.0000000000 -7.0751627244e+00 -7.0097739653e+00\n   42    0 1.0000000000 -7.0620033401e+00 -6.9895397281e+00\n   43    0 1.0000000000 -7.0485542619e+00 -6.9691491044e+00\n   44    0 1.0000000000 -7.0348173666e+00 -6.9486226258e+00\n   45    0 1.0000000000 -7.0207945663e+00 -6.9279809609e+00\n   46    0 1.0000000000 -7.0064878075e+00 -6.9072448940e+00\n   47    0 1.0000000000 -6.9918990710e+00 -6.8864353046e+00\n   48    0 1.0000000000 -6.9770303708e+00 -6.8655731461e+00\n   49    0 1.0000000000 -6.9618837535e+00 -6.8446794250e+00\n   50    0 1.0000000000 -6.9464612982e+00 -6.8237751795e+00\n   51    0 1.0000000000 -6.9307651153e+00 -6.8028814585e+00\n   52    0 1.0000000000 -6.9147973463e+00 -6.7820193000e+00\n   53    0 1.0000000000 -6.8985601626e+00 -6.7612097106e+00\n   54    0 1.0000000000 -6.8820557656e+00 -6.7404736437e+00\n   55    0 1.0000000000 -6.8652863856e+00 -6.7198319787e+00\n   56    0 1.0000000000 -6.8482542810e+00 -6.6993055002e+00\n   57    0 1.0000000000 -6.8309617380e+00 -6.6789148765e+00\n   58    0 1.0000000000 -6.8134110698e+00 -6.6586806392e+00\n   59    0 1.0000000000 -6.7956046159e+00 -6.6386231626e+00\n   60    0 1.0000000000 -6.7775447415e+00 -6.6187626427e+00\n   61    0 1.0000000000 -6.7592338366e+00 -6.5991190775e+00\n   62    0 1.0000000000 -6.7406743158e+00 -6.5797122463e+00\n   63    0 1.0000000000 -6.7218686170e+00 -6.5605616902e+00\n   64    0 1.0000000000 -6.7028192012e+00 -6.5416866922e+00\n   65    0 1.0000000000 -6.6835285517e+00 -6.5231062578e+00\n   66    0 1.0000000000 -6.6639991730e+00 -6.5048390959e+00\n   67    0 1.0000000000 -6.6442335909e+00 -6.4869036000e+00\n   68    0 1.0000000000 -6.6242343511e+00 -6.4693178297e+00\n   69    0 1.0000000000 -6.6040040189e+00 -6.4520994922e+00\n   70    0 1.0000000000 -6.5835451781e+00 -6.4352659251e+00\n   71    0 1.0000000000 -6.5628604310e+00 -6.4188340782e+00\n   72    0 1.0000000000 -6.5419523968e+00 -6.4028204971e+00\n   73    0 1.0000000000 -6.5208237119e+00 -6.3872413061e+00\n   74    0 1.0000000000 -6.4994770282e+00 -6.3721121922e+00\n   75    0 1.0000000000 -6.4779150132e+00 -6.3574483889e+00\n   76    0 1.0000000000 -6.4561403489e+00 -6.3432646616e+00\n   77    0 1.0000000000 -6.4341557311e+00 -6.3295752921e+00\n   78    0 1.0000000000 -6.4119638690e+00 -6.3163940643e+00\n   79    0 1.0000000000 -6.3895674842e+00 -6.3037342508e+00\n   80    0 1.0000000000 -6.3669693100e+00 -6.2916085987e+00\n   81    0 1.0000000000 -6.3441720912e+00 -6.2800293177e+00\n   82    0 1.0000000000 -6.3211785826e+00 -6.2690080671e+00\n   83    0 1.0000000000 -6.2979915492e+00 -6.2585559444e+00\n   84    0 1.0000000000 -6.2746137649e+00 -6.2486834739e+00\n   85    0 1.0000000000 -6.2510480120e+00 -6.2394005964e+00\n   86    0 1.0000000000 -6.2272970805e+00 -6.2307166590e+00\n   87    0 1.0000000000 -6.2033637678e+00 -6.2226404057e+00\n   88    0 1.0000000000 -6.1792508774e+00 -6.2151799685e+00\n   89    0 1.0000000000 -6.1549612187e+00 -6.2083428595e+00\n   90    0 1.0000000000 -6.1304976062e+00 -6.2021359631e+00\n   91    0 1.0000000000 -6.1058628591e+00 -6.1965655291e+00\n   92    0 1.0000000000 -6.0810598002e+00 -6.1916371664e+00\n   93    0 1.0000000000 -6.0560912558e+00 -6.1873558376e+00\n   94    0 1.0000000000 -6.0309600550e+00 -6.1837258534e+00\n   95    0 1.0000000000 -6.0056690294e+00 -6.1807508691e+00\n   96    0 1.0000000000 -5.9802210134e+00 -6.1784338802e+00\n   97    0 1.0000000000 -5.9546188477e+00 -6.1767772196e+00\n   98    0 1.0000000000 -5.9288654037e+00 -6.1757825556e+00\n   99    0 1.0000000000 -5.9029657264e+00 -6.1754508896e+00\n  100    0 1.0000000000 -5.9028425435e+00 -6.1751820259e+00\n  101    0 1.0000000000 -5.9024566234e+00 -6.1743757058e+00\n  102    0 1.0000000000 -5.9018080142e+00 -6.1730327410e+00\n  103    0 1.0000000000 -5.9008967999e+00 -6.1711544838e+00\n  104    0 1.0000000000 -5.8997231000e+00 -6.1687428254e+00\n  105    0 1.0000000000 -5.8982870694e+00 -6.1658001943e+00\n  106    0 1.0000000000 -5.8965888988e+00 -6.1623295533e+00\n  107    0 1.0000000000 -5.8946288140e+00 -6.1583343971e+00\n  108    0 1.0000000000 -5.8924070764e+00 -6.1538187486e+00\n  109    0 1.0000000000 -5.8899239827e+00 -6.1487871545e+00\n  110    0 1.0000000000 -5.8871798646e+00 -6.1432446812e+00\n  111    0 1.0000000000 -5.8841750892e+00 -6.1371969097e+00\n  112    0 1.0000000000 -5.8809100582e+00 -6.1306499294e+00\n  113    0 1.0000000000 -5.8773852086e+00 -6.1236103325e+00\n  114    0 1.0000000000 -5.8736010118e+00 -6.1160852075e+00\n  115    0 1.0000000000 -5.8695579739e+00 -6.1080821315e+00\n  116    0 1.0000000000 -5.8652566355e+00 -6.0996091628e+00\n  117    0 1.0000000000 -5.8606975713e+00 -6.0906748330e+00\n  118    0 1.0000000000 -5.8558813902e+00 -6.0812881383e+00\n  119    0 1.0000000000 -5.8508087351e+00 -6.0714585302e+00\n  120    0 1.0000000000 -5.8454802824e+00 -6.0611959063e+00\n  121    0 1.0000000000 -5.8398967423e+00 -6.0505106003e+00\n  122    0 1.0000000000 -5.8340588579e+00 -6.0394133713e+00\n  123    0 1.0000000000 -5.8279674059e+00 -6.0279153933e+00\n  124    0 1.0000000000 -5.8216231953e+00 -6.0160282437e+00\n  125    0 1.0000000000 -5.8150270681e+00 -6.0037638920e+00\n  126    0 1.0000000000 -5.8081798985e+00 -5.9911346873e+00\n  127    0 1.0000000000 -5.8010825928e+00 -5.9781533461e+00\n  128    0 1.0000000000 -5.7937360891e+00 -5.9648329396e+00\n  129    0 1.0000000000 -5.7861413571e+00 -5.9511868802e+00\n  130    0 1.0000000000 -5.7782993977e+00 -5.9372289084e+00\n  131    0 1.0000000000 -5.7702112428e+00 -5.9229730787e+00\n  132    0 1.0000000000 -5.7618779550e+00 -5.9084337455e+00\n  133    0 1.0000000000 -5.7533006271e+00 -5.8936255487e+00\n  134    0 1.0000000000 -5.7444803822e+00 -5.8785633988e+00\n  135    0 1.0000000000 -5.7354183727e+00 -5.8632624622e+00\n  136    0 1.0000000000 -5.7261157807e+00 -5.8477381456e+00\n  137    0 1.0000000000 -5.7165738173e+00 -5.8320060807e+00\n  138    0 1.0000000000 -5.7067937220e+00 -5.8160821084e+00\n  139    0 1.0000000000 -5.6967767630e+00 -5.7999822627e+00\n  140    0 1.0000000000 -5.6865242361e+00 -5.7837227548e+00\n  141    0 1.0000000000 -5.6760374648e+00 -5.7673199567e+00\n  142    0 1.0000000000 -5.6653178000e+00 -5.7507903846e+00\n  143    0 1.0000000000 -5.6543666191e+00 -5.7341506824e+00\n  144    0 1.0000000000 -5.6431853261e+00 -5.7174176048e+00\n  145    0 1.0000000000 -5.6317753509e+00 -5.7006080006e+00\n  146    0 1.0000000000 -5.6201381493e+00 -5.6837387957e+00\n  147    0 1.0000000000 -5.6082752020e+00 -5.6668269760e+00\n  148    0 1.0000000000 -5.5961880146e+00 -5.6498895702e+00\n  149    0 1.0000000000 -5.5838781171e+00 -5.6329436328e+00\n  150    0 1.0000000000 -5.5713470636e+00 -5.6160062269e+00\n  151    0 1.0000000000 -5.5585964314e+00 -5.5990944072e+00\n  152    0 1.0000000000 -5.5456278211e+00 -5.5822252023e+00\n  153    0 1.0000000000 -5.5324428561e+00 -5.5654155981e+00\n  154    0 1.0000000000 -5.5190431816e+00 -5.5486825205e+00\n  155    0 1.0000000000 -5.5054304649e+00 -5.5320428183e+00\n  156    0 1.0000000000 -5.4916063945e+00 -5.5155132462e+00\n  157    0 1.0000000000 -5.4775726798e+00 -5.4991104481e+00\n  158    0 1.0000000000 -5.4633310504e+00 -5.4828509402e+00\n  159    0 1.0000000000 -5.4488832561e+00 -5.4667510945e+00\n  160    0 1.0000000000 -5.4342310661e+00 -5.4508271222e+00\n  161    0 1.0000000000 -5.4193762684e+00 -5.4350950573e+00\n  162    0 1.0000000000 -5.4043206698e+00 -5.4195707407e+00\n  163    0 1.0000000000 -5.3890660950e+00 -5.4042698041e+00\n  164    0 1.0000000000 -5.3736143863e+00 -5.3892076542e+00\n  165    0 1.0000000000 -5.3579674031e+00 -5.3743994574e+00\n  166    0 1.0000000000 -5.3421270215e+00 -5.3598601242e+00\n  167    0 1.0000000000 -5.3260951336e+00 -5.3456042945e+00\n  168    0 1.0000000000 -5.3098736474e+00 -5.3316463227e+00\n  169    0 1.0000000000 -5.2934644858e+00 -5.3180002633e+00\n  170    0 1.0000000000 -5.2768695866e+00 -5.3046798568e+00\n  171    0 1.0000000000 -5.2600909017e+00 -5.2916985156e+00\n  172    0 1.0000000000 -5.2431303967e+00 -5.2790693109e+00\n  173    0 1.0000000000 -5.2259900507e+00 -5.2668049592e+00\n  174    0 1.0000000000 -5.2086718551e+00 -5.2549178096e+00\n  175    0 1.0000000000 -5.1911778140e+00 -5.2434198316e+00\n  176    0 1.0000000000 -5.1735099430e+00 -5.2323226026e+00\n  177    0 1.0000000000 -5.1556702691e+00 -5.2216372966e+00\n  178    0 1.0000000000 -5.1376608301e+00 -5.2113746727e+00\n  179    0 1.0000000000 -5.1194836741e+00 -5.2015450647e+00\n  180    0 1.0000000000 -5.1011408590e+00 -5.1921583699e+00\n  181    0 1.0000000000 -5.0826344523e+00 -5.1832240402e+00\n  182    0 1.0000000000 -5.0639665300e+00 -5.1747510714e+00\n  183    0 1.0000000000 -5.0451391768e+00 -5.1667479954e+00\n  184    0 1.0000000000 -5.0261544851e+00 -5.1592228704e+00\n  185    0 1.0000000000 -5.0070145549e+00 -5.1521832736e+00\n  186    0 1.0000000000 -4.9877214932e+00 -5.1456362932e+00\n  187    0 1.0000000000 -4.9682774134e+00 -5.1395885217e+00\n  188    0 1.0000000000 -4.9486844350e+00 -5.1340460484e+00\n  189    0 1.0000000000 -4.9289446829e+00 -5.1290144543e+00\n  190    0 1.0000000000 -4.9090602874e+00 -5.1244988058e+00\n  191    0 1.0000000000 -4.8890333833e+00 -5.1205036496e+00\n  192    0 1.0000000000 -4.8688661096e+00 -5.1170330086e+00\n  193    0 1.0000000000 -4.8485606095e+00 -5.1140903775e+00\n  194    0 1.0000000000 -4.8281190294e+00 -5.1116787191e+00\n  195    0 1.0000000000 -4.8075435196e+00 -5.1098004619e+00\n  196    0 1.0000000000 -4.7868362363e+00 -5.1084574971e+00\n  197    0 1.0000000000 -4.7659993574e+00 -5.1076511770e+00\n  198    0 1.0000000000 -4.7460144934e+00 -5.1073823133e+00\n  199    0 1.0000000000 -4.7870173834e+00 -5.1079200564e+00\n  200    0 1.0000000000 -4.8289169085e+00 -5.1095329338e+00\n  201    0 1.0000000000 -4.8707265405e+00 -5.1122198894e+00\n  202    0 1.0000000000 -4.9124394297e+00 -5.1159791619e+00\n  203    0 1.0000000000 -4.9540486874e+00 -5.1208082826e+00\n  204    0 1.0000000000 -4.9955473618e+00 -5.1267040726e+00\n  205    0 1.0000000000 -5.0369284351e+00 -5.1336626390e+00\n  206    0 1.0000000000 -5.0781848249e+00 -5.1416793711e+00\n  207    0 1.0000000000 -5.1193093849e+00 -5.1507489350e+00\n  208    0 1.0000000000 -5.1602949073e+00 -5.1608652679e+00\n  209    0 1.0000000000 -5.2011341240e+00 -5.1720215723e+00\n  210    0 1.0000000000 -5.2418197089e+00 -5.1842103086e+00\n  211    0 1.0000000000 -5.2823442798e+00 -5.1974231883e+00\n  212    0 1.0000000000 -5.3227004006e+00 -5.2116511659e+00\n  213    0 1.0000000000 -5.3628805835e+00 -5.2268844314e+00\n  214    0 1.0000000000 -5.4028772908e+00 -5.2431124014e+00\n  215    0 1.0000000000 -5.4426829381e+00 -5.2603237109e+00\n  216    0 1.0000000000 -5.4822898957e+00 -5.2785062048e+00\n  217    0 1.0000000000 -5.5216904919e+00 -5.2976469290e+00\n  218    0 1.0000000000 -5.5608770151e+00 -5.3177321224e+00\n  219    0 1.0000000000 -5.5998417166e+00 -5.3387472078e+00\n  220    0 1.0000000000 -5.6385768131e+00 -5.3606767846e+00\n  221    0 1.0000000000 -5.6770744897e+00 -5.3835046206e+00\n  222    0 1.0000000000 -5.7153269024e+00 -5.4072136451e+00\n  223    0 1.0000000000 -5.7533261813e+00 -5.4317859421e+00\n  224    0 1.0000000000 -5.7910644334e+00 -5.4572027443e+00\n  225    0 1.0000000000 -5.8285337456e+00 -5.4834444282e+00\n  226    0 1.0000000000 -5.8657261880e+00 -5.5104905096e+00\n  227    0 1.0000000000 -5.9026338166e+00 -5.5383196403e+00\n  228    0 1.0000000000 -5.9392486770e+00 -5.5669096060e+00\n  229    0 1.0000000000 -5.9755628072e+00 -5.5962373255e+00\n  230    0 1.0000000000 -6.0115682413e+00 -5.6262788503e+00\n  231    0 1.0000000000 -6.0472570126e+00 -5.6570093670e+00\n  232    0 1.0000000000 -6.0826211572e+00 -5.6884031999e+00\n  233    0 1.0000000000 -6.1176527175e+00 -5.7204338159e+00\n  234    0 1.0000000000 -6.1523437453e+00 -5.7530738304e+00\n  235    0 1.0000000000 -6.1866863060e+00 -5.7862950159e+00\n  236    0 1.0000000000 -6.2206724819e+00 -5.8200683112e+00\n  237    0 1.0000000000 -6.2542943756e+00 -5.8543638332e+00\n  238    0 1.0000000000 -6.2875441142e+00 -5.8891508903e+00\n  239    0 1.0000000000 -6.3204138528e+00 -5.9243979981e+00\n  240    0 1.0000000000 -6.3528957779e+00 -5.9600728964e+00\n  241    0 1.0000000000 -6.3849821119e+00 -5.9961425689e+00\n  242    0 1.0000000000 -6.4166651165e+00 -6.0325732650e+00\n  243    0 1.0000000000 -6.4479370965e+00 -6.0693305230e+00\n  244    0 1.0000000000 -6.4787904039e+00 -6.1063791961e+00\n  245    0 1.0000000000 -6.5092174414e+00 -6.1436834802e+00\n  246    0 1.0000000000 -6.5392106670e+00 -6.1812069440e+00\n  247    0 1.0000000000 -6.5687625971e+00 -6.2189125610e+00\n  248    0 1.0000000000 -6.5978658110e+00 -6.2567627439e+00\n  249    0 1.0000000000 -6.6265129547e+00 -6.2947193807e+00\n  250    0 1.0000000000 -6.6546967448e+00 -6.3327438734e+00\n  251    0 1.0000000000 -6.6824099722e+00 -6.3707971779e+00\n  252    0 1.0000000000 -6.7096455065e+00 -6.4088398470e+00\n  253    0 1.0000000000 -6.7363962996e+00 -6.4468320740e+00\n  254    0 1.0000000000 -6.7626553897e+00 -6.4847337395e+00\n  255    0 1.0000000000 -6.7884159053e+00 -6.5225044585e+00\n  256    0 1.0000000000 -6.8136710689e+00 -6.5601036310e+00\n  257    0 1.0000000000 -6.8384142008e+00 -6.5974904923e+00\n  258    0 1.0000000000 -6.8626387234e+00 -6.6346241663e+00\n  259    0 1.0000000000 -6.8863381644e+00 -6.6714637194e+00\n  260    0 1.0000000000 -6.9095061611e+00 -6.7079682162e+00\n  261    0 1.0000000000 -6.9321364637e+00 -6.7440967760e+00\n  262    0 1.0000000000 -6.9542229393e+00 -6.7798086307e+00\n  263    0 1.0000000000 -6.9757595755e+00 -6.8150631833e+00\n  264    0 1.0000000000 -6.9967404839e+00 -6.8498200679e+00\n  265    0 1.0000000000 -7.0171599036e+00 -6.8840392094e+00\n  266    0 1.0000000000 -7.0370122051e+00 -6.9176808847e+00\n  267    0 1.0000000000 -7.0562918934e+00 -6.9507057837e+00\n  268    0 1.0000000000 -7.0749936113e+00 -6.9830750709e+00\n  269    0 1.0000000000 -7.0931121431e+00 -7.0147504470e+00\n  270    0 1.0000000000 -7.1106424178e+00 -7.0456942102e+00\n  271    0 1.0000000000 -7.1275795119e+00 -7.0758693177e+00\n  272    0 1.0000000000 -7.1439186531e+00 -7.1052394469e+00\n  273    0 1.0000000000 -7.1596552230e+00 -7.1337690555e+00\n  274    0 1.0000000000 -7.1747847604e+00 -7.1614234417e+00\n  275    0 1.0000000000 -7.1893029638e+00 -7.1881688027e+00\n  276    0 1.0000000000 -7.2032056949e+00 -7.2139722935e+00\n  277    0 1.0000000000 -7.2164889809e+00 -7.2388020829e+00\n  278    0 1.0000000000 -7.2291490178e+00 -7.2626274098e+00\n  279    0 1.0000000000 -7.2411821724e+00 -7.2854186369e+00\n  280    0 1.0000000000 -7.2525849856e+00 -7.3071473038e+00\n  281    0 1.0000000000 -7.2633541745e+00 -7.3277861771e+00\n  282    0 1.0000000000 -7.2734866349e+00 -7.3473093003e+00\n  283    0 1.0000000000 -7.2829794430e+00 -7.3656920398e+00\n  284    0 1.0000000000 -7.2918298572e+00 -7.3829111306e+00\n  285    0 1.0000000000 -7.3000353179e+00 -7.3989447182e+00\n  286    0 1.0000000000 -7.3075934466e+00 -7.4137723994e+00\n  287    0 1.0000000000 -7.3145020429e+00 -7.4273752595e+00\n  288    0 1.0000000000 -7.3207590804e+00 -7.4397359076e+00\n  289    0 1.0000000000 -7.3263627017e+00 -7.4508385089e+00\n  290    0 1.0000000000 -7.3313112169e+00 -7.4606688144e+00\n  291    0 1.0000000000 -7.3356031064e+00 -7.4692141877e+00\n  292    0 1.0000000000 -7.3392370287e+00 -7.4764636283e+00\n  293    0 1.0000000000 -7.3422118316e+00 -7.4824077929e+00\n  294    0 1.0000000000 -7.3445265624e+00 -7.4870390126e+00\n  295    0 1.0000000000 -7.3461804758e+00 -7.4903513077e+00\n  296    0 1.0000000000 -7.3471730377e+00 -7.4923403988e+00\n  297    0 1.0000000000 -7.3475039273e+00 -7.4930037150e+00\n