SINGLE-ORBITAL NN+NNN EFFECTIVE MODEL FIT

m=6
eon=0.0
t0=1.0
l_decay=0.5
dl=8.0
pairing=./m=6/pairing.txt
microscopic_orbitals=74

E_eff(k) = eps0 + 2*t1[cos(k.u1)+cos(k.u2)] + 4*t2*cos(k.u1)*cos(k.u2)

eps0     = -6.53782889943290e+00
t1       = -2.21112340048722e-01
t2       = -8.53211348863395e-03

RMSE=1.41393908986069e-01
MAE=1.14746101921572e-01
max_abs_error=3.07729534753372e-01
optimizer_success=True
optimizer_message=Linear least-squares solution
minimum_tracking_continuity=1.0000000000
mean_tracking_continuity=1.0000000000

# k_index idx continuity target fit\n    0    0 1.0000000000 -7.3477098594e+00 -7.4564067136e+00\n    1    0 1.0000000000 -7.3475934306e+00 -7.4561668900e+00\n    2    0 1.0000000000 -7.3472441568e+00 -7.4554476606e+00\n    3    0 1.0000000000 -7.3466620761e+00 -7.4542497497e+00\n    4    0 1.0000000000 -7.3458472519e+00 -7.4525743635e+00\n    5    0 1.0000000000 -7.3447997729e+00 -7.4504231888e+00\n    6    0 1.0000000000 -7.3435197530e+00 -7.4477983919e+00\n    7    0 1.0000000000 -7.3420073314e+00 -7.4447026156e+00\n    8    0 1.0000000000 -7.3402626727e+00 -7.4411389770e+00\n    9    0 1.0000000000 -7.3382859662e+00 -7.4371110646e+00\n   10    0 1.0000000000 -7.3360774263e+00 -7.4326229340e+00\n   11    0 1.0000000000 -7.3336372918e+00 -7.4276791045e+00\n   12    0 1.0000000000 -7.3309658262e+00 -7.4222845540e+00\n   13    0 1.0000000000 -7.3280633167e+00 -7.4164447144e+00\n   14    0 1.0000000000 -7.3249300745e+00 -7.4101654659e+00\n   15    0 1.0000000000 -7.3215664336e+00 -7.4034531312e+00\n   16    0 1.0000000000 -7.3179727513e+00 -7.3963144690e+00\n   17    0 1.0000000000 -7.3141494072e+00 -7.3887566674e+00\n   18    0 1.0000000000 -7.3100968030e+00 -7.3807873364e+00\n   19    0 1.0000000000 -7.3058153627e+00 -7.3724145005e+00\n   20    0 1.0000000000 -7.3013055319e+00 -7.3636465905e+00\n   21    0 1.0000000000 -7.2965677782e+00 -7.3544924347e+00\n   22    0 1.0000000000 -7.2916025911e+00 -7.3449612508e+00\n   23    0 1.0000000000 -7.2864104819e+00 -7.3350626358e+00\n   24    0 1.0000000000 -7.2809919839e+00 -7.3248065568e+00\n   25    0 1.0000000000 -7.2753476525e+00 -7.3142033407e+00\n   26    0 1.0000000000 -7.2694780652e+00 -7.3032636642e+00\n   27    0 1.0000000000 -7.2633838215e+00 -7.2919985425e+00\n   28    0 1.0000000000 -7.2570655432e+00 -7.2804193187e+00\n   29    0 1.0000000000 -7.2505238742e+00 -7.2685376520e+00\n   30    0 1.0000000000 -7.2437594801e+00 -7.2563655063e+00\n   31    0 1.0000000000 -7.2367730489e+00 -7.2439151380e+00\n   32    0 1.0000000000 -7.2295652899e+00 -7.2311990834e+00\n   33    0 1.0000000000 -7.2221369344e+00 -7.2182301466e+00\n   34    0 1.0000000000 -7.2144887351e+00 -7.2050213861e+00\n   35    0 1.0000000000 -7.2066214659e+00 -7.1915861022e+00\n   36    0 1.0000000000 -7.1985359220e+00 -7.1779378229e+00\n   37    0 1.0000000000 -7.1902329197e+00 -7.1640902910e+00\n   38    0 1.0000000000 -7.1817132958e+00 -7.1500574497e+00\n   39    0 1.0000000000 -7.1729779078e+00 -7.1358534289e+00\n   40    0 1.0000000000 -7.1640276338e+00 -7.1214925309e+00\n   41    0 1.0000000000 -7.1548633717e+00 -7.1069892158e+00\n   42    0 1.0000000000 -7.1454860396e+00 -7.0923580873e+00\n   43    0 1.0000000000 -7.1358965754e+00 -7.0776138777e+00\n   44    0 1.0000000000 -7.1260959365e+00 -7.0627714332e+00\n   45    0 1.0000000000 -7.1160850993e+00 -7.0478456988e+00\n   46    0 1.0000000000 -7.1058650598e+00 -7.0328517034e+00\n   47    0 1.0000000000 -7.0954368326e+00 -7.0178045449e+00\n   48    0 1.0000000000 -7.0848014509e+00 -7.0027193743e+00\n   49    0 1.0000000000 -7.0739599663e+00 -6.9876113811e+00\n   50    0 1.0000000000 -7.0629134488e+00 -6.9724957779e+00\n   51    0 1.0000000000 -7.0516629860e+00 -6.9573877848e+00\n   52    0 1.0000000000 -7.0402096834e+00 -6.9423026142e+00\n   53    0 1.0000000000 -7.0285546639e+00 -6.9272554556e+00\n   54    0 1.0000000000 -7.0166990675e+00 -6.9122614603e+00\n   55    0 1.0000000000 -7.0046440514e+00 -6.8973357259e+00\n   56    0 1.0000000000 -6.9923907891e+00 -6.8824932813e+00\n   57    0 1.0000000000 -6.9799404709e+00 -6.8677490717e+00\n   58    0 1.0000000000 -6.9672943030e+00 -6.8531179432e+00\n   59    0 1.0000000000 -6.9544535078e+00 -6.8386146282e+00\n   60    0 1.0000000000 -6.9414193232e+00 -6.8242537302e+00\n   61    0 1.0000000000 -6.9281930024e+00 -6.8100497094e+00\n   62    0 1.0000000000 -6.9147758139e+00 -6.7960168681e+00\n   63    0 1.0000000000 -6.9011690411e+00 -6.7821693362e+00\n   64    0 1.0000000000 -6.8873739818e+00 -6.7685210569e+00\n   65    0 1.0000000000 -6.8733919482e+00 -6.7550857729e+00\n   66    0 1.0000000000 -6.8592242667e+00 -6.7418770125e+00\n   67    0 1.0000000000 -6.8448722772e+00 -6.7289080757e+00\n   68    0 1.0000000000 -6.8303373333e+00 -6.7161920211e+00\n   69    0 1.0000000000 -6.8156208018e+00 -6.7037416527e+00\n   70    0 1.0000000000 -6.8007240623e+00 -6.6915695071e+00\n   71    0 1.0000000000 -6.7856485073e+00 -6.6796878404e+00\n   72    0 1.0000000000 -6.7703955414e+00 -6.6681086165e+00\n   73    0 1.0000000000 -6.7549665815e+00 -6.6568434949e+00\n   74    0 1.0000000000 -6.7393630562e+00 -6.6459038183e+00\n   75    0 1.0000000000 -6.7235864056e+00 -6.6353006023e+00\n   76    0 1.0000000000 -6.7076380812e+00 -6.6250445232e+00\n   77    0 1.0000000000 -6.6915195453e+00 -6.6151459082e+00\n   78    0 1.0000000000 -6.6752322708e+00 -6.6056147243e+00\n   79    0 1.0000000000 -6.6587777412e+00 -6.5964605686e+00\n   80    0 1.0000000000 -6.6421574499e+00 -6.5876926585e+00\n   81    0 1.0000000000 -6.6253729002e+00 -6.5793198226e+00\n   82    0 1.0000000000 -6.6084256049e+00 -6.5713504917e+00\n   83    0 1.0000000000 -6.5913170858e+00 -6.5637926901e+00\n   84    0 1.0000000000 -6.5740488740e+00 -6.5566540279e+00\n   85    0 1.0000000000 -6.5566225089e+00 -6.5499416932e+00\n   86    0 1.0000000000 -6.5390395385e+00 -6.5436624447e+00\n   87    0 1.0000000000 -6.5213015187e+00 -6.5378226051e+00\n   88    0 1.0000000000 -6.5034100133e+00 -6.5324280546e+00\n   89    0 1.0000000000 -6.4853665933e+00 -6.5274842250e+00\n   90    0 1.0000000000 -6.4671728373e+00 -6.5229960944e+00\n   91    0 1.0000000000 -6.4488303305e+00 -6.5189681820e+00\n   92    0 1.0000000000 -6.4303406649e+00 -6.5154045435e+00\n   93    0 1.0000000000 -6.4117054386e+00 -6.5123087672e+00\n   94    0 1.0000000000 -6.3929262560e+00 -6.5096839702e+00\n   95    0 1.0000000000 -6.3740047272e+00 -6.5075327956e+00\n   96    0 1.0000000000 -6.3549424677e+00 -6.5058574094e+00\n   97    0 1.0000000000 -6.3357410985e+00 -6.5046594985e+00\n   98    0 1.0000000000 -6.3164022461e+00 -6.5039402691e+00\n   99    0 1.0000000000 -6.2977460308e+00 -6.5037004455e+00\n  100    0 1.0000000000 -6.2975881787e+00 -6.5034949863e+00\n  101    0 1.0000000000 -6.2972325280e+00 -6.5028788157e+00\n  102    0 1.0000000000 -6.2966791128e+00 -6.5018525542e+00\n  103    0 1.0000000000 -6.2959279865e+00 -6.5004172350e+00\n  104    0 1.0000000000 -6.2949792230e+00 -6.4985743034e+00\n  105    0 1.0000000000 -6.2938329164e+00 -6.4963256150e+00\n  106    0 1.0000000000 -6.2924891826e+00 -6.4936734342e+00\n  107    0 1.0000000000 -6.2909481612e+00 -6.4906204315e+00\n  108    0 1.0000000000 -6.2892100228e+00 -6.4871696809e+00\n  109    0 1.0000000000 -6.2872749890e+00 -6.4833246571e+00\n  110    0 1.0000000000 -6.2851434298e+00 -6.4790892316e+00\n  111    0 1.0000000000 -6.2828167483e+00 -6.4744676693e+00\n  112    0 1.0000000000 -6.2803184090e+00 -6.4694646236e+00\n  113    0 1.0000000000 -6.2776594630e+00 -6.4640851321e+00\n  114    0 1.0000000000 -6.2748073796e+00 -6.4583346116e+00\n  115    0 1.0000000000 -6.2717601759e+00 -6.4522188523e+00\n  116    0 1.0000000000 -6.2685178852e+00 -6.4457440124e+00\n  117    0 1.0000000000 -6.2650807500e+00 -6.4389166113e+00\n  118    0 1.0000000000 -6.2614490749e+00 -6.4317435238e+00\n  119    0 1.0000000000 -6.2576231970e+00 -6.4242319725e+00\n  120    0 1.0000000000 -6.2536034782e+00 -6.4163895208e+00\n  121    0 1.0000000000 -6.2493903015e+00 -6.4082240656e+00\n  122    0 1.0000000000 -6.2449840696e+00 -6.3997438287e+00\n  123    0 1.0000000000 -6.2403852048e+00 -6.3909573490e+00\n  124    0 1.0000000000 -6.2355941477e+00 -6.3818734737e+00\n  125    0 1.0000000000 -6.2306113577e+00 -6.3725013496e+00\n  126    0 1.0000000000 -6.2254373122e+00 -6.3628504135e+00\n  127    0 1.0000000000 -6.2200725068e+00 -6.3529303832e+00\n  128    0 1.0000000000 -6.2145174550e+00 -6.3427512472e+00\n  129    0 1.0000000000 -6.2087726881e+00 -6.3323232551e+00\n  130    0 1.0000000000 -6.2028387551e+00 -6.3216569070e+00\n  131    0 1.0000000000 -6.1967162224e+00 -6.3107629430e+00\n  132    0 1.0000000000 -6.1904056739e+00 -6.2996523324e+00\n  133    0 1.0000000000 -6.1839077105e+00 -6.2883362627e+00\n  134    0 1.0000000000 -6.1772229505e+00 -6.2768261281e+00\n  135    0 1.0000000000 -6.1703520291e+00 -6.2651335184e+00\n  136    0 1.0000000000 -6.1632955981e+00 -6.2532702071e+00\n  137    0 1.0000000000 -6.1560543264e+00 -6.2412481395e+00\n  138    0 1.0000000000 -6.1486288991e+00 -6.2290794209e+00\n  139    0 1.0000000000 -6.1410200178e+00 -6.2167763040e+00\n  140    0 1.0000000000 -6.1332284003e+00 -6.2043511771e+00\n  141    0 1.0000000000 -6.1252547807e+00 -6.1918165512e+00\n  142    0 1.0000000000 -6.1170999088e+00 -6.1791850477e+00\n  143    0 1.0000000000 -6.1087645503e+00 -6.1664693853e+00\n  144    0 1.0000000000 -6.1002494864e+00 -6.1536823678e+00\n  145    0 1.0000000000 -6.0915555138e+00 -6.1408368704e+00\n  146    0 1.0000000000 -6.0826834446e+00 -6.1279458277e+00\n  147    0 1.0000000000 -6.0736341059e+00 -6.1150222196e+00\n  148    0 1.0000000000 -6.0644083396e+00 -6.1020790593e+00\n  149    0 1.0000000000 -6.0550070027e+00 -6.0891293794e+00\n  150    0 1.0000000000 -6.0454309665e+00 -6.0761862191e+00\n  151    0 1.0000000000 -6.0356811168e+00 -6.0632626110e+00\n  152    0 1.0000000000 -6.0257583536e+00 -6.0503715682e+00\n  153    0 1.0000000000 -6.0156635911e+00 -6.0375260709e+00\n  154    0 1.0000000000 -6.0053977570e+00 -6.0247390534e+00\n  155    0 1.0000000000 -5.9949617930e+00 -6.0120233910e+00\n  156    0 1.0000000000 -5.9843566541e+00 -5.9993918875e+00\n  157    0 1.0000000000 -5.9735833086e+00 -5.9868572616e+00\n  158    0 1.0000000000 -5.9626427379e+00 -5.9744321347e+00\n  159    0 1.0000000000 -5.9515359363e+00 -5.9621290178e+00\n  160    0 1.0000000000 -5.9402639107e+00 -5.9499602991e+00\n  161    0 1.0000000000 -5.9288276806e+00 -5.9379382316e+00\n  162    0 1.0000000000 -5.9172282777e+00 -5.9260749202e+00\n  163    0 1.0000000000 -5.9054667457e+00 -5.9143823106e+00\n  164    0 1.0000000000 -5.8935441403e+00 -5.9028721760e+00\n  165    0 1.0000000000 -5.8814615289e+00 -5.8915561063e+00\n  166    0 1.0000000000 -5.8692199902e+00 -5.8804454957e+00\n  167    0 1.0000000000 -5.8568206142e+00 -5.8695515317e+00\n  168    0 1.0000000000 -5.8442645019e+00 -5.8588851836e+00\n  169    0 1.0000000000 -5.8315527652e+00 -5.8484571915e+00\n  170    0 1.0000000000 -5.8186865266e+00 -5.8382780555e+00\n  171    0 1.0000000000 -5.8056669189e+00 -5.8283580252e+00\n  172    0 1.0000000000 -5.7924950850e+00 -5.8187070891e+00\n  173    0 1.0000000000 -5.7791721781e+00 -5.8093349649e+00\n  174    0 1.0000000000 -5.7656993607e+00 -5.8002510897e+00\n  175    0 1.0000000000 -5.7520778051e+00 -5.7914646099e+00\n  176    0 1.0000000000 -5.7383086929e+00 -5.7829843730e+00\n  177    0 1.0000000000 -5.7243932147e+00 -5.7748189178e+00\n  178    0 1.0000000000 -5.7103325699e+00 -5.7669764662e+00\n  179    0 1.0000000000 -5.6961279668e+00 -5.7594649149e+00\n  180    0 1.0000000000 -5.6817806218e+00 -5.7522918274e+00\n  181    0 1.0000000000 -5.6672917598e+00 -5.7454644263e+00\n  182    0 1.0000000000 -5.6526626136e+00 -5.7389895863e+00\n  183    0 1.0000000000 -5.6378944239e+00 -5.7328738271e+00\n  184    0 1.0000000000 -5.6229884388e+00 -5.7271233066e+00\n  185    0 1.0000000000 -5.6079459140e+00 -5.7217438151e+00\n  186    0 1.0000000000 -5.5927681125e+00 -5.7167407694e+00\n  187    0 1.0000000000 -5.5774563042e+00 -5.7121192071e+00\n  188    0 1.0000000000 -5.5620117663e+00 -5.7078837816e+00\n  189    0 1.0000000000 -5.5464357828e+00 -5.7040387578e+00\n  190    0 1.0000000000 -5.5307296450e+00 -5.7005880072e+00\n  191    0 1.0000000000 -5.5148946520e+00 -5.6975350044e+00\n  192    0 1.0000000000 -5.4989321117e+00 -5.6948828236e+00\n  193    0 1.0000000000 -5.4828433436e+00 -5.6926341353e+00\n  194    0 1.0000000000 -5.4666296862e+00 -5.6907912037e+00\n  195    0 1.0000000000 -5.4502925172e+00 -5.6893558845e+00\n  196    0 1.0000000000 -5.4338333250e+00 -5.6883296229e+00\n  197    0 1.0000000000 -5.4172540480e+00 -5.6877134523e+00\n  198    0 1.0000000000 -5.4057356344e+00 -5.6875079932e+00\n  199    0 1.0000000000 -5.4339823522e+00 -5.6879189201e+00\n  200    0 1.0000000000 -5.4672755613e+00 -5.6891513910e+00\n  201    0 1.0000000000 -5.5004249987e+00 -5.6912044756e+00\n  202    0 1.0000000000 -5.5334261338e+00 -5.6940766232e+00\n  203    0 1.0000000000 -5.5662744182e+00 -5.6977656623e+00\n  204    0 1.0000000000 -5.5989652851e+00 -5.7022687995e+00\n  205    0 1.0000000000 -5.6314941513e+00 -5.7075826189e+00\n  206    0 1.0000000000 -5.6638564176e+00 -5.7137030809e+00\n  207    0 1.0000000000 -5.6960474703e+00 -5.7206255210e+00\n  208    0 1.0000000000 -5.7280626821e+00 -5.7283446486e+00\n  209    0 1.0000000000 -5.7598974137e+00 -5.7368545454e+00\n  210    0 1.0000000000 -5.7915470147e+00 -5.7461486639e+00\n  211    0 1.0000000000 -5.8230068247e+00 -5.7562198260e+00\n  212    0 1.0000000000 -5.8542721753e+00 -5.7670602212e+00\n  213    0 1.0000000000 -5.8853383905e+00 -5.7786614053e+00\n  214    0 1.0000000000 -5.9162007886e+00 -5.7910142990e+00\n  215    0 1.0000000000 -5.9468546833e+00 -5.8041091863e+00\n  216    0 1.0000000000 -5.9772953851e+00 -5.8179357136e+00\n  217    0 1.0000000000 -6.0075182029e+00 -5.8324828884e+00\n  218    0 1.0000000000 -6.0375184448e+00 -5.8477390790e+00\n  219    0 1.0000000000 -6.0672914202e+00 -5.8636920137e+00\n  220    0 1.0000000000 -6.0968324408e+00 -5.8803287807e+00\n  221    0 1.0000000000 -6.1261368222e+00 -5.8976358289e+00\n  222    0 1.0000000000 -6.1551998854e+00 -5.9155989681e+00\n  223    0 1.0000000000 -6.1840169581e+00 -5.9342033704e+00\n  224    0 1.0000000000 -6.2125833764e+00 -5.9534335722e+00\n  225    0 1.0000000000 -6.2408944863e+00 -5.9732734766e+00\n  226    0 1.0000000000 -6.2689456448e+00 -5.9937063560e+00\n  227    0 1.0000000000 -6.2967322223e+00 -6.0147148565e+00\n  228    0 1.0000000000 -6.3242496034e+00 -6.0362810019e+00\n  229    0 1.0000000000 -6.3514931885e+00 -6.0583861994e+00\n  230    0 1.0000000000 -6.3784583959e+00 -6.0810112454e+00\n  231    0 1.0000000000 -6.4051406630e+00 -6.1041363328e+00\n  232    0 1.0000000000 -6.4315354479e+00 -6.1277410588e+00\n  233    0 1.0000000000 -6.4576382310e+00 -6.1518044338e+00\n  234    0 1.0000000000 -6.4834445168e+00 -6.1763048917e+00\n  235    0 1.0000000000 -6.5089498352e+00 -6.2012203005e+00\n  236    0 1.0000000000 -6.5341497436e+00 -6.2265279743e+00\n  237    0 1.0000000000 -6.5590398281e+00 -6.2522046871e+00\n  238    0 1.0000000000 -6.5836157050e+00 -6.2782266863e+00\n  239    0 1.0000000000 -6.6078730232e+00 -6.3045697087e+00\n  240    0 1.0000000000 -6.6318074649e+00 -6.3312089969e+00\n  241    0 1.0000000000 -6.6554147480e+00 -6.3581193172e+00\n  242    0 1.0000000000 -6.6786906270e+00 -6.3852749786e+00\n  243    0 1.0000000000 -6.7016308956e+00 -6.4126498529e+00\n  244    0 1.0000000000 -6.7242313872e+00 -6.4402173961e+00\n  245    0 1.0000000000 -6.7464879776e+00 -6.4679506715e+00\n  246    0 1.0000000000 -6.7683965857e+00 -6.4958223726e+00\n  247    0 1.0000000000 -6.7899531759e+00 -6.5238048490e+00\n  248    0 1.0000000000 -6.8111537592e+00 -6.5518701321e+00\n  249    0 1.0000000000 -6.8319943950e+00 -6.5799899626e+00\n  250    0 1.0000000000 -6.8524711926e+00 -6.6081358187e+00\n  251    0 1.0000000000 -6.8725803130e+00 -6.6362789461e+00\n  252    0 1.0000000000 -6.8923179703e+00 -6.6643903882e+00\n  253    0 1.0000000000 -6.9116804331e+00 -6.6924410179e+00\n  254    0 1.0000000000 -6.9306640266e+00 -6.7204015703e+00\n  255    0 1.0000000000 -6.9492651335e+00 -6.7482426762e+00\n  256    0 1.0000000000 -6.9674801961e+00 -6.7759348967e+00\n  257    0 1.0000000000 -6.9853057173e+00 -6.8034487583e+00\n  258    0 1.0000000000 -7.0027382624e+00 -6.8307547889e+00\n  259    0 1.0000000000 -7.0197744606e+00 -6.8578235550e+00\n  260    0 1.0000000000 -7.0364110063e+00 -6.8846256989e+00\n  261    0 1.0000000000 -7.0526446606e+00 -6.9111319767e+00\n  262    0 1.0000000000 -7.0684722527e+00 -6.9373132967e+00\n  263    0 1.0000000000 -7.0838906813e+00 -6.9631407586e+00\n  264    0 1.0000000000 -7.0988969163e+00 -6.9885856930e+00\n  265    0 1.0000000000 -7.1134879994e+00 -7.0136197004e+00\n  266    0 1.0000000000 -7.1276610462e+00 -7.0382146916e+00\n  267    0 1.0000000000 -7.1414132472e+00 -7.0623429270e+00\n  268    0 1.0000000000 -7.1547418689e+00 -7.0859770571e+00\n  269    0 1.0000000000 -7.1676442555e+00 -7.1090901619e+00\n  270    0 1.0000000000 -7.1801178297e+00 -7.1316557909e+00\n  271    0 1.0000000000 -7.1921600942e+00 -7.1536480021e+00\n  272    0 1.0000000000 -7.2037686328e+00 -7.1750414016e+00\n  273    0 1.0000000000 -7.2149411114e+00 -7.1958111820e+00\n  274    0 1.0000000000 -7.2256752793e+00 -7.2159331603e+00\n  275    0 1.0000000000 -7.2359689703e+00 -7.2353838159e+00\n  276    0 1.0000000000 -7.2458201033e+00 -7.2541403271e+00\n  277    0 1.0000000000 -7.2552266837e+00 -7.2721806071e+00\n  278    0 1.0000000000 -7.2641868038e+00 -7.2894833394e+00\n  279    0 1.0000000000 -7.2726986435e+00 -7.3060280114e+00\n  280    0 1.0000000000 -7.2807604707e+00 -7.3217949481e+00\n  281    0 1.0000000000 -7.2883706416e+00 -7.3367653439e+00\n  282    0 1.0000000000 -7.2955276004e+00 -7.3509212931e+00\n  283    0 1.0000000000 -7.3022298789e+00 -7.3642458193e+00\n  284    0 1.0000000000 -7.3084760965e+00 -7.3767229041e+00\n  285    0 1.0000000000 -7.3142649596e+00 -7.3883375127e+00\n  286    0 1.0000000000 -7.3195952616e+00 -7.3990756199e+00\n  287    0 1.0000000000 -7.3244658840e+00 -7.4089242331e+00\n  288    0 1.0000000000 -7.3288757970e+00 -7.4178714143e+00\n  289    0 1.0000000000 -7.3328240622e+00 -7.4259063002e+00\n  290    0 1.0000000000 -7.3363098343e+00 -7.4330191207e+00\n  291    0 1.0000000000 -7.3393323634e+00 -7.4392012156e+00\n  292    0 1.0000000000 -7.3418909970e+00 -7.4444450489e+00\n  293    0 1.0000000000 -7.3439851814e+00 -7.4487442223e+00\n  294    0 1.0000000000 -7.3456144628e+00 -7.4520934856e+00\n  295    0 1.0000000000 -7.3467784878e+00 -7.4544887460e+00\n  296    0 1.0000000000 -7.3474770038e+00 -7.4559270750e+00\n  297    0 1.0000000000 -7.3477098594e+00 -7.4564067136e+00\n