SINGLE-ORBITAL NN+NNN EFFECTIVE MODEL FIT

m=2
eon=0.0
t0=1.0
l_decay=0.3
dl=0.1
pairing=./m=2/pairing.txt
microscopic_orbitals=10

E_eff(k) = eps0 + 2*t1[cos(k.u1)+cos(k.u2)] + 4*t2*cos(k.u1)*cos(k.u2)

eps0     = -2.16877981724714e+01
t1       = -4.35337592928213e-01
t2       = -9.21322099179224e-02

RMSE=2.99263037077972e-02
MAE=2.44165678509306e-02
max_abs_error=6.22830769524079e-02
optimizer_success=True
optimizer_message=Linear least-squares solution
minimum_tracking_continuity=1.0000000000
mean_tracking_continuity=1.0000000000

# k_index idx continuity target fit\n    0    0 1.0000000000 -2.3749692452e+01 -2.3797677384e+01\n    1    0 1.0000000000 -2.3749148210e+01 -2.3797053497e+01\n    2    0 1.0000000000 -2.3747515859e+01 -2.3795182465e+01\n    3    0 1.0000000000 -2.3744796526e+01 -2.3792066172e+01\n    4    0 1.0000000000 -2.3740992091e+01 -2.3787707756e+01\n    5    0 1.0000000000 -2.3736105184e+01 -2.3782111604e+01\n    6    0 1.0000000000 -2.3730139187e+01 -2.3775283353e+01\n    7    0 1.0000000000 -2.3723098234e+01 -2.3767229877e+01\n    8    0 1.0000000000 -2.3714987211e+01 -2.3757959286e+01\n    9    0 1.0000000000 -2.3705811754e+01 -2.3747480914e+01\n   10    0 1.0000000000 -2.3695578252e+01 -2.3735805312e+01\n   11    0 1.0000000000 -2.3684293846e+01 -2.3722944237e+01\n   12    0 1.0000000000 -2.3671966427e+01 -2.3708910638e+01\n   13    0 1.0000000000 -2.3658604638e+01 -2.3693718647e+01\n   14    0 1.0000000000 -2.3644217876e+01 -2.3677383559e+01\n   15    0 1.0000000000 -2.3628816286e+01 -2.3659921824e+01\n   16    0 1.0000000000 -2.3612410768e+01 -2.3641351024e+01\n   17    0 1.0000000000 -2.3595012971e+01 -2.3621689858e+01\n   18    0 1.0000000000 -2.3576635297e+01 -2.3600958123e+01\n   19    0 1.0000000000 -2.3557290899e+01 -2.3579176694e+01\n   20    0 1.0000000000 -2.3536993682e+01 -2.3556367503e+01\n   21    0 1.0000000000 -2.3515758302e+01 -2.3532553518e+01\n   22    0 1.0000000000 -2.3493600166e+01 -2.3507758716e+01\n   23    0 1.0000000000 -2.3470535434e+01 -2.3482008064e+01\n   24    0 1.0000000000 -2.3446581013e+01 -2.3455327492e+01\n   25    0 1.0000000000 -2.3421754566e+01 -2.3427743863e+01\n   26    0 1.0000000000 -2.3396074501e+01 -2.3399284952e+01\n   27    0 1.0000000000 -2.3369559980e+01 -2.3369979416e+01\n   28    0 1.0000000000 -2.3342230914e+01 -2.3339856762e+01\n   29    0 1.0000000000 -2.3314107960e+01 -2.3308947321e+01\n   30    0 1.0000000000 -2.3285212527e+01 -2.3277282216e+01\n   31    0 1.0000000000 -2.3255566770e+01 -2.3244893331e+01\n   32    0 1.0000000000 -2.3225193589e+01 -2.3211813280e+01\n   33    0 1.0000000000 -2.3194116630e+01 -2.3178075371e+01\n   34    0 1.0000000000 -2.3162360285e+01 -2.3143713575e+01\n   35    0 1.0000000000 -2.3129949684e+01 -2.3108762492e+01\n   36    0 1.0000000000 -2.3096910700e+01 -2.3073257315e+01\n   37    0 1.0000000000 -2.3063269942e+01 -2.3037233793e+01\n   38    0 1.0000000000 -2.3029054756e+01 -2.3000728201e+01\n   39    0 1.0000000000 -2.2994293217e+01 -2.2963777295e+01\n   40    0 1.0000000000 -2.2959014131e+01 -2.2926418283e+01\n   41    0 1.0000000000 -2.2923247027e+01 -2.2888688781e+01\n   42    0 1.0000000000 -2.2887022152e+01 -2.2850626780e+01\n   43    0 1.0000000000 -2.2850370471e+01 -2.2812270606e+01\n   44    0 1.0000000000 -2.2813323652e+01 -2.2773658879e+01\n   45    0 1.0000000000 -2.2775914068e+01 -2.2734830479e+01\n   46    0 1.0000000000 -2.2738174782e+01 -2.2695824502e+01\n   47    0 1.0000000000 -2.2700139545e+01 -2.2656680224e+01\n   48    0 1.0000000000 -2.2661842779e+01 -2.2617437060e+01\n   49    0 1.0000000000 -2.2623319572e+01 -2.2578134525e+01\n   50    0 1.0000000000 -2.2584605662e+01 -2.2538812192e+01\n   51    0 1.0000000000 -2.2545737423e+01 -2.2499509657e+01\n   52    0 1.0000000000 -2.2506751853e+01 -2.2460266493e+01\n   53    0 1.0000000000 -2.2467686554e+01 -2.2421122215e+01\n   54    0 1.0000000000 -2.2428579715e+01 -2.2382116238e+01\n   55    0 1.0000000000 -2.2389470090e+01 -2.2343287838e+01\n   56    0 1.0000000000 -2.2350396976e+01 -2.2304676111e+01\n   57    0 1.0000000000 -2.2311400189e+01 -2.2266319936e+01\n   58    0 1.0000000000 -2.2272520033e+01 -2.2228257936e+01\n   59    0 1.0000000000 -2.2233797276e+01 -2.2190528434e+01\n   60    0 1.0000000000 -2.2195273112e+01 -2.2153169422e+01\n   61    0 1.0000000000 -2.2156989130e+01 -2.2116218516e+01\n   62    0 1.0000000000 -2.2118987274e+01 -2.2079712923e+01\n   63    0 1.0000000000 -2.2081309801e+01 -2.2043689402e+01\n   64    0 1.0000000000 -2.2043999238e+01 -2.2008184224e+01\n   65    0 1.0000000000 -2.2007098332e+01 -2.1973233141e+01\n   66    0 1.0000000000 -2.1970650003e+01 -2.1938871346e+01\n   67    0 1.0000000000 -2.1934697286e+01 -2.1905133437e+01\n   68    0 1.0000000000 -2.1899283272e+01 -2.1872053385e+01\n   69    0 1.0000000000 -2.1864451048e+01 -2.1839664501e+01\n   70    0 1.0000000000 -2.1830243631e+01 -2.1807999396e+01\n   71    0 1.0000000000 -2.1796703899e+01 -2.1777089955e+01\n   72    0 1.0000000000 -2.1763874515e+01 -2.1746967301e+01\n   73    0 1.0000000000 -2.1731797855e+01 -2.1717661764e+01\n   74    0 1.0000000000 -2.1700515922e+01 -2.1689202854e+01\n   75    0 1.0000000000 -2.1670070268e+01 -2.1661619225e+01\n   76    0 1.0000000000 -2.1640501905e+01 -2.1634938652e+01\n   77    0 1.0000000000 -2.1611851213e+01 -2.1609188001e+01\n   78    0 1.0000000000 -2.1584157853e+01 -2.1584393199e+01\n   79    0 1.0000000000 -2.1557460665e+01 -2.1560579214e+01\n   80    0 1.0000000000 -2.1531797578e+01 -2.1537770023e+01\n   81    0 1.0000000000 -2.1507205507e+01 -2.1515988594e+01\n   82    0 1.0000000000 -2.1483720256e+01 -2.1495256859e+01\n   83    0 1.0000000000 -2.1461376417e+01 -2.1475595693e+01\n   84    0 1.0000000000 -2.1440207271e+01 -2.1457024892e+01\n   85    0 1.0000000000 -2.1420244685e+01 -2.1439563157e+01\n   86    0 1.0000000000 -2.1401519020e+01 -2.1423228070e+01\n   87    0 1.0000000000 -2.1384059028e+01 -2.1408036079e+01\n   88    0 1.0000000000 -2.1367891763e+01 -2.1394002480e+01\n   89    0 1.0000000000 -2.1353042487e+01 -2.1381141405e+01\n   90    0 1.0000000000 -2.1339534586e+01 -2.1369465803e+01\n   91    0 1.0000000000 -2.1327389488e+01 -2.1358987431e+01\n   92    0 1.0000000000 -2.1316626585e+01 -2.1349716840e+01\n   93    0 1.0000000000 -2.1307263161e+01 -2.1341663364e+01\n   94    0 1.0000000000 -2.1299314334e+01 -2.1334835113e+01\n   95    0 1.0000000000 -2.1292792992e+01 -2.1329238961e+01\n   96    0 1.0000000000 -2.1287709751e+01 -2.1324880545e+01\n   97    0 1.0000000000 -2.1284072909e+01 -2.1321764251e+01\n   98    0 1.0000000000 -2.1281888417e+01 -2.1319893220e+01\n   99    0 1.0000000000 -2.1281159855e+01 -2.1319269333e+01\n  100    0 1.0000000000 -2.1280927473e+01 -2.1319016523e+01\n  101    0 1.0000000000 -2.1280230527e+01 -2.1318258350e+01\n  102    0 1.0000000000 -2.1279069618e+01 -2.1316995575e+01\n  103    0 1.0000000000 -2.1277445749e+01 -2.1315229471e+01\n  104    0 1.0000000000 -2.1275360323e+01 -2.1312961817e+01\n  105    0 1.0000000000 -2.1272815141e+01 -2.1310194894e+01\n  106    0 1.0000000000 -2.1269812404e+01 -2.1306931490e+01\n  107    0 1.0000000000 -2.1266354710e+01 -2.1303174890e+01\n  108    0 1.0000000000 -2.1262445054e+01 -2.1298928878e+01\n  109    0 1.0000000000 -2.1258086825e+01 -2.1294197727e+01\n  110    0 1.0000000000 -2.1253283807e+01 -2.1288986203e+01\n  111    0 1.0000000000 -2.1248040173e+01 -2.1283299552e+01\n  112    0 1.0000000000 -2.1242360487e+01 -2.1277143501e+01\n  113    0 1.0000000000 -2.1236249698e+01 -2.1270524249e+01\n  114    0 1.0000000000 -2.1229713143e+01 -2.1263448460e+01\n  115    0 1.0000000000 -2.1222756538e+01 -2.1255923258e+01\n  116    0 1.0000000000 -2.1215385978e+01 -2.1247956223e+01\n  117    0 1.0000000000 -2.1207607935e+01 -2.1239555374e+01\n  118    0 1.0000000000 -2.1199429252e+01 -2.1230729172e+01\n  119    0 1.0000000000 -2.1190857143e+01 -2.1221486504e+01\n  120    0 1.0000000000 -2.1181899185e+01 -2.1211836676e+01\n  121    0 1.0000000000 -2.1172563316e+01 -2.1201789405e+01\n  122    0 1.0000000000 -2.1162857832e+01 -2.1191354807e+01\n  123    0 1.0000000000 -2.1152791380e+01 -2.1180543389e+01\n  124    0 1.0000000000 -2.1142372954e+01 -2.1169366038e+01\n  125    0 1.0000000000 -2.1131611890e+01 -2.1157834008e+01\n  126    0 1.0000000000 -2.1120517863e+01 -2.1145958911e+01\n  127    0 1.0000000000 -2.1109100876e+01 -2.1133752704e+01\n  128    0 1.0000000000 -2.1097371261e+01 -2.1121227678e+01\n  129    0 1.0000000000 -2.1085339666e+01 -2.1108396444e+01\n  130    0 1.0000000000 -2.1073017052e+01 -2.1095271923e+01\n  131    0 1.0000000000 -2.1060414689e+01 -2.1081867329e+01\n  132    0 1.0000000000 -2.1047544143e+01 -2.1068196160e+01\n  133    0 1.0000000000 -2.1034417271e+01 -2.1054272181e+01\n  134    0 1.0000000000 -2.1021046218e+01 -2.1040109414e+01\n  135    0 1.0000000000 -2.1007443400e+01 -2.1025722118e+01\n  136    0 1.0000000000 -2.0993621503e+01 -2.1011124780e+01\n  137    0 1.0000000000 -2.0979593473e+01 -2.0996332099e+01\n  138    0 1.0000000000 -2.0965372502e+01 -2.0981358969e+01\n  139    0 1.0000000000 -2.0950972026e+01 -2.0966220468e+01\n  140    0 1.0000000000 -2.0936405710e+01 -2.0950931839e+01\n  141    0 1.0000000000 -2.0921687440e+01 -2.0935508475e+01\n  142    0 1.0000000000 -2.0906831313e+01 -2.0919965907e+01\n  143    0 1.0000000000 -2.0891851623e+01 -2.0904319785e+01\n  144    0 1.0000000000 -2.0876762854e+01 -2.0888585863e+01\n  145    0 1.0000000000 -2.0861579665e+01 -2.0872779984e+01\n  146    0 1.0000000000 -2.0846316882e+01 -2.0856918063e+01\n  147    0 1.0000000000 -2.0830989479e+01 -2.0841016072e+01\n  148    0 1.0000000000 -2.0815612572e+01 -2.0825090022e+01\n  149    0 1.0000000000 -2.0800201403e+01 -2.0809155951e+01\n  150    0 1.0000000000 -2.0784771325e+01 -2.0793229901e+01\n  151    0 1.0000000000 -2.0769337789e+01 -2.0777327910e+01\n  152    0 1.0000000000 -2.0753916333e+01 -2.0761465990e+01\n  153    0 1.0000000000 -2.0738522561e+01 -2.0745660111e+01\n  154    0 1.0000000000 -2.0723172133e+01 -2.0729926189e+01\n  155    0 1.0000000000 -2.0707880745e+01 -2.0714280067e+01\n  156    0 1.0000000000 -2.0692664119e+01 -2.0698737499e+01\n  157    0 1.0000000000 -2.0677537981e+01 -2.0683314135e+01\n  158    0 1.0000000000 -2.0662518046e+01 -2.0668025505e+01\n  159    0 1.0000000000 -2.0647620003e+01 -2.0652887004e+01\n  160    0 1.0000000000 -2.0632859495e+01 -2.0637913874e+01\n  161    0 1.0000000000 -2.0618252105e+01 -2.0623121193e+01\n  162    0 1.0000000000 -2.0603813331e+01 -2.0608523856e+01\n  163    0 1.0000000000 -2.0589558577e+01 -2.0594136560e+01\n  164    0 1.0000000000 -2.0575503126e+01 -2.0579973792e+01\n  165    0 1.0000000000 -2.0561662128e+01 -2.0566049814e+01\n  166    0 1.0000000000 -2.0548050576e+01 -2.0552378644e+01\n  167    0 1.0000000000 -2.0534683291e+01 -2.0538974050e+01\n  168    0 1.0000000000 -2.0521574898e+01 -2.0525849529e+01\n  169    0 1.0000000000 -2.0508739812e+01 -2.0513018295e+01\n  170    0 1.0000000000 -2.0496192215e+01 -2.0500493269e+01\n  171    0 1.0000000000 -2.0483946038e+01 -2.0488287062e+01\n  172    0 1.0000000000 -2.0472014939e+01 -2.0476411965e+01\n  173    0 1.0000000000 -2.0460412288e+01 -2.0464879935e+01\n  174    0 1.0000000000 -2.0449151145e+01 -2.0453702584e+01\n  175    0 1.0000000000 -2.0438244240e+01 -2.0442891166e+01\n  176    0 1.0000000000 -2.0427703956e+01 -2.0432456568e+01\n  177    0 1.0000000000 -2.0417542308e+01 -2.0422409297e+01\n  178    0 1.0000000000 -2.0407770928e+01 -2.0412759469e+01\n  179    0 1.0000000000 -2.0398401042e+01 -2.0403516801e+01\n  180    0 1.0000000000 -2.0389443458e+01 -2.0394690599e+01\n  181    0 1.0000000000 -2.0380908543e+01 -2.0386289751e+01\n  182    0 1.0000000000 -2.0372806210e+01 -2.0378322715e+01\n  183    0 1.0000000000 -2.0365145900e+01 -2.0370797514e+01\n  184    0 1.0000000000 -2.0357936567e+01 -2.0363721725e+01\n  185    0 1.0000000000 -2.0351186663e+01 -2.0357102472e+01\n  186    0 1.0000000000 -2.0344904123e+01 -2.0350946421e+01\n  187    0 1.0000000000 -2.0339096352e+01 -2.0345259771e+01\n  188    0 1.0000000000 -2.0333770211e+01 -2.0340048246e+01\n  189    0 1.0000000000 -2.0328932007e+01 -2.0335317096e+01\n  190    0 1.0000000000 -2.0324587481e+01 -2.0331071083e+01\n  191    0 1.0000000000 -2.0320741797e+01 -2.0327314483e+01\n  192    0 1.0000000000 -2.0317399535e+01 -2.0324051079e+01\n  193    0 1.0000000000 -2.0314564680e+01 -2.0321284157e+01\n  194    0 1.0000000000 -2.0312240615e+01 -2.0319016502e+01\n  195    0 1.0000000000 -2.0310430119e+01 -2.0317250398e+01\n  196    0 1.0000000000 -2.0309135358e+01 -2.0315987623e+01\n  197    0 1.0000000000 -2.0308357880e+01 -2.0315229450e+01\n  198    0 1.0000000000 -2.0308098617e+01 -2.0314976640e+01\n  199    0 1.0000000000 -2.0308617267e+01 -2.0315482353e+01\n  200    0 1.0000000000 -2.0310174028e+01 -2.0317000100e+01\n  201    0 1.0000000000 -2.0312771330e+01 -2.0319531712e+01\n  202    0 1.0000000000 -2.0316413204e+01 -2.0323080216e+01\n  203    0 1.0000000000 -2.0321105244e+01 -2.0327649820e+01\n  204    0 1.0000000000 -2.0326854567e+01 -2.0333245869e+01\n  205    0 1.0000000000 -2.0333669755e+01 -2.0339874805e+01\n  206    0 1.0000000000 -2.0341560777e+01 -2.0347544110e+01\n  207    0 1.0000000000 -2.0350538915e+01 -2.0356262240e+01\n  208    0 1.0000000000 -2.0360616659e+01 -2.0366038555e+01\n  209    0 1.0000000000 -2.0371807598e+01 -2.0376883233e+01\n  210    0 1.0000000000 -2.0384126298e+01 -2.0388807180e+01\n  211    0 1.0000000000 -2.0397588168e+01 -2.0401821933e+01\n  212    0 1.0000000000 -2.0412209305e+01 -2.0415939551e+01\n  213    0 1.0000000000 -2.0428006339e+01 -2.0431172503e+01\n  214    0 1.0000000000 -2.0444996256e+01 -2.0447533550e+01\n  215    0 1.0000000000 -2.0463196216e+01 -2.0465035612e+01\n  216    0 1.0000000000 -2.0482623356e+01 -2.0483691647e+01\n  217    0 1.0000000000 -2.0503294585e+01 -2.0503514504e+01\n  218    0 1.0000000000 -2.0525226371e+01 -2.0524516791e+01\n  219    0 1.0000000000 -2.0548434519e+01 -2.0546710727e+01\n  220    0 1.0000000000 -2.0572933942e+01 -2.0570107997e+01\n  221    0 1.0000000000 -2.0598738428e+01 -2.0594719602e+01\n  222    0 1.0000000000 -2.0625860406e+01 -2.0620555710e+01\n  223    0 1.0000000000 -2.0654310704e+01 -2.0647625503e+01\n  224    0 1.0000000000 -2.0684098318e+01 -2.0675937029e+01\n  225    0 1.0000000000 -2.0715230174e+01 -2.0705497049e+01\n  226    0 1.0000000000 -2.0747710900e+01 -2.0736310889e+01\n  227    0 1.0000000000 -2.0781542608e+01 -2.0768382296e+01\n  228    0 1.0000000000 -2.0816724679e+01 -2.0801713289e+01\n  229    0 1.0000000000 -2.0853253567e+01 -2.0836304023e+01\n  230    0 1.0000000000 -2.0891122615e+01 -2.0872152652e+01\n  231    0 1.0000000000 -2.0930321886e+01 -2.0909255197e+01\n  232    0 1.0000000000 -2.0970838016e+01 -2.0947605421e+01\n  233    0 1.0000000000 -2.1012654090e+01 -2.0987194714e+01\n  234    0 1.0000000000 -2.1055749532e+01 -2.1028011972e+01\n  235    0 1.0000000000 -2.1100100027e+01 -2.1070043501e+01\n  236    0 1.0000000000 -2.1145677466e+01 -2.1113272916e+01\n  237    0 1.0000000000 -2.1192449915e+01 -2.1157681055e+01\n  238    0 1.0000000000 -2.1240381613e+01 -2.1203245899e+01\n  239    0 1.0000000000 -2.1289432990e+01 -2.1249942502e+01\n  240    0 1.0000000000 -2.1339560722e+01 -2.1297742934e+01\n  241    0 1.0000000000 -2.1390717798e+01 -2.1346616231e+01\n  242    0 1.0000000000 -2.1442853618e+01 -2.1396528358e+01\n  243    0 1.0000000000 -2.1495914116e+01 -2.1447442180e+01\n  244    0 1.0000000000 -2.1549841901e+01 -2.1499317448e+01\n  245    0 1.0000000000 -2.1604576410e+01 -2.1552110797e+01\n  246    0 1.0000000000 -2.1660054095e+01 -2.1605775749e+01\n  247    0 1.0000000000 -2.1716208608e+01 -2.1660262740e+01\n  248    0 1.0000000000 -2.1772971011e+01 -2.1715519144e+01\n  249    0 1.0000000000 -2.1830269986e+01 -2.1771489323e+01\n  250    0 1.0000000000 -2.1888032065e+01 -2.1828114680e+01\n  251    0 1.0000000000 -2.1946181855e+01 -2.1885333729e+01\n  252    0 1.0000000000 -2.2004642276e+01 -2.1943082173e+01\n  253    0 1.0000000000 -2.2063334790e+01 -2.2001292995e+01\n  254    0 1.0000000000 -2.2122179643e+01 -2.2059896566e+01\n  255    0 1.0000000000 -2.2181096096e+01 -2.2118820754e+01\n  256    0 1.0000000000 -2.2240002653e+01 -2.2177991051e+01\n  257    0 1.0000000000 -2.2298817291e+01 -2.2237330711e+01\n  258    0 1.0000000000 -2.2357457675e+01 -2.2296760894e+01\n  259    0 1.0000000000 -2.2415841374e+01 -2.2356200825e+01\n  260    0 1.0000000000 -2.2473886066e+01 -2.2415567957e+01\n  261    0 1.0000000000 -2.2531509733e+01 -2.2474778146e+01\n  262    0 1.0000000000 -2.2588630850e+01 -2.2533745836e+01\n  263    0 1.0000000000 -2.2645168564e+01 -2.2592384245e+01\n  264    0 1.0000000000 -2.2701042864e+01 -2.2650605568e+01\n  265    0 1.0000000000 -2.2756174741e+01 -2.2708321180e+01\n  266    0 1.0000000000 -2.2810486338e+01 -2.2765441841e+01\n  267    0 1.0000000000 -2.2863901096e+01 -2.2821877919e+01\n  268    0 1.0000000000 -2.2916343879e+01 -2.2877539603e+01\n  269    0 1.0000000000 -2.2967741105e+01 -2.2932337132e+01\n  270    0 1.0000000000 -2.3018020862e+01 -2.2986181014e+01\n  271    0 1.0000000000 -2.3067113008e+01 -2.3038982261e+01\n  272    0 1.0000000000 -2.3114949280e+01 -2.3090652616e+01\n  273    0 1.0000000000 -2.3161463381e+01 -2.3141104783e+01\n  274    0 1.0000000000 -2.3206591068e+01 -2.3190252655e+01\n  275    0 1.0000000000 -2.3250270230e+01 -2.3238011549e+01\n  276    0 1.0000000000 -2.3292440961e+01 -2.3284298424e+01\n  277    0 1.0000000000 -2.3333045629e+01 -2.3329032115e+01\n  278    0 1.0000000000 -2.3372028936e+01 -2.3372133546e+01\n  279    0 1.0000000000 -2.3409337976e+01 -2.3413525951e+01\n  280    0 1.0000000000 -2.3444922285e+01 -2.3453135083e+01\n  281    0 1.0000000000 -2.3478733893e+01 -2.3490889425e+01\n  282    0 1.0000000000 -2.3510727364e+01 -2.3526720381e+01\n  283    0 1.0000000000 -2.3540859837e+01 -2.3560562477e+01\n  284    0 1.0000000000 -2.3569091063e+01 -2.3592353538e+01\n  285    0 1.0000000000 -2.3595383437e+01 -2.3622034870e+01\n  286    0 1.0000000000 -2.3619702030e+01 -2.3649551422e+01\n  287    0 1.0000000000 -2.3642014611e+01 -2.3674851943e+01\n  288    0 1.0000000000 -2.3662291680e+01 -2.3697889133e+01\n  289    0 1.0000000000 -2.3680506481e+01 -2.3718619772e+01\n  290    0 1.0000000000 -2.3696635024e+01 -2.3737004849e+01\n  291    0 1.0000000000 -2.3710656107e+01 -2.3753009673e+01\n  292    0 1.0000000000 -2.3722551321e+01 -2.3766603971e+01\n  293    0 1.0000000000 -2.3732305073e+01 -2.3777761980e+01\n  294    0 1.0000000000 -2.3739904587e+01 -2.3786462516e+01\n  295    0 1.0000000000 -2.3745339919e+01 -2.3792689040e+01\n  296    0 1.0000000000 -2.3748603963e+01 -2.3796429704e+01\n  297    0 1.0000000000 -2.3749692452e+01 -2.3797677384e+01\n