SINGLE-ORBITAL NN+NNN EFFECTIVE MODEL FIT

m=3
eon=0.0
t0=1.0
l_decay=0.3
dl=0.1
pairing=./m=3/pairing.txt
microscopic_orbitals=20

E_eff(k) = eps0 + 2*t1[cos(k.u1)+cos(k.u2)] + 4*t2*cos(k.u1)*cos(k.u2)

eps0     = -2.23058823996879e+01
t1       = -3.27098073236768e-01
t2       = -7.92975638196512e-02

RMSE=1.62624047089049e-01
MAE=1.40635449669058e-01
max_abs_error=3.04021984336114e-01
optimizer_success=True
optimizer_message=Linear least-squares solution
minimum_tracking_continuity=1.0000000000
mean_tracking_continuity=1.0000000000

# k_index idx continuity target fit\n    0    0 1.0000000000 -2.3759250168e+01 -2.3931464948e+01\n    1    0 1.0000000000 -2.3758975681e+01 -2.3930975896e+01\n    2    0 1.0000000000 -2.3758152310e+01 -2.3929509233e+01\n    3    0 1.0000000000 -2.3756780328e+01 -2.3927066435e+01\n    4    0 1.0000000000 -2.3754860190e+01 -2.3923649962e+01\n    5    0 1.0000000000 -2.3752392530e+01 -2.3919263255e+01\n    6    0 1.0000000000 -2.3749378166e+01 -2.3913910730e+01\n    7    0 1.0000000000 -2.3745818096e+01 -2.3907597777e+01\n    8    0 1.0000000000 -2.3741713500e+01 -2.3900330752e+01\n    9    0 1.0000000000 -2.3737065738e+01 -2.3892116973e+01\n   10    0 1.0000000000 -2.3731876351e+01 -2.3882964711e+01\n   11    0 1.0000000000 -2.3726147060e+01 -2.3872883180e+01\n   12    0 1.0000000000 -2.3719879766e+01 -2.3861882532e+01\n   13    0 1.0000000000 -2.3713076551e+01 -2.3849973844e+01\n   14    0 1.0000000000 -2.3705739676e+01 -2.3837169107e+01\n   15    0 1.0000000000 -2.3697871579e+01 -2.3823481214e+01\n   16    0 1.0000000000 -2.3689474878e+01 -2.3808923948e+01\n   17    0 1.0000000000 -2.3680552369e+01 -2.3793511967e+01\n   18    0 1.0000000000 -2.3671107026e+01 -2.3777260788e+01\n   19    0 1.0000000000 -2.3661141998e+01 -2.3760186777e+01\n   20    0 1.0000000000 -2.3650660611e+01 -2.3742307124e+01\n   21    0 1.0000000000 -2.3639666368e+01 -2.3723639833e+01\n   22    0 1.0000000000 -2.3628162946e+01 -2.3704203701e+01\n   23    0 1.0000000000 -2.3616154195e+01 -2.3684018298e+01\n   24    0 1.0000000000 -2.3603644142e+01 -2.3663103949e+01\n   25    0 1.0000000000 -2.3590636982e+01 -2.3641481713e+01\n   26    0 1.0000000000 -2.3577137085e+01 -2.3619173362e+01\n   27    0 1.0000000000 -2.3563148991e+01 -2.3596201358e+01\n   28    0 1.0000000000 -2.3548677411e+01 -2.3572588833e+01\n   29    0 1.0000000000 -2.3533727222e+01 -2.3548359561e+01\n   30    0 1.0000000000 -2.3518303473e+01 -2.3523537940e+01\n   31    0 1.0000000000 -2.3502411377e+01 -2.3498148964e+01\n   32    0 1.0000000000 -2.3486056314e+01 -2.3472218196e+01\n   33    0 1.0000000000 -2.3469243827e+01 -2.3445771747e+01\n   34    0 1.0000000000 -2.3451979625e+01 -2.3418836246e+01\n   35    0 1.0000000000 -2.3434269576e+01 -2.3391438815e+01\n   36    0 1.0000000000 -2.3416119709e+01 -2.3363607041e+01\n   37    0 1.0000000000 -2.3397536215e+01 -2.3335368948e+01\n   38    0 1.0000000000 -2.3378525439e+01 -2.3306752969e+01\n   39    0 1.0000000000 -2.3359093884e+01 -2.3277787918e+01\n   40    0 1.0000000000 -2.3339248208e+01 -2.3248502961e+01\n   41    0 1.0000000000 -2.3318995219e+01 -2.3218927585e+01\n   42    0 1.0000000000 -2.3298341879e+01 -2.3189091570e+01\n   43    0 1.0000000000 -2.3277295298e+01 -2.3159024959e+01\n   44    0 1.0000000000 -2.3255862733e+01 -2.3128758025e+01\n   45    0 1.0000000000 -2.3234051585e+01 -2.3098321245e+01\n   46    0 1.0000000000 -2.3211869401e+01 -2.3067745266e+01\n   47    0 1.0000000000 -2.3189323866e+01 -2.3037060877e+01\n   48    0 1.0000000000 -2.3166422805e+01 -2.3006298972e+01\n   49    0 1.0000000000 -2.3143174180e+01 -2.2975490528e+01\n   50    0 1.0000000000 -2.3119586084e+01 -2.2944666565e+01\n   51    0 1.0000000000 -2.3095666746e+01 -2.2913858120e+01\n   52    0 1.0000000000 -2.3071424518e+01 -2.2883096216e+01\n   53    0 1.0000000000 -2.3046867882e+01 -2.2852411826e+01\n   54    0 1.0000000000 -2.3022005443e+01 -2.2821835847e+01\n   55    0 1.0000000000 -2.2996845922e+01 -2.2791399068e+01\n   56    0 1.0000000000 -2.2971398162e+01 -2.2761132134e+01\n   57    0 1.0000000000 -2.2945671117e+01 -2.2731065522e+01\n   58    0 1.0000000000 -2.2919673851e+01 -2.2701229507e+01\n   59    0 1.0000000000 -2.2893415538e+01 -2.2671654131e+01\n   60    0 1.0000000000 -2.2866905452e+01 -2.2642369174e+01\n   61    0 1.0000000000 -2.2840152968e+01 -2.2613404124e+01\n   62    0 1.0000000000 -2.2813167558e+01 -2.2584788145e+01\n   63    0 1.0000000000 -2.2785958785e+01 -2.2556550051e+01\n   64    0 1.0000000000 -2.2758536301e+01 -2.2528718277e+01\n   65    0 1.0000000000 -2.2730909840e+01 -2.2501320846e+01\n   66    0 1.0000000000 -2.2703089217e+01 -2.2474385345e+01\n   67    0 1.0000000000 -2.2675084320e+01 -2.2447938896e+01\n   68    0 1.0000000000 -2.2646905109e+01 -2.2422008128e+01\n   69    0 1.0000000000 -2.2618561610e+01 -2.2396619152e+01\n   70    0 1.0000000000 -2.2590063907e+01 -2.2371797531e+01\n   71    0 1.0000000000 -2.2561422141e+01 -2.2347568260e+01\n   72    0 1.0000000000 -2.2532646504e+01 -2.2323955734e+01\n   73    0 1.0000000000 -2.2503747231e+01 -2.2300983730e+01\n   74    0 1.0000000000 -2.2474734598e+01 -2.2278675379e+01\n   75    0 1.0000000000 -2.2445618914e+01 -2.2257053143e+01\n   76    0 1.0000000000 -2.2416410516e+01 -2.2236138794e+01\n   77    0 1.0000000000 -2.2387119763e+01 -2.2215953391e+01\n   78    0 1.0000000000 -2.2357757030e+01 -2.2196517259e+01\n   79    0 1.0000000000 -2.2328332701e+01 -2.2177849968e+01\n   80    0 1.0000000000 -2.2298857166e+01 -2.2159970316e+01\n   81    0 1.0000000000 -2.2269340808e+01 -2.2142896304e+01\n   82    0 1.0000000000 -2.2239794005e+01 -2.2126645126e+01\n   83    0 1.0000000000 -2.2210227113e+01 -2.2111233144e+01\n   84    0 1.0000000000 -2.2180650471e+01 -2.2096675878e+01\n   85    0 1.0000000000 -2.2151074384e+01 -2.2082987985e+01\n   86    0 1.0000000000 -2.2121509120e+01 -2.2070183248e+01\n   87    0 1.0000000000 -2.2091964905e+01 -2.2058274560e+01\n   88    0 1.0000000000 -2.2062451912e+01 -2.2047273913e+01\n   89    0 1.0000000000 -2.2032980256e+01 -2.2037192382e+01\n   90    0 1.0000000000 -2.2003559986e+01 -2.2028040119e+01\n   91    0 1.0000000000 -2.1974201079e+01 -2.2019826340e+01\n   92    0 1.0000000000 -2.1944913429e+01 -2.2012559315e+01\n   93    0 1.0000000000 -2.1915706844e+01 -2.2006246362e+01\n   94    0 1.0000000000 -2.1886591038e+01 -2.2000893837e+01\n   95    0 1.0000000000 -2.1857575619e+01 -2.1996507130e+01\n   96    0 1.0000000000 -2.1828670089e+01 -2.1993090657e+01\n   97    0 1.0000000000 -2.1799883836e+01 -2.1990647860e+01\n   98    0 1.0000000000 -2.1771226148e+01 -2.1989181196e+01\n   99    0 1.0000000000 -2.1742790297e+01 -2.1988692144e+01\n  100    0 1.0000000000 -2.1742680222e+01 -2.1988522476e+01\n  101    0 1.0000000000 -2.1742350089e+01 -2.1988013643e+01\n  102    0 1.0000000000 -2.1741800177e+01 -2.1987166156e+01\n  103    0 1.0000000000 -2.1741030951e+01 -2.1985980869e+01\n  104    0 1.0000000000 -2.1740043062e+01 -2.1984458976e+01\n  105    0 1.0000000000 -2.1738837346e+01 -2.1982602009e+01\n  106    0 1.0000000000 -2.1737414823e+01 -2.1980411838e+01\n  107    0 1.0000000000 -2.1735776700e+01 -2.1977890668e+01\n  108    0 1.0000000000 -2.1733924367e+01 -2.1975041038e+01\n  109    0 1.0000000000 -2.1731859397e+01 -2.1971865817e+01\n  110    0 1.0000000000 -2.1729583547e+01 -2.1968368202e+01\n  111    0 1.0000000000 -2.1727098757e+01 -2.1964551716e+01\n  112    0 1.0000000000 -2.1724407148e+01 -2.1960420200e+01\n  113    0 1.0000000000 -2.1721511020e+01 -2.1955977816e+01\n  114    0 1.0000000000 -2.1718412856e+01 -2.1951229036e+01\n  115    0 1.0000000000 -2.1715115315e+01 -2.1946178641e+01\n  116    0 1.0000000000 -2.1711621235e+01 -2.1940831718e+01\n  117    0 1.0000000000 -2.1707933629e+01 -2.1935193650e+01\n  118    0 1.0000000000 -2.1704055687e+01 -2.1929270114e+01\n  119    0 1.0000000000 -2.1699990772e+01 -2.1923067074e+01\n  120    0 1.0000000000 -2.1695742417e+01 -2.1916590777e+01\n  121    0 1.0000000000 -2.1691314329e+01 -2.1909847743e+01\n  122    0 1.0000000000 -2.1686710381e+01 -2.1902844763e+01\n  123    0 1.0000000000 -2.1681934613e+01 -2.1895588888e+01\n  124    0 1.0000000000 -2.1676991232e+01 -2.1888087423e+01\n  125    0 1.0000000000 -2.1671884606e+01 -2.1880347922e+01\n  126    0 1.0000000000 -2.1666619264e+01 -2.1872378178e+01\n  127    0 1.0000000000 -2.1661199893e+01 -2.1864186217e+01\n  128    0 1.0000000000 -2.1655631337e+01 -2.1855780286e+01\n  129    0 1.0000000000 -2.1649918591e+01 -2.1847168849e+01\n  130    0 1.0000000000 -2.1644066804e+01 -2.1838360578e+01\n  131    0 1.0000000000 -2.1638081268e+01 -2.1829364342e+01\n  132    0 1.0000000000 -2.1631967422e+01 -2.1820189199e+01\n  133    0 1.0000000000 -2.1625730847e+01 -2.1810844388e+01\n  134    0 1.0000000000 -2.1619377261e+01 -2.1801339318e+01\n  135    0 1.0000000000 -2.1612912515e+01 -2.1791683560e+01\n  136    0 1.0000000000 -2.1606342592e+01 -2.1781886837e+01\n  137    0 1.0000000000 -2.1599673602e+01 -2.1771959012e+01\n  138    0 1.0000000000 -2.1592911777e+01 -2.1761910084e+01\n  139    0 1.0000000000 -2.1586063467e+01 -2.1751750169e+01\n  140    0 1.0000000000 -2.1579135137e+01 -2.1741489498e+01\n  141    0 1.0000000000 -2.1572133362e+01 -2.1731138403e+01\n  142    0 1.0000000000 -2.1565064819e+01 -2.1720707307e+01\n  143    0 1.0000000000 -2.1557936286e+01 -2.1710206712e+01\n  144    0 1.0000000000 -2.1550754637e+01 -2.1699647192e+01\n  145    0 1.0000000000 -2.1543526831e+01 -2.1689039380e+01\n  146    0 1.0000000000 -2.1536259913e+01 -2.1678393956e+01\n  147    0 1.0000000000 -2.1528961006e+01 -2.1667721639e+01\n  148    0 1.0000000000 -2.1521637301e+01 -2.1657033176e+01\n  149    0 1.0000000000 -2.1514296058e+01 -2.1646339330e+01\n  150    0 1.0000000000 -2.1506944592e+01 -2.1635650867e+01\n  151    0 1.0000000000 -2.1499590273e+01 -2.1624978551e+01\n  152    0 1.0000000000 -2.1492240514e+01 -2.1614333127e+01\n  153    0 1.0000000000 -2.1484902766e+01 -2.1603725314e+01\n  154    0 1.0000000000 -2.1477584511e+01 -2.1593165794e+01\n  155    0 1.0000000000 -2.1470293255e+01 -2.1582665200e+01\n  156    0 1.0000000000 -2.1463036516e+01 -2.1572234103e+01\n  157    0 1.0000000000 -2.1455821824e+01 -2.1561883008e+01\n  158    0 1.0000000000 -2.1448656704e+01 -2.1551622338e+01\n  159    0 1.0000000000 -2.1441548674e+01 -2.1541462423e+01\n  160    0 1.0000000000 -2.1434505235e+01 -2.1531413494e+01\n  161    0 1.0000000000 -2.1427533861e+01 -2.1521485670e+01\n  162    0 1.0000000000 -2.1420641991e+01 -2.1511688947e+01\n  163    0 1.0000000000 -2.1413837020e+01 -2.1502033189e+01\n  164    0 1.0000000000 -2.1407126290e+01 -2.1492528119e+01\n  165    0 1.0000000000 -2.1400517082e+01 -2.1483183308e+01\n  166    0 1.0000000000 -2.1394016604e+01 -2.1474008165e+01\n  167    0 1.0000000000 -2.1387631984e+01 -2.1465011928e+01\n  168    0 1.0000000000 -2.1381370261e+01 -2.1456203657e+01\n  169    0 1.0000000000 -2.1375238370e+01 -2.1447592221e+01\n  170    0 1.0000000000 -2.1369243142e+01 -2.1439186290e+01\n  171    0 1.0000000000 -2.1363391285e+01 -2.1430994328e+01\n  172    0 1.0000000000 -2.1357689380e+01 -2.1423024584e+01\n  173    0 1.0000000000 -2.1352143870e+01 -2.1415285084e+01\n  174    0 1.0000000000 -2.1346761051e+01 -2.1407783619e+01\n  175    0 1.0000000000 -2.1341547060e+01 -2.1400527743e+01\n  176    0 1.0000000000 -2.1336507869e+01 -2.1393524763e+01\n  177    0 1.0000000000 -2.1331649275e+01 -2.1386781729e+01\n  178    0 1.0000000000 -2.1326976889e+01 -2.1380305432e+01\n  179    0 1.0000000000 -2.1322496130e+01 -2.1374102393e+01\n  180    0 1.0000000000 -2.1318212212e+01 -2.1368178857e+01\n  181    0 1.0000000000 -2.1314130141e+01 -2.1362540788e+01\n  182    0 1.0000000000 -2.1310254703e+01 -2.1357193865e+01\n  183    0 1.0000000000 -2.1306590457e+01 -2.1352143471e+01\n  184    0 1.0000000000 -2.1303141726e+01 -2.1347394690e+01\n  185    0 1.0000000000 -2.1299912592e+01 -2.1342952306e+01\n  186    0 1.0000000000 -2.1296906889e+01 -2.1338820791e+01\n  187    0 1.0000000000 -2.1294128193e+01 -2.1335004304e+01\n  188    0 1.0000000000 -2.1291579819e+01 -2.1331506689e+01\n  189    0 1.0000000000 -2.1289264815e+01 -2.1328331469e+01\n  190    0 1.0000000000 -2.1287185953e+01 -2.1325481838e+01\n  191    0 1.0000000000 -2.1285345730e+01 -2.1322960669e+01\n  192    0 1.0000000000 -2.1283746358e+01 -2.1320770498e+01\n  193    0 1.0000000000 -2.1282389764e+01 -2.1318913531e+01\n  194    0 1.0000000000 -2.1281277581e+01 -2.1317391637e+01\n  195    0 1.0000000000 -2.1280411154e+01 -2.1316206351e+01\n  196    0 1.0000000000 -2.1279791528e+01 -2.1315358864e+01\n  197    0 1.0000000000 -2.1279419452e+01 -2.1314850030e+01\n  198    0 1.0000000000 -2.1279295377e+01 -2.1314680362e+01\n  199    0 1.0000000000 -2.1279935518e+01 -2.1315019779e+01\n  200    0 1.0000000000 -2.1282113752e+01 -2.1316038652e+01\n  201    0 1.0000000000 -2.1285751305e+01 -2.1317738843e+01\n  202    0 1.0000000000 -2.1290837094e+01 -2.1320123443e+01\n  203    0 1.0000000000 -2.1297362240e+01 -2.1323196746e+01\n  204    0 1.0000000000 -2.1305316062e+01 -2.1326964218e+01\n  205    0 1.0000000000 -2.1314685723e+01 -2.1331432461e+01\n  206    0 1.0000000000 -2.1325456213e+01 -2.1336609160e+01\n  207    0 1.0000000000 -2.1337610380e+01 -2.1342503027e+01\n  208    0 1.0000000000 -2.1351128984e+01 -2.1349123738e+01\n  209    0 1.0000000000 -2.1365990769e+01 -2.1356481861e+01\n  210    0 1.0000000000 -2.1382172531e+01 -2.1364588771e+01\n  211    0 1.0000000000 -2.1399649202e+01 -2.1373456569e+01\n  212    0 1.0000000000 -2.1418393933e+01 -2.1383097984e+01\n  213    0 1.0000000000 -2.1438378182e+01 -2.1393526276e+01\n  214    0 1.0000000000 -2.1459571805e+01 -2.1404755128e+01\n  215    0 1.0000000000 -2.1481943155e+01 -2.1416798533e+01\n  216    0 1.0000000000 -2.1505459172e+01 -2.1429670686e+01\n  217    0 1.0000000000 -2.1530085488e+01 -2.1443385852e+01\n  218    0 1.0000000000 -2.1555786517e+01 -2.1457958253e+01\n  219    0 1.0000000000 -2.1582525563e+01 -2.1473401935e+01\n  220    0 1.0000000000 -2.1610264907e+01 -2.1489730637e+01\n  221    0 1.0000000000 -2.1638965914e+01 -2.1506957664e+01\n  222    0 1.0000000000 -2.1668589121e+01 -2.1525095750e+01\n  223    0 1.0000000000 -2.1699094333e+01 -2.1544156926e+01\n  224    0 1.0000000000 -2.1730440716e+01 -2.1564152386e+01\n  225    0 1.0000000000 -2.1762586882e+01 -2.1585092350e+01\n  226    0 1.0000000000 -2.1795490978e+01 -2.1606985938e+01\n  227    0 1.0000000000 -2.1829110764e+01 -2.1629841032e+01\n  228    0 1.0000000000 -2.1863403698e+01 -2.1653664152e+01\n  229    0 1.0000000000 -2.1898327008e+01 -2.1678460330e+01\n  230    0 1.0000000000 -2.1933837765e+01 -2.1704232988e+01\n  231    0 1.0000000000 -2.1969892952e+01 -2.1730983817e+01\n  232    0 1.0000000000 -2.2006449531e+01 -2.1758712670e+01\n  233    0 1.0000000000 -2.2043464502e+01 -2.1787417448e+01\n  234    0 1.0000000000 -2.2080894961e+01 -2.1817094004e+01\n  235    0 1.0000000000 -2.2118698157e+01 -2.1847736043e+01\n  236    0 1.0000000000 -2.2156831541e+01 -2.1879335035e+01\n  237    0 1.0000000000 -2.2195252814e+01 -2.1911880134e+01\n  238    0 1.0000000000 -2.2233919973e+01 -2.1945358104e+01\n  239    0 1.0000000000 -2.2272791350e+01 -2.1979753254e+01\n  240    0 1.0000000000 -2.2311825651e+01 -2.2015047382e+01\n  241    0 1.0000000000 -2.2350981994e+01 -2.2051219724e+01\n  242    0 1.0000000000 -2.2390219937e+01 -2.2088246919e+01\n  243    0 1.0000000000 -2.2429499513e+01 -2.2126102979e+01\n  244    0 1.0000000000 -2.2468781254e+01 -2.2164759269e+01\n  245    0 1.0000000000 -2.2508026218e+01 -2.2204184498e+01\n  246    0 1.0000000000 -2.2547196013e+01 -2.2244344719e+01\n  247    0 1.0000000000 -2.2586252818e+01 -2.2285203341e+01\n  248    0 1.0000000000 -2.2625159400e+01 -2.2326721150e+01\n  249    0 1.0000000000 -2.2663879133e+01 -2.2368856343e+01\n  250    0 1.0000000000 -2.2702376017e+01 -2.2411564564e+01\n  251    0 1.0000000000 -2.2740614686e+01 -2.2454798962e+01\n  252    0 1.0000000000 -2.2778560430e+01 -2.2498510254e+01\n  253    0 1.0000000000 -2.2816179196e+01 -2.2542646794e+01\n  254    0 1.0000000000 -2.2853437609e+01 -2.2587154656e+01\n  255    0 1.0000000000 -2.2890302974e+01 -2.2631977730e+01\n  256    0 1.0000000000 -2.2926743291e+01 -2.2677057822e+01\n  257    0 1.0000000000 -2.2962727255e+01 -2.2722334765e+01\n  258    0 1.0000000000 -2.2998224272e+01 -2.2767746539e+01\n  259    0 1.0000000000 -2.3033204458e+01 -2.2813229399e+01\n  260    0 1.0000000000 -2.3067638648e+01 -2.2858718013e+01\n  261    0 1.0000000000 -2.3101498400e+01 -2.2904145607e+01\n  262    0 1.0000000000 -2.3134756002e+01 -2.2949444115e+01\n  263    0 1.0000000000 -2.3167384470e+01 -2.2994544339e+01\n  264    0 1.0000000000 -2.3199357560e+01 -2.3039376110e+01\n  265    0 1.0000000000 -2.3230649763e+01 -2.3083868465e+01\n  266    0 1.0000000000 -2.3261236313e+01 -2.3127949815e+01\n  267    0 1.0000000000 -2.3291093189e+01 -2.3171548132e+01\n  268    0 1.0000000000 -2.3320197117e+01 -2.3214591126e+01\n  269    0 1.0000000000 -2.3348525568e+01 -2.3257006438e+01\n  270    0 1.0000000000 -2.3376056769e+01 -2.3298721825e+01\n  271    0 1.0000000000 -2.3402769694e+01 -2.3339665355e+01\n  272    0 1.0000000000 -2.3428644076e+01 -2.3379765600e+01\n  273    0 1.0000000000 -2.3453660398e+01 -2.3418951825e+01\n  274    0 1.0000000000 -2.3477799904e+01 -2.3457154188e+01\n  275    0 1.0000000000 -2.3501044593e+01 -2.3494303928e+01\n  276    0 1.0000000000 -2.3523377226e+01 -2.3530333557e+01\n  277    0 1.0000000000 -2.3544781319e+01 -2.3565177051e+01\n  278    0 1.0000000000 -2.3565241153e+01 -2.3598770034e+01\n  279    0 1.0000000000 -2.3584741770e+01 -2.3631049963e+01\n  280    0 1.0000000000 -2.3603268974e+01 -2.3661956304e+01\n  281    0 1.0000000000 -2.3620809330e+01 -2.3691430708e+01\n  282    0 1.0000000000 -2.3637350171e+01 -2.3719417178e+01\n  283    0 1.0000000000 -2.3652879592e+01 -2.3745862232e+01\n  284    0 1.0000000000 -2.3667386455e+01 -2.3770715059e+01\n  285    0 1.0000000000 -2.3680860385e+01 -2.3793927668e+01\n  286    0 1.0000000000 -2.3693291775e+01 -2.3815455026e+01\n  287    0 1.0000000000 -2.3704671786e+01 -2.3835255195e+01\n  288    0 1.0000000000 -2.3714992344e+01 -2.3853289451e+01\n  289    0 1.0000000000 -2.3724246143e+01 -2.3869522402e+01\n  290    0 1.0000000000 -2.3732426648e+01 -2.3883922092e+01\n  291    0 1.0000000000 -2.3739528087e+01 -2.3896460098e+01\n  292    0 1.0000000000 -2.3745545461e+01 -2.3907111609e+01\n  293    0 1.0000000000 -2.3750474538e+01 -2.3915855507e+01\n  294    0 1.0000000000 -2.3754311856e+01 -2.3922674426e+01\n  295    0 1.0000000000 -2.3757054721e+01 -2.3927554803e+01\n  296    0 1.0000000000 -2.3758701210e+01 -2.3930486925e+01\n  297    0 1.0000000000 -2.3759250168e+01 -2.3931464948e+01\n