SINGLE-ORBITAL NN+NNN EFFECTIVE MODEL FIT

m=4
eon=0.0
t0=1.0
l_decay=0.3
dl=0.1
pairing=./m=4/pairing.txt
microscopic_orbitals=34

E_eff(k) = eps0 + 2*t1[cos(k.u1)+cos(k.u2)] + 4*t2*cos(k.u1)*cos(k.u2)

eps0     = -2.20273117176500e+01
t1       = -1.04013755305721e-01
t2       = -1.60145163021332e-02

RMSE=7.68382232307304e-03
MAE=6.26104600755054e-03
max_abs_error=1.70534994896450e-02
optimizer_success=True
optimizer_message=Linear least-squares solution
minimum_tracking_continuity=1.0000000000
mean_tracking_continuity=1.0000000000

# k_index idx continuity target fit\n    0    0 1.0000000000 -2.2495833837e+01 -2.2507424804e+01\n    1    0 1.0000000000 -2.2495715779e+01 -2.2507287821e+01\n    2    0 1.0000000000 -2.2495361683e+01 -2.2506877008e+01\n    3    0 1.0000000000 -2.2494771775e+01 -2.2506192780e+01\n    4    0 1.0000000000 -2.2493946434e+01 -2.2505235825e+01\n    5    0 1.0000000000 -2.2492886190e+01 -2.2504007107e+01\n    6    0 1.0000000000 -2.2491591727e+01 -2.2502507863e+01\n    7    0 1.0000000000 -2.2490063880e+01 -2.2500739603e+01\n    8    0 1.0000000000 -2.2488303634e+01 -2.2498704108e+01\n    9    0 1.0000000000 -2.2486312131e+01 -2.2496403426e+01\n   10    0 1.0000000000 -2.2484090664e+01 -2.2493839875e+01\n   11    0 1.0000000000 -2.2481640680e+01 -2.2491016036e+01\n   12    0 1.0000000000 -2.2478963780e+01 -2.2487934752e+01\n   13    0 1.0000000000 -2.2476061721e+01 -2.2484599125e+01\n   14    0 1.0000000000 -2.2472936414e+01 -2.2481012515e+01\n   15    0 1.0000000000 -2.2469589927e+01 -2.2477178533e+01\n   16    0 1.0000000000 -2.2466024483e+01 -2.2473101039e+01\n   17    0 1.0000000000 -2.2462242465e+01 -2.2468784139e+01\n   18    0 1.0000000000 -2.2458246412e+01 -2.2464232180e+01\n   19    0 1.0000000000 -2.2454039024e+01 -2.2459449745e+01\n   20    0 1.0000000000 -2.2449623158e+01 -2.2454441650e+01\n   21    0 1.0000000000 -2.2445001836e+01 -2.2449212937e+01\n   22    0 1.0000000000 -2.2440178237e+01 -2.2443768872e+01\n   23    0 1.0000000000 -2.2435155706e+01 -2.2438114935e+01\n   24    0 1.0000000000 -2.2429937748e+01 -2.2432256821e+01\n   25    0 1.0000000000 -2.2424528035e+01 -2.2426200427e+01\n   26    0 1.0000000000 -2.2418930403e+01 -2.2419951852e+01\n   27    0 1.0000000000 -2.2413148855e+01 -2.2413517388e+01\n   28    0 1.0000000000 -2.2407187558e+01 -2.2406903514e+01\n   29    0 1.0000000000 -2.2401050851e+01 -2.2400116889e+01\n   30    0 1.0000000000 -2.2394743238e+01 -2.2393164347e+01\n   31    0 1.0000000000 -2.2388269394e+01 -2.2386052888e+01\n   32    0 1.0000000000 -2.2381634165e+01 -2.2378789673e+01\n   33    0 1.0000000000 -2.2374842566e+01 -2.2371382016e+01\n   34    0 1.0000000000 -2.2367899783e+01 -2.2363837376e+01\n   35    0 1.0000000000 -2.2360811176e+01 -2.2356163348e+01\n   36    0 1.0000000000 -2.2353582277e+01 -2.2348367661e+01\n   37    0 1.0000000000 -2.2346218789e+01 -2.2340458164e+01\n   38    0 1.0000000000 -2.2338726588e+01 -2.2332442821e+01\n   39    0 1.0000000000 -2.2331111725e+01 -2.2324329703e+01\n   40    0 1.0000000000 -2.2323380421e+01 -2.2316126980e+01\n   41    0 1.0000000000 -2.2315539071e+01 -2.2307842909e+01\n   42    0 1.0000000000 -2.2307594242e+01 -2.2299485834e+01\n   43    0 1.0000000000 -2.2299552672e+01 -2.2291064168e+01\n   44    0 1.0000000000 -2.2291421269e+01 -2.2282586393e+01\n   45    0 1.0000000000 -2.2283207109e+01 -2.2274061043e+01\n   46    0 1.0000000000 -2.2274917437e+01 -2.2265496704e+01\n   47    0 1.0000000000 -2.2266559664e+01 -2.2256901998e+01\n   48    0 1.0000000000 -2.2258141364e+01 -2.2248285581e+01\n   49    0 1.0000000000 -2.2249670271e+01 -2.2239656128e+01\n   50    0 1.0000000000 -2.2241154280e+01 -2.2231022328e+01\n   51    0 1.0000000000 -2.2232601437e+01 -2.2222392875e+01\n   52    0 1.0000000000 -2.2224019944e+01 -2.2213776458e+01\n   53    0 1.0000000000 -2.2215418145e+01 -2.2205181753e+01\n   54    0 1.0000000000 -2.2206804531e+01 -2.2196617414e+01\n   55    0 1.0000000000 -2.2198187727e+01 -2.2188092064e+01\n   56    0 1.0000000000 -2.2189576490e+01 -2.2179614288e+01\n   57    0 1.0000000000 -2.2180979702e+01 -2.2171192623e+01\n   58    0 1.0000000000 -2.2172406365e+01 -2.2162835547e+01\n   59    0 1.0000000000 -2.2163865587e+01 -2.2154551477e+01\n   60    0 1.0000000000 -2.2155366583e+01 -2.2146348753e+01\n   61    0 1.0000000000 -2.2146918658e+01 -2.2138235635e+01\n   62    0 1.0000000000 -2.2138531202e+01 -2.2130220292e+01\n   63    0 1.0000000000 -2.2130213677e+01 -2.2122310795e+01\n   64    0 1.0000000000 -2.2121975607e+01 -2.2114515108e+01\n   65    0 1.0000000000 -2.2113826568e+01 -2.2106841081e+01\n   66    0 1.0000000000 -2.2105776171e+01 -2.2099296440e+01\n   67    0 1.0000000000 -2.2097834053e+01 -2.2091888783e+01\n   68    0 1.0000000000 -2.2090009858e+01 -2.2084625569e+01\n   69    0 1.0000000000 -2.2082313229e+01 -2.2077514110e+01\n   70    0 1.0000000000 -2.2074753784e+01 -2.2070561568e+01\n   71    0 1.0000000000 -2.2067341105e+01 -2.2063774943e+01\n   72    0 1.0000000000 -2.2060084720e+01 -2.2057161068e+01\n   73    0 1.0000000000 -2.2052994084e+01 -2.2050726604e+01\n   74    0 1.0000000000 -2.2046078560e+01 -2.2044478030e+01\n   75    0 1.0000000000 -2.2039347403e+01 -2.2038421636e+01\n   76    0 1.0000000000 -2.2032809736e+01 -2.2032563521e+01\n   77    0 1.0000000000 -2.2026474531e+01 -2.2026909585e+01\n   78    0 1.0000000000 -2.2020350594e+01 -2.2021465519e+01\n   79    0 1.0000000000 -2.2014446533e+01 -2.2016236807e+01\n   80    0 1.0000000000 -2.2008770747e+01 -2.2011228711e+01\n   81    0 1.0000000000 -2.2003331401e+01 -2.2006446276e+01\n   82    0 1.0000000000 -2.1998136403e+01 -2.2001894317e+01\n   83    0 1.0000000000 -2.1993193384e+01 -2.1997577417e+01\n   84    0 1.0000000000 -2.1988509676e+01 -2.1993499923e+01\n   85    0 1.0000000000 -2.1984092294e+01 -2.1989665941e+01\n   86    0 1.0000000000 -2.1979947912e+01 -2.1986079331e+01\n   87    0 1.0000000000 -2.1976082844e+01 -2.1982743705e+01\n   88    0 1.0000000000 -2.1972503026e+01 -2.1979662420e+01\n   89    0 1.0000000000 -2.1969213995e+01 -2.1976838581e+01\n   90    0 1.0000000000 -2.1966220875e+01 -2.1974275030e+01\n   91    0 1.0000000000 -2.1963528355e+01 -2.1971974348e+01\n   92    0 1.0000000000 -2.1961140680e+01 -2.1969938853e+01\n   93    0 1.0000000000 -2.1959061631e+01 -2.1968170593e+01\n   94    0 1.0000000000 -2.1957294517e+01 -2.1966671350e+01\n   95    0 1.0000000000 -2.1955842159e+01 -2.1965442632e+01\n   96    0 1.0000000000 -2.1954706886e+01 -2.1964485677e+01\n   97    0 1.0000000000 -2.1953890521e+01 -2.1963801449e+01\n   98    0 1.0000000000 -2.1953394377e+01 -2.1963390636e+01\n   99    0 1.0000000000 -2.1953219255e+01 -2.1963253652e+01\n  100    0 1.0000000000 -2.1953154981e+01 -2.1963181170e+01\n  101    0 1.0000000000 -2.1952959443e+01 -2.1962963795e+01\n  102    0 1.0000000000 -2.1952632797e+01 -2.1962601748e+01\n  103    0 1.0000000000 -2.1952175305e+01 -2.1962095391e+01\n  104    0 1.0000000000 -2.1951587333e+01 -2.1961445236e+01\n  105    0 1.0000000000 -2.1950869354e+01 -2.1960651937e+01\n  106    0 1.0000000000 -2.1950021945e+01 -2.1959716292e+01\n  107    0 1.0000000000 -2.1949045785e+01 -2.1958639245e+01\n  108    0 1.0000000000 -2.1947941663e+01 -2.1957421878e+01\n  109    0 1.0000000000 -2.1946710467e+01 -2.1956065419e+01\n  110    0 1.0000000000 -2.1945353193e+01 -2.1954571233e+01\n  111    0 1.0000000000 -2.1943870940e+01 -2.1952940823e+01\n  112    0 1.0000000000 -2.1942264909e+01 -2.1951175834e+01\n  113    0 1.0000000000 -2.1940536406e+01 -2.1949278040e+01\n  114    0 1.0000000000 -2.1938686841e+01 -2.1947249354e+01\n  115    0 1.0000000000 -2.1936717725e+01 -2.1945091817e+01\n  116    0 1.0000000000 -2.1934630672e+01 -2.1942807603e+01\n  117    0 1.0000000000 -2.1932427399e+01 -2.1940399012e+01\n  118    0 1.0000000000 -2.1930109722e+01 -2.1937868468e+01\n  119    0 1.0000000000 -2.1927679560e+01 -2.1935218519e+01\n  120    0 1.0000000000 -2.1925138932e+01 -2.1932451835e+01\n  121    0 1.0000000000 -2.1922489956e+01 -2.1929571201e+01\n  122    0 1.0000000000 -2.1919734851e+01 -2.1926579517e+01\n  123    0 1.0000000000 -2.1916875933e+01 -2.1923479795e+01\n  124    0 1.0000000000 -2.1913915614e+01 -2.1920275158e+01\n  125    0 1.0000000000 -2.1910856407e+01 -2.1916968831e+01\n  126    0 1.0000000000 -2.1907700917e+01 -2.1913564144e+01\n  127    0 1.0000000000 -2.1904451846e+01 -2.1910064525e+01\n  128    0 1.0000000000 -2.1901111989e+01 -2.1906473498e+01\n  129    0 1.0000000000 -2.1897684234e+01 -2.1902794679e+01\n  130    0 1.0000000000 -2.1894171562e+01 -2.1899031771e+01\n  131    0 1.0000000000 -2.1890577042e+01 -2.1895188565e+01\n  132    0 1.0000000000 -2.1886903834e+01 -2.1891268930e+01\n  133    0 1.0000000000 -2.1883155185e+01 -2.1887276812e+01\n  134    0 1.0000000000 -2.1879334427e+01 -2.1883216231e+01\n  135    0 1.0000000000 -2.1875444977e+01 -2.1879091276e+01\n  136    0 1.0000000000 -2.1871490335e+01 -2.1874906101e+01\n  137    0 1.0000000000 -2.1867474081e+01 -2.1870664918e+01\n  138    0 1.0000000000 -2.1863399876e+01 -2.1866372000e+01\n  139    0 1.0000000000 -2.1859271455e+01 -2.1862031669e+01\n  140    0 1.0000000000 -2.1855092627e+01 -2.1857648294e+01\n  141    0 1.0000000000 -2.1850867278e+01 -2.1853226290e+01\n  142    0 1.0000000000 -2.1846599357e+01 -2.1848770109e+01\n  143    0 1.0000000000 -2.1842292886e+01 -2.1844284239e+01\n  144    0 1.0000000000 -2.1837951948e+01 -2.1839773195e+01\n  145    0 1.0000000000 -2.1833580688e+01 -2.1835241521e+01\n  146    0 1.0000000000 -2.1829183311e+01 -2.1830693779e+01\n  147    0 1.0000000000 -2.1824764075e+01 -2.1826134549e+01\n  148    0 1.0000000000 -2.1820327293e+01 -2.1821568421e+01\n  149    0 1.0000000000 -2.1815877323e+01 -2.1816999993e+01\n  150    0 1.0000000000 -2.1811418570e+01 -2.1812433865e+01\n  151    0 1.0000000000 -2.1806955480e+01 -2.1807874635e+01\n  152    0 1.0000000000 -2.1802492536e+01 -2.1803326893e+01\n  153    0 1.0000000000 -2.1798034254e+01 -2.1798795219e+01\n  154    0 1.0000000000 -2.1793585178e+01 -2.1794284175e+01\n  155    0 1.0000000000 -2.1789149878e+01 -2.1789798305e+01\n  156    0 1.0000000000 -2.1784732941e+01 -2.1785342124e+01\n  157    0 1.0000000000 -2.1780338971e+01 -2.1780920120e+01\n  158    0 1.0000000000 -2.1775972582e+01 -2.1776536745e+01\n  159    0 1.0000000000 -2.1771638392e+01 -2.1772196414e+01\n  160    0 1.0000000000 -2.1767341019e+01 -2.1767903496e+01\n  161    0 1.0000000000 -2.1763085076e+01 -2.1763662314e+01\n  162    0 1.0000000000 -2.1758875163e+01 -2.1759477138e+01\n  163    0 1.0000000000 -2.1754715865e+01 -2.1755352183e+01\n  164    0 1.0000000000 -2.1750611742e+01 -2.1751291602e+01\n  165    0 1.0000000000 -2.1746567329e+01 -2.1747299484e+01\n  166    0 1.0000000000 -2.1742587123e+01 -2.1743379849e+01\n  167    0 1.0000000000 -2.1738675581e+01 -2.1739536643e+01\n  168    0 1.0000000000 -2.1734837113e+01 -2.1735773735e+01\n  169    0 1.0000000000 -2.1731076078e+01 -2.1732094916e+01\n  170    0 1.0000000000 -2.1727396770e+01 -2.1728503889e+01\n  171    0 1.0000000000 -2.1723803423e+01 -2.1725004270e+01\n  172    0 1.0000000000 -2.1720300194e+01 -2.1721599583e+01\n  173    0 1.0000000000 -2.1716891163e+01 -2.1718293256e+01\n  174    0 1.0000000000 -2.1713580323e+01 -2.1715088619e+01\n  175    0 1.0000000000 -2.1710371575e+01 -2.1711988898e+01\n  176    0 1.0000000000 -2.1707268722e+01 -2.1708997213e+01\n  177    0 1.0000000000 -2.1704275463e+01 -2.1706116579e+01\n  178    0 1.0000000000 -2.1701395383e+01 -2.1703349895e+01\n  179    0 1.0000000000 -2.1698631951e+01 -2.1700699946e+01\n  180    0 1.0000000000 -2.1695988513e+01 -2.1698169402e+01\n  181    0 1.0000000000 -2.1693468282e+01 -2.1695760811e+01\n  182    0 1.0000000000 -2.1691074339e+01 -2.1693476597e+01\n  183    0 1.0000000000 -2.1688809620e+01 -2.1691319060e+01\n  184    0 1.0000000000 -2.1686676918e+01 -2.1689290374e+01\n  185    0 1.0000000000 -2.1684678869e+01 -2.1687392580e+01\n  186    0 1.0000000000 -2.1682817954e+01 -2.1685627591e+01\n  187    0 1.0000000000 -2.1681096493e+01 -2.1683997182e+01\n  188    0 1.0000000000 -2.1679516637e+01 -2.1682502995e+01\n  189    0 1.0000000000 -2.1678080367e+01 -2.1681146536e+01\n  190    0 1.0000000000 -2.1676789488e+01 -2.1679929169e+01\n  191    0 1.0000000000 -2.1675645626e+01 -2.1678852122e+01\n  192    0 1.0000000000 -2.1674650226e+01 -2.1677916477e+01\n  193    0 1.0000000000 -2.1673804548e+01 -2.1677123178e+01\n  194    0 1.0000000000 -2.1673109664e+01 -2.1676473023e+01\n  195    0 1.0000000000 -2.1672566455e+01 -2.1675966666e+01\n  196    0 1.0000000000 -2.1672175611e+01 -2.1675604619e+01\n  197    0 1.0000000000 -2.1671937631e+01 -2.1675387244e+01\n  198    0 1.0000000000 -2.1671852815e+01 -2.1675314762e+01\n  199    0 1.0000000000 -2.1672019198e+01 -2.1675459743e+01\n  200    0 1.0000000000 -2.1672492270e+01 -2.1675894735e+01\n  201    0 1.0000000000 -2.1673272290e+01 -2.1676619885e+01\n  202    0 1.0000000000 -2.1674359678e+01 -2.1677635430e+01\n  203    0 1.0000000000 -2.1675755009e+01 -2.1678941701e+01\n  204    0 1.0000000000 -2.1677459001e+01 -2.1680539112e+01\n  205    0 1.0000000000 -2.1679472503e+01 -2.1682428153e+01\n  206    0 1.0000000000 -2.1681796480e+01 -2.1684609383e+01\n  207    0 1.0000000000 -2.1684431990e+01 -2.1687083418e+01\n  208    0 1.0000000000 -2.1687380171e+01 -2.1689850919e+01\n  209    0 1.0000000000 -2.1690642208e+01 -2.1692912579e+01\n  210    0 1.0000000000 -2.1694219315e+01 -2.1696269111e+01\n  211    0 1.0000000000 -2.1698112703e+01 -2.1699921227e+01\n  212    0 1.0000000000 -2.1702323550e+01 -2.1703869622e+01\n  213    0 1.0000000000 -2.1706852970e+01 -2.1708114960e+01\n  214    0 1.0000000000 -2.1711701978e+01 -2.1712657851e+01\n  215    0 1.0000000000 -2.1716871457e+01 -2.1717498829e+01\n  216    0 1.0000000000 -2.1722362119e+01 -2.1722638335e+01\n  217    0 1.0000000000 -2.1728174470e+01 -2.1728076693e+01\n  218    0 1.0000000000 -2.1734308770e+01 -2.1733814089e+01\n  219    0 1.0000000000 -2.1740764997e+01 -2.1739850544e+01\n  220    0 1.0000000000 -2.1747542807e+01 -2.1746185896e+01\n  221    0 1.0000000000 -2.1754641496e+01 -2.1752819774e+01\n  222    0 1.0000000000 -2.1762059966e+01 -2.1759751572e+01\n  223    0 1.0000000000 -2.1769796681e+01 -2.1766980429e+01\n  224    0 1.0000000000 -2.1777849643e+01 -2.1774505203e+01\n  225    0 1.0000000000 -2.1786216347e+01 -2.1782324447e+01\n  226    0 1.0000000000 -2.1794893760e+01 -2.1790436388e+01\n  227    0 1.0000000000 -2.1803878285e+01 -2.1798838901e+01\n  228    0 1.0000000000 -2.1813165738e+01 -2.1807529490e+01\n  229    0 1.0000000000 -2.1822751326e+01 -2.1816505266e+01\n  230    0 1.0000000000 -2.1832629623e+01 -2.1825762923e+01\n  231    0 1.0000000000 -2.1842794558e+01 -2.1835298723e+01\n  232    0 1.0000000000 -2.1853239402e+01 -2.1845108474e+01\n  233    0 1.0000000000 -2.1863956753e+01 -2.1855187514e+01\n  234    0 1.0000000000 -2.1874938542e+01 -2.1865530692e+01\n  235    0 1.0000000000 -2.1886176023e+01 -2.1876132359e+01\n  236    0 1.0000000000 -2.1897659779e+01 -2.1886986346e+01\n  237    0 1.0000000000 -2.1909379733e+01 -2.1898085962e+01\n  238    0 1.0000000000 -2.1921325156e+01 -2.1909423973e+01\n  239    0 1.0000000000 -2.1933484682e+01 -2.1920992603e+01\n  240    0 1.0000000000 -2.1945846330e+01 -2.1932783522e+01\n  241    0 1.0000000000 -2.1958397525e+01 -2.1944787840e+01\n  242    0 1.0000000000 -2.1971125123e+01 -2.1956996108e+01\n  243    0 1.0000000000 -2.1984015445e+01 -2.1969398315e+01\n  244    0 1.0000000000 -2.1997054303e+01 -2.1981983888e+01\n  245    0 1.0000000000 -2.2010227036e+01 -2.1994741695e+01\n  246    0 1.0000000000 -2.2023518551e+01 -2.2007660053e+01\n  247    0 1.0000000000 -2.2036913356e+01 -2.2020726729e+01\n  248    0 1.0000000000 -2.2050395601e+01 -2.2033928957e+01\n  249    0 1.0000000000 -2.2063949124e+01 -2.2047253443e+01\n  250    0 1.0000000000 -2.2077557486e+01 -2.2060686380e+01\n  251    0 1.0000000000 -2.2091204016e+01 -2.2074213467e+01\n  252    0 1.0000000000 -2.2104871856e+01 -2.2087819922e+01\n  253    0 1.0000000000 -2.2118544000e+01 -2.2101490501e+01\n  254    0 1.0000000000 -2.2132203338e+01 -2.2115209525e+01\n  255    0 1.0000000000 -2.2145832695e+01 -2.2128960900e+01\n  256    0 1.0000000000 -2.2159414875e+01 -2.2142728140e+01\n  257    0 1.0000000000 -2.2172932698e+01 -2.2156494399e+01\n  258    0 1.0000000000 -2.2186369036e+01 -2.2170242498e+01\n  259    0 1.0000000000 -2.2199706857e+01 -2.2183954955e+01\n  260    0 1.0000000000 -2.2212929250e+01 -2.2197614018e+01\n  261    0 1.0000000000 -2.2226019469e+01 -2.2211201697e+01\n  262    0 1.0000000000 -2.2238960957e+01 -2.2224699802e+01\n  263    0 1.0000000000 -2.2251737380e+01 -2.2238089979e+01\n  264    0 1.0000000000 -2.2264332653e+01 -2.2251353745e+01\n  265    0 1.0000000000 -2.2276730971e+01 -2.2264472529e+01\n  266    0 1.0000000000 -2.2288916828e+01 -2.2277427714e+01\n  267    0 1.0000000000 -2.2300875044e+01 -2.2290200670e+01\n  268    0 1.0000000000 -2.2312590785e+01 -2.2302772803e+01\n  269    0 1.0000000000 -2.2324049584e+01 -2.2315125594e+01\n  270    0 1.0000000000 -2.2335237356e+01 -2.2327240640e+01\n  271    0 1.0000000000 -2.2346140417e+01 -2.2339099698e+01\n  272    0 1.0000000000 -2.2356745500e+01 -2.2350684728e+01\n  273    0 1.0000000000 -2.2367039764e+01 -2.2361977934e+01\n  274    0 1.0000000000 -2.2377010813e+01 -2.2372961807e+01\n  275    0 1.0000000000 -2.2386646700e+01 -2.2383619170e+01\n  276    0 1.0000000000 -2.2395935942e+01 -2.2393933218e+01\n  277    0 1.0000000000 -2.2404867527e+01 -2.2403887557e+01\n  278    0 1.0000000000 -2.2413430921e+01 -2.2413466248e+01\n  279    0 1.0000000000 -2.2421616075e+01 -2.2422653848e+01\n  280    0 1.0000000000 -2.2429413434e+01 -2.2431435443e+01\n  281    0 1.0000000000 -2.2436813937e+01 -2.2439796693e+01\n  282    0 1.0000000000 -2.2443809026e+01 -2.2447723863e+01\n  283    0 1.0000000000 -2.2450390650e+01 -2.2455203862e+01\n  284    0 1.0000000000 -2.2456551263e+01 -2.2462224274e+01\n  285    0 1.0000000000 -2.2462283833e+01 -2.2468773391e+01\n  286    0 1.0000000000 -2.2467581842e+01 -2.2474840246e+01\n  287    0 1.0000000000 -2.2472439288e+01 -2.2480414637e+01\n  288    0 1.0000000000 -2.2476850685e+01 -2.2485487157e+01\n  289    0 1.0000000000 -2.2480811069e+01 -2.2490049218e+01\n  290    0 1.0000000000 -2.2484315994e+01 -2.2494093074e+01\n  291    0 1.0000000000 -2.2487361536e+01 -2.2497611842e+01\n  292    0 1.0000000000 -2.2489944293e+01 -2.2500599517e+01\n  293    0 1.0000000000 -2.2492061386e+01 -2.2503050991e+01\n  294    0 1.0000000000 -2.2493710458e+01 -2.2504962068e+01\n  295    0 1.0000000000 -2.2494889676e+01 -2.2506329471e+01\n  296    0 1.0000000000 -2.2495597731e+01 -2.2507150853e+01\n  297    0 1.0000000000 -2.2495833837e+01 -2.2507424804e+01\n