SINGLE-ORBITAL NN+NNN EFFECTIVE MODEL FIT

m=5
eon=0.0
t0=1.0
l_decay=0.3
dl=0.1
pairing=./m=5/pairing.txt
microscopic_orbitals=52

E_eff(k) = eps0 + 2*t1[cos(k.u1)+cos(k.u2)] + 4*t2*cos(k.u1)*cos(k.u2)

eps0     = -2.22877230202497e+01
t1       = -9.81031227171690e-02
t2       = -2.40273811925534e-02

RMSE=5.02401327262445e-02
MAE=4.34522442746551e-02
max_abs_error=9.38219819763901e-02
optimizer_success=True
optimizer_message=Linear least-squares solution
minimum_tracking_continuity=1.0000000000
mean_tracking_continuity=1.0000000000

# k_index idx continuity target fit\n    0    0 1.0000000000 -2.2723040179e+01 -2.2776245036e+01\n    1    0 1.0000000000 -2.2722959307e+01 -2.2776097867e+01\n    2    0 1.0000000000 -2.2722716713e+01 -2.2775656510e+01\n    3    0 1.0000000000 -2.2722312470e+01 -2.2774921407e+01\n    4    0 1.0000000000 -2.2721746698e+01 -2.2773893301e+01\n    5    0 1.0000000000 -2.2721019568e+01 -2.2772573225e+01\n    6    0 1.0000000000 -2.2720131295e+01 -2.2770962509e+01\n    7    0 1.0000000000 -2.2719082144e+01 -2.2769062775e+01\n    8    0 1.0000000000 -2.2717872430e+01 -2.2766875936e+01\n    9    0 1.0000000000 -2.2716502515e+01 -2.2764404193e+01\n   10    0 1.0000000000 -2.2714972807e+01 -2.2761650036e+01\n   11    0 1.0000000000 -2.2713283765e+01 -2.2758616238e+01\n   12    0 1.0000000000 -2.2711435896e+01 -2.2755305853e+01\n   13    0 1.0000000000 -2.2709429753e+01 -2.2751722215e+01\n   14    0 1.0000000000 -2.2707265940e+01 -2.2747868932e+01\n   15    0 1.0000000000 -2.2704945106e+01 -2.2743749884e+01\n   16    0 1.0000000000 -2.2702467950e+01 -2.2739369219e+01\n   17    0 1.0000000000 -2.2699835219e+01 -2.2734731348e+01\n   18    0 1.0000000000 -2.2697047707e+01 -2.2729840940e+01\n   19    0 1.0000000000 -2.2694106257e+01 -2.2724702920e+01\n   20    0 1.0000000000 -2.2691011759e+01 -2.2719322461e+01\n   21    0 1.0000000000 -2.2687765150e+01 -2.2713704981e+01\n   22    0 1.0000000000 -2.2684367418e+01 -2.2707856137e+01\n   23    0 1.0000000000 -2.2680819595e+01 -2.2701781817e+01\n   24    0 1.0000000000 -2.2677122762e+01 -2.2695488138e+01\n   25    0 1.0000000000 -2.2673278048e+01 -2.2688981438e+01\n   26    0 1.0000000000 -2.2669286630e+01 -2.2682268267e+01\n   27    0 1.0000000000 -2.2665149730e+01 -2.2675355386e+01\n   28    0 1.0000000000 -2.2660868618e+01 -2.2668249754e+01\n   29    0 1.0000000000 -2.2656444614e+01 -2.2660958528e+01\n   30    0 1.0000000000 -2.2651879080e+01 -2.2653489048e+01\n   31    0 1.0000000000 -2.2647173429e+01 -2.2645848836e+01\n   32    0 1.0000000000 -2.2642329119e+01 -2.2638045584e+01\n   33    0 1.0000000000 -2.2637347654e+01 -2.2630087151e+01\n   34    0 1.0000000000 -2.2632230585e+01 -2.2621981549e+01\n   35    0 1.0000000000 -2.2626979509e+01 -2.2613736940e+01\n   36    0 1.0000000000 -2.2621596070e+01 -2.2605361625e+01\n   37    0 1.0000000000 -2.2616081955e+01 -2.2596864039e+01\n   38    0 1.0000000000 -2.2610438899e+01 -2.2588252736e+01\n   39    0 1.0000000000 -2.2604668681e+01 -2.2579536389e+01\n   40    0 1.0000000000 -2.2598773125e+01 -2.2570723774e+01\n   41    0 1.0000000000 -2.2592754099e+01 -2.2561823764e+01\n   42    0 1.0000000000 -2.2586613518e+01 -2.2552845321e+01\n   43    0 1.0000000000 -2.2580353338e+01 -2.2543797485e+01\n   44    0 1.0000000000 -2.2573975559e+01 -2.2534689366e+01\n   45    0 1.0000000000 -2.2567482226e+01 -2.2525530137e+01\n   46    0 1.0000000000 -2.2560875424e+01 -2.2516329019e+01\n   47    0 1.0000000000 -2.2554157283e+01 -2.2507095278e+01\n   48    0 1.0000000000 -2.2547329974e+01 -2.2497838210e+01\n   49    0 1.0000000000 -2.2540395708e+01 -2.2488567137e+01\n   50    0 1.0000000000 -2.2533356739e+01 -2.2479291394e+01\n   51    0 1.0000000000 -2.2526215360e+01 -2.2470020321e+01\n   52    0 1.0000000000 -2.2518973905e+01 -2.2460763254e+01\n   53    0 1.0000000000 -2.2511634745e+01 -2.2451529512e+01\n   54    0 1.0000000000 -2.2504200291e+01 -2.2442328394e+01\n   55    0 1.0000000000 -2.2496672991e+01 -2.2433169165e+01\n   56    0 1.0000000000 -2.2489055332e+01 -2.2424061047e+01\n   57    0 1.0000000000 -2.2481349835e+01 -2.2415013211e+01\n   58    0 1.0000000000 -2.2473559057e+01 -2.2406034768e+01\n   59    0 1.0000000000 -2.2465685590e+01 -2.2397134757e+01\n   60    0 1.0000000000 -2.2457732061e+01 -2.2388322142e+01\n   61    0 1.0000000000 -2.2449701128e+01 -2.2379605795e+01\n   62    0 1.0000000000 -2.2441595482e+01 -2.2370994493e+01\n   63    0 1.0000000000 -2.2433417843e+01 -2.2362496906e+01\n   64    0 1.0000000000 -2.2425170965e+01 -2.2354121592e+01\n   65    0 1.0000000000 -2.2416857627e+01 -2.2345876983e+01\n   66    0 1.0000000000 -2.2408480638e+01 -2.2337771381e+01\n   67    0 1.0000000000 -2.2400042831e+01 -2.2329812947e+01\n   68    0 1.0000000000 -2.2391547067e+01 -2.2322009696e+01\n   69    0 1.0000000000 -2.2382996230e+01 -2.2314369483e+01\n   70    0 1.0000000000 -2.2374393226e+01 -2.2306900004e+01\n   71    0 1.0000000000 -2.2365740983e+01 -2.2299608777e+01\n   72    0 1.0000000000 -2.2357042450e+01 -2.2292503146e+01\n   73    0 1.0000000000 -2.2348300592e+01 -2.2285590264e+01\n   74    0 1.0000000000 -2.2339518394e+01 -2.2278877094e+01\n   75    0 1.0000000000 -2.2330698853e+01 -2.2272370393e+01\n   76    0 1.0000000000 -2.2321844984e+01 -2.2266076714e+01\n   77    0 1.0000000000 -2.2312959810e+01 -2.2260002394e+01\n   78    0 1.0000000000 -2.2304046367e+01 -2.2254153550e+01\n   79    0 1.0000000000 -2.2295107701e+01 -2.2248536070e+01\n   80    0 1.0000000000 -2.2286146861e+01 -2.2243155611e+01\n   81    0 1.0000000000 -2.2277166905e+01 -2.2238017591e+01\n   82    0 1.0000000000 -2.2268170893e+01 -2.2233127183e+01\n   83    0 1.0000000000 -2.2259161886e+01 -2.2228489312e+01\n   84    0 1.0000000000 -2.2250142946e+01 -2.2224108647e+01\n   85    0 1.0000000000 -2.2241117131e+01 -2.2219989599e+01\n   86    0 1.0000000000 -2.2232087495e+01 -2.2216136316e+01\n   87    0 1.0000000000 -2.2223057087e+01 -2.2212552678e+01\n   88    0 1.0000000000 -2.2214028946e+01 -2.2209242293e+01\n   89    0 1.0000000000 -2.2205006102e+01 -2.2206208495e+01\n   90    0 1.0000000000 -2.2195991569e+01 -2.2203454338e+01\n   91    0 1.0000000000 -2.2186988351e+01 -2.2200982596e+01\n   92    0 1.0000000000 -2.2177999432e+01 -2.2198795756e+01\n   93    0 1.0000000000 -2.2169027778e+01 -2.2196896022e+01\n   94    0 1.0000000000 -2.2160076333e+01 -2.2195285306e+01\n   95    0 1.0000000000 -2.2151148019e+01 -2.2193965231e+01\n   96    0 1.0000000000 -2.2142245731e+01 -2.2192937124e+01\n   97    0 1.0000000000 -2.2133372337e+01 -2.2192202022e+01\n   98    0 1.0000000000 -2.2124530677e+01 -2.2191760664e+01\n   99    0 1.0000000000 -2.2115723555e+01 -2.2191613495e+01\n  100    0 1.0000000000 -2.2115691531e+01 -2.2191563101e+01\n  101    0 1.0000000000 -2.2115595048e+01 -2.2191411968e+01\n  102    0 1.0000000000 -2.2115434191e+01 -2.2191160250e+01\n  103    0 1.0000000000 -2.2115209096e+01 -2.2190808199e+01\n  104    0 1.0000000000 -2.2114919960e+01 -2.2190356169e+01\n  105    0 1.0000000000 -2.2114567031e+01 -2.2189804617e+01\n  106    0 1.0000000000 -2.2114150613e+01 -2.2189154098e+01\n  107    0 1.0000000000 -2.2113671066e+01 -2.2188405266e+01\n  108    0 1.0000000000 -2.2113128803e+01 -2.2187558875e+01\n  109    0 1.0000000000 -2.2112524294e+01 -2.2186615778e+01\n  110    0 1.0000000000 -2.2111858060e+01 -2.2185576925e+01\n  111    0 1.0000000000 -2.2111130680e+01 -2.2184443360e+01\n  112    0 1.0000000000 -2.2110342785e+01 -2.2183216227e+01\n  113    0 1.0000000000 -2.2109495058e+01 -2.2181896760e+01\n  114    0 1.0000000000 -2.2108588238e+01 -2.2180486288e+01\n  115    0 1.0000000000 -2.2107623116e+01 -2.2178986232e+01\n  116    0 1.0000000000 -2.2106600535e+01 -2.2177398101e+01\n  117    0 1.0000000000 -2.2105521390e+01 -2.2175723495e+01\n  118    0 1.0000000000 -2.2104386628e+01 -2.2173964100e+01\n  119    0 1.0000000000 -2.2103197249e+01 -2.2172121687e+01\n  120    0 1.0000000000 -2.2101954302e+01 -2.2170198112e+01\n  121    0 1.0000000000 -2.2100658885e+01 -2.2168195311e+01\n  122    0 1.0000000000 -2.2099312148e+01 -2.2166115302e+01\n  123    0 1.0000000000 -2.2097915289e+01 -2.2163960179e+01\n  124    0 1.0000000000 -2.2096469555e+01 -2.2161732111e+01\n  125    0 1.0000000000 -2.2094976239e+01 -2.2159433342e+01\n  126    0 1.0000000000 -2.2093436683e+01 -2.2157066187e+01\n  127    0 1.0000000000 -2.2091852275e+01 -2.2154633029e+01\n  128    0 1.0000000000 -2.2090224447e+01 -2.2152136319e+01\n  129    0 1.0000000000 -2.2088554677e+01 -2.2149578569e+01\n  130    0 1.0000000000 -2.2086844487e+01 -2.2146962357e+01\n  131    0 1.0000000000 -2.2085095439e+01 -2.2144290315e+01\n  132    0 1.0000000000 -2.2083309140e+01 -2.2141565135e+01\n  133    0 1.0000000000 -2.2081487236e+01 -2.2138789561e+01\n  134    0 1.0000000000 -2.2079631413e+01 -2.2135966386e+01\n  135    0 1.0000000000 -2.2077743397e+01 -2.2133098455e+01\n  136    0 1.0000000000 -2.2075824950e+01 -2.2130188655e+01\n  137    0 1.0000000000 -2.2073877869e+01 -2.2127239915e+01\n  138    0 1.0000000000 -2.2071903988e+01 -2.2124255205e+01\n  139    0 1.0000000000 -2.2069905173e+01 -2.2121237531e+01\n  140    0 1.0000000000 -2.2067883325e+01 -2.2118189930e+01\n  141    0 1.0000000000 -2.2065840371e+01 -2.2115115471e+01\n  142    0 1.0000000000 -2.2063778272e+01 -2.2112017251e+01\n  143    0 1.0000000000 -2.2061699013e+01 -2.2108898388e+01\n  144    0 1.0000000000 -2.2059604607e+01 -2.2105762023e+01\n  145    0 1.0000000000 -2.2057497092e+01 -2.2102611315e+01\n  146    0 1.0000000000 -2.2055378526e+01 -2.2099449436e+01\n  147    0 1.0000000000 -2.2053250991e+01 -2.2096279569e+01\n  148    0 1.0000000000 -2.2051116586e+01 -2.2093104906e+01\n  149    0 1.0000000000 -2.2048977428e+01 -2.2089928644e+01\n  150    0 1.0000000000 -2.2046835648e+01 -2.2086753981e+01\n  151    0 1.0000000000 -2.2044693393e+01 -2.2083584114e+01\n  152    0 1.0000000000 -2.2042552817e+01 -2.2080422234e+01\n  153    0 1.0000000000 -2.2040416087e+01 -2.2077271526e+01\n  154    0 1.0000000000 -2.2038285375e+01 -2.2074135162e+01\n  155    0 1.0000000000 -2.2036162858e+01 -2.2071016299e+01\n  156    0 1.0000000000 -2.2034050714e+01 -2.2067918079e+01\n  157    0 1.0000000000 -2.2031951123e+01 -2.2064843620e+01\n  158    0 1.0000000000 -2.2029866262e+01 -2.2061796019e+01\n  159    0 1.0000000000 -2.2027798303e+01 -2.2058778344e+01\n  160    0 1.0000000000 -2.2025749411e+01 -2.2055793634e+01\n  161    0 1.0000000000 -2.2023721742e+01 -2.2052844895e+01\n  162    0 1.0000000000 -2.2021717438e+01 -2.2049935094e+01\n  163    0 1.0000000000 -2.2019738629e+01 -2.2047067163e+01\n  164    0 1.0000000000 -2.2017787426e+01 -2.2044243989e+01\n  165    0 1.0000000000 -2.2015865919e+01 -2.2041468414e+01\n  166    0 1.0000000000 -2.2013976178e+01 -2.2038743234e+01\n  167    0 1.0000000000 -2.2012120246e+01 -2.2036071193e+01\n  168    0 1.0000000000 -2.2010300140e+01 -2.2033454980e+01\n  169    0 1.0000000000 -2.2008517845e+01 -2.2030897231e+01\n  170    0 1.0000000000 -2.2006775313e+01 -2.2028400521e+01\n  171    0 1.0000000000 -2.2005074460e+01 -2.2025967363e+01\n  172    0 1.0000000000 -2.2003417166e+01 -2.2023600208e+01\n  173    0 1.0000000000 -2.2001805267e+01 -2.2021301439e+01\n  174    0 1.0000000000 -2.2000240558e+01 -2.2019073371e+01\n  175    0 1.0000000000 -2.1998724785e+01 -2.2016918247e+01\n  176    0 1.0000000000 -2.1997259647e+01 -2.2014838238e+01\n  177    0 1.0000000000 -2.1995846793e+01 -2.2012835438e+01\n  178    0 1.0000000000 -2.1994487816e+01 -2.2010911863e+01\n  179    0 1.0000000000 -2.1993184254e+01 -2.2009069450e+01\n  180    0 1.0000000000 -2.1991937586e+01 -2.2007310055e+01\n  181    0 1.0000000000 -2.1990749233e+01 -2.2005635449e+01\n  182    0 1.0000000000 -2.1989620549e+01 -2.2004047318e+01\n  183    0 1.0000000000 -2.1988552826e+01 -2.2002547261e+01\n  184    0 1.0000000000 -2.1987547289e+01 -2.2001136789e+01\n  185    0 1.0000000000 -2.1986605091e+01 -2.1999817322e+01\n  186    0 1.0000000000 -2.1985727318e+01 -2.1998590189e+01\n  187    0 1.0000000000 -2.1984914981e+01 -2.1997456625e+01\n  188    0 1.0000000000 -2.1984169018e+01 -2.1996417772e+01\n  189    0 1.0000000000 -2.1983490291e+01 -2.1995474675e+01\n  190    0 1.0000000000 -2.1982879583e+01 -2.1994628284e+01\n  191    0 1.0000000000 -2.1982337602e+01 -2.1993879452e+01\n  192    0 1.0000000000 -2.1981864973e+01 -2.1993228932e+01\n  193    0 1.0000000000 -2.1981462241e+01 -2.1992677380e+01\n  194    0 1.0000000000 -2.1981129872e+01 -2.1992225351e+01\n  195    0 1.0000000000 -2.1980868247e+01 -2.1991873300e+01\n  196    0 1.0000000000 -2.1980677665e+01 -2.1991621581e+01\n  197    0 1.0000000000 -2.1980558341e+01 -2.1991470449e+01\n  198    0 1.0000000000 -2.1980510493e+01 -2.1991420054e+01\n  199    0 1.0000000000 -2.1980750635e+01 -2.1991520867e+01\n  200    0 1.0000000000 -2.1981430356e+01 -2.1991823498e+01\n  201    0 1.0000000000 -2.1982548459e+01 -2.1992328516e+01\n  202    0 1.0000000000 -2.1984103130e+01 -2.1993036869e+01\n  203    0 1.0000000000 -2.1986091860e+01 -2.1993949871e+01\n  204    0 1.0000000000 -2.1988511441e+01 -2.1995069197e+01\n  205    0 1.0000000000 -2.1991357988e+01 -2.1996396871e+01\n  206    0 1.0000000000 -2.1994626947e+01 -2.1997935246e+01\n  207    0 1.0000000000 -2.1998313114e+01 -2.1999686994e+01\n  208    0 1.0000000000 -2.2002410649e+01 -2.2001655080e+01\n  209    0 1.0000000000 -2.2006913099e+01 -2.2003842744e+01\n  210    0 1.0000000000 -2.2011813421e+01 -2.2006253477e+01\n  211    0 1.0000000000 -2.2017104001e+01 -2.2008890989e+01\n  212    0 1.0000000000 -2.2022776682e+01 -2.2011759189e+01\n  213    0 1.0000000000 -2.2028822788e+01 -2.2014862147e+01\n  214    0 1.0000000000 -2.2035233153e+01 -2.2018204067e+01\n  215    0 1.0000000000 -2.2041998147e+01 -2.2021789249e+01\n  216    0 1.0000000000 -2.2049107705e+01 -2.2025622058e+01\n  217    0 1.0000000000 -2.2056551357e+01 -2.2029706886e+01\n  218    0 1.0000000000 -2.2064318255e+01 -2.2034048113e+01\n  219    0 1.0000000000 -2.2072397208e+01 -2.2038650069e+01\n  220    0 1.0000000000 -2.2080776704e+01 -2.2043516997e+01\n  221    0 1.0000000000 -2.2089444945e+01 -2.2048653007e+01\n  222    0 1.0000000000 -2.2098389875e+01 -2.2054062044e+01\n  223    0 1.0000000000 -2.2107599208e+01 -2.2059747840e+01\n  224    0 1.0000000000 -2.2117060456e+01 -2.2065713877e+01\n  225    0 1.0000000000 -2.2126760959e+01 -2.2071963345e+01\n  226    0 1.0000000000 -2.2136687909e+01 -2.2078499104e+01\n  227    0 1.0000000000 -2.2146828377e+01 -2.2085323641e+01\n  228    0 1.0000000000 -2.2157169338e+01 -2.2092439033e+01\n  229    0 1.0000000000 -2.2167697699e+01 -2.2099846907e+01\n  230    0 1.0000000000 -2.2178400315e+01 -2.2107548408e+01\n  231    0 1.0000000000 -2.2189264019e+01 -2.2115544156e+01\n  232    0 1.0000000000 -2.2200275638e+01 -2.2123834217e+01\n  233    0 1.0000000000 -2.2211422015e+01 -2.2132418067e+01\n  234    0 1.0000000000 -2.2222690028e+01 -2.2141294566e+01\n  235    0 1.0000000000 -2.2234066608e+01 -2.2150461920e+01\n  236    0 1.0000000000 -2.2245538758e+01 -2.2159917665e+01\n  237    0 1.0000000000 -2.2257093564e+01 -2.2169658634e+01\n  238    0 1.0000000000 -2.2268718215e+01 -2.2179680936e+01\n  239    0 1.0000000000 -2.2280400015e+01 -2.2189979941e+01\n  240    0 1.0000000000 -2.2292126394e+01 -2.2200550255e+01\n  241    0 1.0000000000 -2.2303884922e+01 -2.2211385714e+01\n  242    0 1.0000000000 -2.2315663320e+01 -2.2222479363e+01\n  243    0 1.0000000000 -2.2327449470e+01 -2.2233823456e+01\n  244    0 1.0000000000 -2.2339231424e+01 -2.2245409442e+01\n  245    0 1.0000000000 -2.2350997410e+01 -2.2257227968e+01\n  246    0 1.0000000000 -2.2362735845e+01 -2.2269268878e+01\n  247    0 1.0000000000 -2.2374435337e+01 -2.2281521211e+01\n  248    0 1.0000000000 -2.2386084694e+01 -2.2293973216e+01\n  249    0 1.0000000000 -2.2397672927e+01 -2.2306612354e+01\n  250    0 1.0000000000 -2.2409189259e+01 -2.2319425314e+01\n  251    0 1.0000000000 -2.2420623125e+01 -2.2332398030e+01\n  252    0 1.0000000000 -2.2431964179e+01 -2.2345515696e+01\n  253    0 1.0000000000 -2.2443202294e+01 -2.2358762791e+01\n  254    0 1.0000000000 -2.2454327570e+01 -2.2372123103e+01\n  255    0 1.0000000000 -2.2465330332e+01 -2.2385579757e+01\n  256    0 1.0000000000 -2.2476201132e+01 -2.2399115247e+01\n  257    0 1.0000000000 -2.2486930754e+01 -2.2412711464e+01\n  258    0 1.0000000000 -2.2497510213e+01 -2.2426349742e+01\n  259    0 1.0000000000 -2.2507930755e+01 -2.2440010888e+01\n  260    0 1.0000000000 -2.2518183861e+01 -2.2453675227e+01\n  261    0 1.0000000000 -2.2528261245e+01 -2.2467322646e+01\n  262    0 1.0000000000 -2.2538154854e+01 -2.2480932639e+01\n  263    0 1.0000000000 -2.2547856871e+01 -2.2494484354e+01\n  264    0 1.0000000000 -2.2557359711e+01 -2.2507956647e+01\n  265    0 1.0000000000 -2.2566656022e+01 -2.2521328126e+01\n  266    0 1.0000000000 -2.2575738689e+01 -2.2534577211e+01\n  267    0 1.0000000000 -2.2584600824e+01 -2.2547682186e+01\n  268    0 1.0000000000 -2.2593235776e+01 -2.2560621253e+01\n  269    0 1.0000000000 -2.2601637123e+01 -2.2573372590e+01\n  270    0 1.0000000000 -2.2609798672e+01 -2.2585914409e+01\n  271    0 1.0000000000 -2.2617714461e+01 -2.2598225013e+01\n  272    0 1.0000000000 -2.2625378758e+01 -2.2610282855e+01\n  273    0 1.0000000000 -2.2632786056e+01 -2.2622066597e+01\n  274    0 1.0000000000 -2.2639931075e+01 -2.2633555165e+01\n  275    0 1.0000000000 -2.2646808761e+01 -2.2644727813e+01\n  276    0 1.0000000000 -2.2653414285e+01 -2.2655564175e+01\n  277    0 1.0000000000 -2.2659743040e+01 -2.2666044328e+01\n  278    0 1.0000000000 -2.2665790643e+01 -2.2676148844e+01\n  279    0 1.0000000000 -2.2671552931e+01 -2.2685858847e+01\n  280    0 1.0000000000 -2.2677025962e+01 -2.2695156065e+01\n  281    0 1.0000000000 -2.2682206012e+01 -2.2704022888e+01\n  282    0 1.0000000000 -2.2687089577e+01 -2.2712442412e+01\n  283    0 1.0000000000 -2.2691673370e+01 -2.2720398493e+01\n  284    0 1.0000000000 -2.2695954320e+01 -2.2727875793e+01\n  285    0 1.0000000000 -2.2699929571e+01 -2.2734859823e+01\n  286    0 1.0000000000 -2.2703596485e+01 -2.2741336988e+01\n  287    0 1.0000000000 -2.2706952634e+01 -2.2747294627e+01\n  288    0 1.0000000000 -2.2709995805e+01 -2.2752721049e+01\n  289    0 1.0000000000 -2.2712724000e+01 -2.2757605568e+01\n  290    0 1.0000000000 -2.2715135430e+01 -2.2761938535e+01\n  291    0 1.0000000000 -2.2717228519e+01 -2.2765711369e+01\n  292    0 1.0000000000 -2.2719001901e+01 -2.2768916578e+01\n  293    0 1.0000000000 -2.2720454424e+01 -2.2771547786e+01\n  294    0 1.0000000000 -2.2721585142e+01 -2.2773599750e+01\n  295    0 1.0000000000 -2.2722393321e+01 -2.2775068373e+01\n  296    0 1.0000000000 -2.2722878439e+01 -2.2775950723e+01\n  297    0 1.0000000000 -2.2723040179e+01 -2.2776245036e+01\n