SINGLE-ORBITAL NN+NNN EFFECTIVE MODEL FIT

m=6
eon=0.0
t0=1.0
l_decay=0.3
dl=0.1
pairing=./m=6/pairing.txt
microscopic_orbitals=74

E_eff(k) = eps0 + 2*t1[cos(k.u1)+cos(k.u2)] + 4*t2*cos(k.u1)*cos(k.u2)

eps0     = -2.23226016202280e+01
t1       = -3.12408119645879e-02
t2       = -3.65000201531953e-03

RMSE=1.49780422918347e-03
MAE=1.20641346708132e-03
max_abs_error=3.44697736609234e-03
optimizer_success=True
optimizer_message=Linear least-squares solution
minimum_tracking_continuity=1.0000000000
mean_tracking_continuity=1.0000000000

# k_index idx continuity target fit\n    0    0 1.0000000000 -2.2459989843e+01 -2.2462164876e+01\n    1    0 1.0000000000 -2.2459954626e+01 -2.2462126069e+01\n    2    0 1.0000000000 -2.2459849004e+01 -2.2462009686e+01\n    3    0 1.0000000000 -2.2459673055e+01 -2.2461815845e+01\n    4    0 1.0000000000 -2.2459426912e+01 -2.2461544740e+01\n    5    0 1.0000000000 -2.2459110757e+01 -2.2461196645e+01\n    6    0 1.0000000000 -2.2458724829e+01 -2.2460771911e+01\n    7    0 1.0000000000 -2.2458269418e+01 -2.2460270964e+01\n    8    0 1.0000000000 -2.2457744866e+01 -2.2459694310e+01\n    9    0 1.0000000000 -2.2457151569e+01 -2.2459042528e+01\n   10    0 1.0000000000 -2.2456489974e+01 -2.2458316276e+01\n   11    0 1.0000000000 -2.2455760583e+01 -2.2457516285e+01\n   12    0 1.0000000000 -2.2454963948e+01 -2.2456643360e+01\n   13    0 1.0000000000 -2.2454100677e+01 -2.2455698379e+01\n   14    0 1.0000000000 -2.2453171428e+01 -2.2454682295e+01\n   15    0 1.0000000000 -2.2452176913e+01 -2.2453596131e+01\n   16    0 1.0000000000 -2.2451117895e+01 -2.2452440980e+01\n   17    0 1.0000000000 -2.2449995191e+01 -2.2451218006e+01\n   18    0 1.0000000000 -2.2448809671e+01 -2.2449928439e+01\n   19    0 1.0000000000 -2.2447562257e+01 -2.2448573579e+01\n   20    0 1.0000000000 -2.2446253922e+01 -2.2447154790e+01\n   21    0 1.0000000000 -2.2444885693e+01 -2.2445673500e+01\n   22    0 1.0000000000 -2.2443458648e+01 -2.2444131200e+01\n   23    0 1.0000000000 -2.2441973920e+01 -2.2442529444e+01\n   24    0 1.0000000000 -2.2440432689e+01 -2.2440869845e+01\n   25    0 1.0000000000 -2.2438836192e+01 -2.2439154073e+01\n   26    0 1.0000000000 -2.2437185714e+01 -2.2437383857e+01\n   27    0 1.0000000000 -2.2435482592e+01 -2.2435560978e+01\n   28    0 1.0000000000 -2.2433728216e+01 -2.2433687273e+01\n   29    0 1.0000000000 -2.2431924026e+01 -2.2431764627e+01\n   30    0 1.0000000000 -2.2430071512e+01 -2.2429794977e+01\n   31    0 1.0000000000 -2.2428172214e+01 -2.2427780307e+01\n   32    0 1.0000000000 -2.2426227723e+01 -2.2425722644e+01\n   33    0 1.0000000000 -2.2424239679e+01 -2.2423624060e+01\n   34    0 1.0000000000 -2.2422209771e+01 -2.2421486669e+01\n   35    0 1.0000000000 -2.2420139737e+01 -2.2419312623e+01\n   36    0 1.0000000000 -2.2418031362e+01 -2.2417104111e+01\n   37    0 1.0000000000 -2.2415886479e+01 -2.2414863357e+01\n   38    0 1.0000000000 -2.2413706967e+01 -2.2412592617e+01\n   39    0 1.0000000000 -2.2411494752e+01 -2.2410294177e+01\n   40    0 1.0000000000 -2.2409251803e+01 -2.2407970351e+01\n   41    0 1.0000000000 -2.2406980137e+01 -2.2405623481e+01\n   42    0 1.0000000000 -2.2404681809e+01 -2.2403255928e+01\n   43    0 1.0000000000 -2.2402358921e+01 -2.2400870076e+01\n   44    0 1.0000000000 -2.2400013613e+01 -2.2398468329e+01\n   45    0 1.0000000000 -2.2397648067e+01 -2.2396053104e+01\n   46    0 1.0000000000 -2.2395264502e+01 -2.2393626833e+01\n   47    0 1.0000000000 -2.2392865176e+01 -2.2391191960e+01\n   48    0 1.0000000000 -2.2390452381e+01 -2.2388750936e+01\n   49    0 1.0000000000 -2.2388028444e+01 -2.2386306219e+01\n   50    0 1.0000000000 -2.2385595725e+01 -2.2383860270e+01\n   51    0 1.0000000000 -2.2383156614e+01 -2.2381415552e+01\n   52    0 1.0000000000 -2.2380713531e+01 -2.2378974528e+01\n   53    0 1.0000000000 -2.2378268923e+01 -2.2376539655e+01\n   54    0 1.0000000000 -2.2375825260e+01 -2.2374113384e+01\n   55    0 1.0000000000 -2.2373385036e+01 -2.2371698159e+01\n   56    0 1.0000000000 -2.2370950767e+01 -2.2369296412e+01\n   57    0 1.0000000000 -2.2368524983e+01 -2.2366910561e+01\n   58    0 1.0000000000 -2.2366110233e+01 -2.2364543008e+01\n   59    0 1.0000000000 -2.2363709077e+01 -2.2362196137e+01\n   60    0 1.0000000000 -2.2361324085e+01 -2.2359872312e+01\n   61    0 1.0000000000 -2.2358957834e+01 -2.2357573872e+01\n   62    0 1.0000000000 -2.2356612905e+01 -2.2355303131e+01\n   63    0 1.0000000000 -2.2354291880e+01 -2.2353062377e+01\n   64    0 1.0000000000 -2.2351997337e+01 -2.2350853865e+01\n   65    0 1.0000000000 -2.2349731851e+01 -2.2348679819e+01\n   66    0 1.0000000000 -2.2347497986e+01 -2.2346542428e+01\n   67    0 1.0000000000 -2.2345298292e+01 -2.2344443845e+01\n   68    0 1.0000000000 -2.2343135305e+01 -2.2342386182e+01\n   69    0 1.0000000000 -2.2341011539e+01 -2.2340371511e+01\n   70    0 1.0000000000 -2.2338929483e+01 -2.2338401861e+01\n   71    0 1.0000000000 -2.2336891601e+01 -2.2336479216e+01\n   72    0 1.0000000000 -2.2334900323e+01 -2.2334605510e+01\n   73    0 1.0000000000 -2.2332958041e+01 -2.2332782631e+01\n   74    0 1.0000000000 -2.2331067111e+01 -2.2331012415e+01\n   75    0 1.0000000000 -2.2329229843e+01 -2.2329296643e+01\n   76    0 1.0000000000 -2.2327448496e+01 -2.2327637044e+01\n   77    0 1.0000000000 -2.2325725281e+01 -2.2326035288e+01\n   78    0 1.0000000000 -2.2324062349e+01 -2.2324492989e+01\n   79    0 1.0000000000 -2.2322461792e+01 -2.2323011699e+01\n   80    0 1.0000000000 -2.2320925635e+01 -2.2321592909e+01\n   81    0 1.0000000000 -2.2319455837e+01 -2.2320238049e+01\n   82    0 1.0000000000 -2.2318054283e+01 -2.2318948482e+01\n   83    0 1.0000000000 -2.2316722778e+01 -2.2317725508e+01\n   84    0 1.0000000000 -2.2315463052e+01 -2.2316570357e+01\n   85    0 1.0000000000 -2.2314276747e+01 -2.2315484193e+01\n   86    0 1.0000000000 -2.2313165418e+01 -2.2314468109e+01\n   87    0 1.0000000000 -2.2312130528e+01 -2.2313523129e+01\n   88    0 1.0000000000 -2.2311173447e+01 -2.2312650203e+01\n   89    0 1.0000000000 -2.2310295447e+01 -2.2311850212e+01\n   90    0 1.0000000000 -2.2309497696e+01 -2.2311123960e+01\n   91    0 1.0000000000 -2.2308781265e+01 -2.2310472179e+01\n   92    0 1.0000000000 -2.2308147113e+01 -2.2309895524e+01\n   93    0 1.0000000000 -2.2307596096e+01 -2.2309394578e+01\n   94    0 1.0000000000 -2.2307128955e+01 -2.2308969843e+01\n   95    0 1.0000000000 -2.2306746324e+01 -2.2308621748e+01\n   96    0 1.0000000000 -2.2306448720e+01 -2.2308350644e+01\n   97    0 1.0000000000 -2.2306236548e+01 -2.2308156802e+01\n   98    0 1.0000000000 -2.2306110094e+01 -2.2308040420e+01\n   99    0 1.0000000000 -2.2306069532e+01 -2.2308001612e+01\n  100    0 1.0000000000 -2.2306044197e+01 -2.2307977506e+01\n  101    0 1.0000000000 -2.2305974044e+01 -2.2307905211e+01\n  102    0 1.0000000000 -2.2305859129e+01 -2.2307784801e+01\n  103    0 1.0000000000 -2.2305699551e+01 -2.2307616396e+01\n  104    0 1.0000000000 -2.2305495440e+01 -2.2307400166e+01\n  105    0 1.0000000000 -2.2305246969e+01 -2.2307136329e+01\n  106    0 1.0000000000 -2.2304954345e+01 -2.2306825151e+01\n  107    0 1.0000000000 -2.2304617813e+01 -2.2306466944e+01\n  108    0 1.0000000000 -2.2304237654e+01 -2.2306062070e+01\n  109    0 1.0000000000 -2.2303814188e+01 -2.2305610937e+01\n  110    0 1.0000000000 -2.2303347771e+01 -2.2305113997e+01\n  111    0 1.0000000000 -2.2302838796e+01 -2.2304571753e+01\n  112    0 1.0000000000 -2.2302287691e+01 -2.2303984750e+01\n  113    0 1.0000000000 -2.2301694923e+01 -2.2303353578e+01\n  114    0 1.0000000000 -2.2301060994e+01 -2.2302678874e+01\n  115    0 1.0000000000 -2.2300386441e+01 -2.2301961316e+01\n  116    0 1.0000000000 -2.2299671840e+01 -2.2301201629e+01\n  117    0 1.0000000000 -2.2298917799e+01 -2.2300400575e+01\n  118    0 1.0000000000 -2.2298124964e+01 -2.2299558962e+01\n  119    0 1.0000000000 -2.2297294016e+01 -2.2298677637e+01\n  120    0 1.0000000000 -2.2296425671e+01 -2.2297757489e+01\n  121    0 1.0000000000 -2.2295520677e+01 -2.2296799442e+01\n  122    0 1.0000000000 -2.2294579820e+01 -2.2295804462e+01\n  123    0 1.0000000000 -2.2293603918e+01 -2.2294773552e+01\n  124    0 1.0000000000 -2.2292593823e+01 -2.2293707747e+01\n  125    0 1.0000000000 -2.2291550421e+01 -2.2292608123e+01\n  126    0 1.0000000000 -2.2290474629e+01 -2.2291475786e+01\n  127    0 1.0000000000 -2.2289367397e+01 -2.2290311877e+01\n  128    0 1.0000000000 -2.2288229709e+01 -2.2289117567e+01\n  129    0 1.0000000000 -2.2287062577e+01 -2.2287894058e+01\n  130    0 1.0000000000 -2.2285867048e+01 -2.2286642584e+01\n  131    0 1.0000000000 -2.2284644194e+01 -2.2285364404e+01\n  132    0 1.0000000000 -2.2283395122e+01 -2.2284060804e+01\n  133    0 1.0000000000 -2.2282120965e+01 -2.2282733098e+01\n  134    0 1.0000000000 -2.2280822886e+01 -2.2281382623e+01\n  135    0 1.0000000000 -2.2279502074e+01 -2.2280010738e+01\n  136    0 1.0000000000 -2.2278159747e+01 -2.2278618825e+01\n  137    0 1.0000000000 -2.2276797148e+01 -2.2277208285e+01\n  138    0 1.0000000000 -2.2275415546e+01 -2.2275780539e+01\n  139    0 1.0000000000 -2.2274016235e+01 -2.2274337024e+01\n  140    0 1.0000000000 -2.2272600532e+01 -2.2272879193e+01\n  141    0 1.0000000000 -2.2271169778e+01 -2.2271408515e+01\n  142    0 1.0000000000 -2.2269725333e+01 -2.2269926471e+01\n  143    0 1.0000000000 -2.2268268582e+01 -2.2268434552e+01\n  144    0 1.0000000000 -2.2266800927e+01 -2.2266934261e+01\n  145    0 1.0000000000 -2.2265323790e+01 -2.2265427108e+01\n  146    0 1.0000000000 -2.2263838609e+01 -2.2263914612e+01\n  147    0 1.0000000000 -2.2262346841e+01 -2.2262398295e+01\n  148    0 1.0000000000 -2.2260849955e+01 -2.2260879684e+01\n  149    0 1.0000000000 -2.2259349436e+01 -2.2259360308e+01\n  150    0 1.0000000000 -2.2257846782e+01 -2.2257841697e+01\n  151    0 1.0000000000 -2.2256343499e+01 -2.2256325380e+01\n  152    0 1.0000000000 -2.2254841108e+01 -2.2254812884e+01\n  153    0 1.0000000000 -2.2253341133e+01 -2.2253305732e+01\n  154    0 1.0000000000 -2.2251845108e+01 -2.2251805441e+01\n  155    0 1.0000000000 -2.2250354570e+01 -2.2250313522e+01\n  156    0 1.0000000000 -2.2248871063e+01 -2.2248831478e+01\n  157    0 1.0000000000 -2.2247396130e+01 -2.2247360800e+01\n  158    0 1.0000000000 -2.2245931315e+01 -2.2245902969e+01\n  159    0 1.0000000000 -2.2244478162e+01 -2.2244459454e+01\n  160    0 1.0000000000 -2.2243038209e+01 -2.2243031707e+01\n  161    0 1.0000000000 -2.2241612992e+01 -2.2241621167e+01\n  162    0 1.0000000000 -2.2240204038e+01 -2.2240229254e+01\n  163    0 1.0000000000 -2.2238812867e+01 -2.2238857369e+01\n  164    0 1.0000000000 -2.2237440988e+01 -2.2237506894e+01\n  165    0 1.0000000000 -2.2236089896e+01 -2.2236179188e+01\n  166    0 1.0000000000 -2.2234761075e+01 -2.2234875589e+01\n  167    0 1.0000000000 -2.2233455989e+01 -2.2233597409e+01\n  168    0 1.0000000000 -2.2232176086e+01 -2.2232345934e+01\n  169    0 1.0000000000 -2.2230922792e+01 -2.2231122426e+01\n  170    0 1.0000000000 -2.2229697512e+01 -2.2229928116e+01\n  171    0 1.0000000000 -2.2228501626e+01 -2.2228764206e+01\n  172    0 1.0000000000 -2.2227336489e+01 -2.2227631869e+01\n  173    0 1.0000000000 -2.2226203426e+01 -2.2226532245e+01\n  174    0 1.0000000000 -2.2225103731e+01 -2.2225466441e+01\n  175    0 1.0000000000 -2.2224038669e+01 -2.2224435530e+01\n  176    0 1.0000000000 -2.2223009468e+01 -2.2223440551e+01\n  177    0 1.0000000000 -2.2222017320e+01 -2.2222482504e+01\n  178    0 1.0000000000 -2.2221063381e+01 -2.2221562355e+01\n  179    0 1.0000000000 -2.2220148764e+01 -2.2220681031e+01\n  180    0 1.0000000000 -2.2219274542e+01 -2.2219839418e+01\n  181    0 1.0000000000 -2.2218441745e+01 -2.2219038364e+01\n  182    0 1.0000000000 -2.2217651357e+01 -2.2218278676e+01\n  183    0 1.0000000000 -2.2216904315e+01 -2.2217561119e+01\n  184    0 1.0000000000 -2.2216201508e+01 -2.2216886415e+01\n  185    0 1.0000000000 -2.2215543774e+01 -2.2216255243e+01\n  186    0 1.0000000000 -2.2214931899e+01 -2.2215668240e+01\n  187    0 1.0000000000 -2.2214366619e+01 -2.2215125995e+01\n  188    0 1.0000000000 -2.2213848614e+01 -2.2214629056e+01\n  189    0 1.0000000000 -2.2213378506e+01 -2.2214177922e+01\n  190    0 1.0000000000 -2.2212956866e+01 -2.2213773048e+01\n  191    0 1.0000000000 -2.2212584202e+01 -2.2213414842e+01\n  192    0 1.0000000000 -2.2212260966e+01 -2.2213103664e+01\n  193    0 1.0000000000 -2.2211987551e+01 -2.2212839827e+01\n  194    0 1.0000000000 -2.2211764290e+01 -2.2212623597e+01\n  195    0 1.0000000000 -2.2211591454e+01 -2.2212455192e+01\n  196    0 1.0000000000 -2.2211469252e+01 -2.2212334782e+01\n  197    0 1.0000000000 -2.2211397835e+01 -2.2212262487e+01\n  198    0 1.0000000000 -2.2211377289e+01 -2.2212238380e+01\n  199    0 1.0000000000 -2.2211425003e+01 -2.2212286597e+01\n  200    0 1.0000000000 -2.2211574517e+01 -2.2212431242e+01\n  201    0 1.0000000000 -2.2211825818e+01 -2.2212672303e+01\n  202    0 1.0000000000 -2.2212178885e+01 -2.2213009759e+01\n  203    0 1.0000000000 -2.2212633685e+01 -2.2213443577e+01\n  204    0 1.0000000000 -2.2213190172e+01 -2.2213973715e+01\n  205    0 1.0000000000 -2.2213848286e+01 -2.2214600117e+01\n  206    0 1.0000000000 -2.2214607948e+01 -2.2215322715e+01\n  207    0 1.0000000000 -2.2215469059e+01 -2.2216141420e+01\n  208    0 1.0000000000 -2.2216431495e+01 -2.2217056128e+01\n  209    0 1.0000000000 -2.2217495102e+01 -2.2218066710e+01\n  210    0 1.0000000000 -2.2218659696e+01 -2.2219173014e+01\n  211    0 1.0000000000 -2.2219925051e+01 -2.2220374857e+01\n  212    0 1.0000000000 -2.2221290902e+01 -2.2221672028e+01\n  213    0 1.0000000000 -2.2222756932e+01 -2.2223064278e+01\n  214    0 1.0000000000 -2.2224322772e+01 -2.2224551316e+01\n  215    0 1.0000000000 -2.2225987992e+01 -2.2226132811e+01\n  216    0 1.0000000000 -2.2227752097e+01 -2.2227808382e+01\n  217    0 1.0000000000 -2.2229614519e+01 -2.2229577594e+01\n  218    0 1.0000000000 -2.2231574611e+01 -2.2231439957e+01\n  219    0 1.0000000000 -2.2233631644e+01 -2.2233394918e+01\n  220    0 1.0000000000 -2.2235784796e+01 -2.2235441855e+01\n  221    0 1.0000000000 -2.2238033149e+01 -2.2237580077e+01\n  222    0 1.0000000000 -2.2240375682e+01 -2.2239808816e+01\n  223    0 1.0000000000 -2.2242811265e+01 -2.2242127222e+01\n  224    0 1.0000000000 -2.2245338655e+01 -2.2244534359e+01\n  225    0 1.0000000000 -2.2247956489e+01 -2.2247029201e+01\n  226    0 1.0000000000 -2.2250663282e+01 -2.2249610626e+01\n  227    0 1.0000000000 -2.2253457416e+01 -2.2252277411e+01\n  228    0 1.0000000000 -2.2256337145e+01 -2.2255028231e+01\n  229    0 1.0000000000 -2.2259300583e+01 -2.2257861653e+01\n  230    0 1.0000000000 -2.2262345709e+01 -2.2260776129e+01\n  231    0 1.0000000000 -2.2265470356e+01 -2.2263769998e+01\n  232    0 1.0000000000 -2.2268672215e+01 -2.2266841478e+01\n  233    0 1.0000000000 -2.2271948834e+01 -2.2269988665e+01\n  234    0 1.0000000000 -2.2275297612e+01 -2.2273209529e+01\n  235    0 1.0000000000 -2.2278715804e+01 -2.2276501913e+01\n  236    0 1.0000000000 -2.2282200522e+01 -2.2279863529e+01\n  237    0 1.0000000000 -2.2285748730e+01 -2.2283291959e+01\n  238    0 1.0000000000 -2.2289357255e+01 -2.2286784647e+01\n  239    0 1.0000000000 -2.2293022782e+01 -2.2290338909e+01\n  240    0 1.0000000000 -2.2296741860e+01 -2.2293951920e+01\n  241    0 1.0000000000 -2.2300510909e+01 -2.2297620722e+01\n  242    0 1.0000000000 -2.2304326218e+01 -2.2301342224e+01\n  243    0 1.0000000000 -2.2308183957e+01 -2.2305113197e+01\n  244    0 1.0000000000 -2.2312080178e+01 -2.2308930281e+01\n  245    0 1.0000000000 -2.2316010823e+01 -2.2312789984e+01\n  246    0 1.0000000000 -2.2319971730e+01 -2.2316688684e+01\n  247    0 1.0000000000 -2.2323958640e+01 -2.2320622633e+01\n  248    0 1.0000000000 -2.2327967207e+01 -2.2324587958e+01\n  249    0 1.0000000000 -2.2331993001e+01 -2.2328580666e+01\n  250    0 1.0000000000 -2.2336031522e+01 -2.2332596648e+01\n  251    0 1.0000000000 -2.2340078203e+01 -2.2336631684e+01\n  252    0 1.0000000000 -2.2344128423e+01 -2.2340681446e+01\n  253    0 1.0000000000 -2.2348177513e+01 -2.2344741505e+01\n  254    0 1.0000000000 -2.2352220766e+01 -2.2348807335e+01\n  255    0 1.0000000000 -2.2356253447e+01 -2.2352874324e+01\n  256    0 1.0000000000 -2.2360270798e+01 -2.2356937775e+01\n  257    0 1.0000000000 -2.2364268054e+01 -2.2360992916e+01\n  258    0 1.0000000000 -2.2368240446e+01 -2.2365034908e+01\n  259    0 1.0000000000 -2.2372183213e+01 -2.2369058852e+01\n  260    0 1.0000000000 -2.2376091608e+01 -2.2373059796e+01\n  261    0 1.0000000000 -2.2379960910e+01 -2.2377032747e+01\n  262    0 1.0000000000 -2.2383786432e+01 -2.2380972677e+01\n  263    0 1.0000000000 -2.2387563526e+01 -2.2384874533e+01\n  264    0 1.0000000000 -2.2391287595e+01 -2.2388733246e+01\n  265    0 1.0000000000 -2.2394954099e+01 -2.2392543743e+01\n  266    0 1.0000000000 -2.2398558561e+01 -2.2396300954e+01\n  267    0 1.0000000000 -2.2402096579e+01 -2.2399999822e+01\n  268    0 1.0000000000 -2.2405563827e+01 -2.2403635318e+01\n  269    0 1.0000000000 -2.2408956066e+01 -2.2407202444e+01\n  270    0 1.0000000000 -2.2412269149e+01 -2.2410696250e+01\n  271    0 1.0000000000 -2.2415499028e+01 -2.2414111839e+01\n  272    0 1.0000000000 -2.2418641757e+01 -2.2417444383e+01\n  273    0 1.0000000000 -2.2421693501e+01 -2.2420689128e+01\n  274    0 1.0000000000 -2.2424650539e+01 -2.2423841410e+01\n  275    0 1.0000000000 -2.2427509268e+01 -2.2426896658e+01\n  276    0 1.0000000000 -2.2430266211e+01 -2.2429850413e+01\n  277    0 1.0000000000 -2.2432918018e+01 -2.2432698331e+01\n  278    0 1.0000000000 -2.2435461473e+01 -2.2435436196e+01\n  279    0 1.0000000000 -2.2437893494e+01 -2.2438059929e+01\n  280    0 1.0000000000 -2.2440211138e+01 -2.2440565599e+01\n  281    0 1.0000000000 -2.2442411608e+01 -2.2442949429e+01\n  282    0 1.0000000000 -2.2444492249e+01 -2.2445207807e+01\n  283    0 1.0000000000 -2.2446450557e+01 -2.2447337294e+01\n  284    0 1.0000000000 -2.2448284177e+01 -2.2449334634e+01\n  285    0 1.0000000000 -2.2449990907e+01 -2.2451196758e+01\n  286    0 1.0000000000 -2.2451568703e+01 -2.2452920794e+01\n  287    0 1.0000000000 -2.2453015675e+01 -2.2454504073e+01\n  288    0 1.0000000000 -2.2454330094e+01 -2.2455944137e+01\n  289    0 1.0000000000 -2.2455510390e+01 -2.2457238742e+01\n  290    0 1.0000000000 -2.2456555155e+01 -2.2458385866e+01\n  291    0 1.0000000000 -2.2457463145e+01 -2.2459383713e+01\n  292    0 1.0000000000 -2.2458233278e+01 -2.2460230718e+01\n  293    0 1.0000000000 -2.2458864639e+01 -2.2460925549e+01\n  294    0 1.0000000000 -2.2459356477e+01 -2.2461467112e+01\n  295    0 1.0000000000 -2.2459708207e+01 -2.2461854555e+01\n  296    0 1.0000000000 -2.2459919413e+01 -2.2462087265e+01\n  297    0 1.0000000000 -2.2459989843e+01 -2.2462164876e+01\n