SINGLE-ORBITAL NN+NNN EFFECTIVE MODEL FIT

m=7
eon=0.0
t0=1.0
l_decay=0.3
dl=0.1
pairing=./m=7/pairing.txt
microscopic_orbitals=100

E_eff(k) = eps0 + 2*t1[cos(k.u1)+cos(k.u2)] + 4*t2*cos(k.u1)*cos(k.u2)

eps0     = -2.25988713476481e+01
t1       = -3.28430478579084e-02
t2       = -8.42836287392802e-03

RMSE=1.63997224974789e-02
MAE=1.41804203070631e-02
max_abs_error=3.02996479942941e-02
optimizer_success=True
optimizer_message=Linear least-squares solution
minimum_tracking_continuity=1.0000000000
mean_tracking_continuity=1.0000000000

# k_index idx continuity target fit\n    0    0 1.0000000000 -2.2746518199e+01 -2.2763956991e+01\n    1    0 1.0000000000 -2.2746489941e+01 -2.2763906947e+01\n    2    0 1.0000000000 -2.2746405179e+01 -2.2763756867e+01\n    3    0 1.0000000000 -2.2746263940e+01 -2.2763506902e+01\n    4    0 1.0000000000 -2.2746066273e+01 -2.2763157303e+01\n    5    0 1.0000000000 -2.2745812246e+01 -2.2762708422e+01\n    6    0 1.0000000000 -2.2745501946e+01 -2.2762160711e+01\n    7    0 1.0000000000 -2.2745135478e+01 -2.2761514723e+01\n    8    0 1.0000000000 -2.2744712969e+01 -2.2760771106e+01\n    9    0 1.0000000000 -2.2744234562e+01 -2.2759930610e+01\n   10    0 1.0000000000 -2.2743700422e+01 -2.2758994082e+01\n   11    0 1.0000000000 -2.2743110732e+01 -2.2757962464e+01\n   12    0 1.0000000000 -2.2742465693e+01 -2.2756836796e+01\n   13    0 1.0000000000 -2.2741765527e+01 -2.2755618209e+01\n   14    0 1.0000000000 -2.2741010475e+01 -2.2754307932e+01\n   15    0 1.0000000000 -2.2740200795e+01 -2.2752907285e+01\n   16    0 1.0000000000 -2.2739336767e+01 -2.2751417676e+01\n   17    0 1.0000000000 -2.2738418686e+01 -2.2749840606e+01\n   18    0 1.0000000000 -2.2737446870e+01 -2.2748177664e+01\n   19    0 1.0000000000 -2.2736421652e+01 -2.2746430523e+01\n   20    0 1.0000000000 -2.2735343386e+01 -2.2744600942e+01\n   21    0 1.0000000000 -2.2734212445e+01 -2.2742690765e+01\n   22    0 1.0000000000 -2.2733029219e+01 -2.2740701914e+01\n   23    0 1.0000000000 -2.2731794117e+01 -2.2738636392e+01\n   24    0 1.0000000000 -2.2730507566e+01 -2.2736496279e+01\n   25    0 1.0000000000 -2.2729170012e+01 -2.2734283730e+01\n   26    0 1.0000000000 -2.2727781919e+01 -2.2732000972e+01\n   27    0 1.0000000000 -2.2726343769e+01 -2.2729650304e+01\n   28    0 1.0000000000 -2.2724856062e+01 -2.2727234093e+01\n   29    0 1.0000000000 -2.2723319314e+01 -2.2724754772e+01\n   30    0 1.0000000000 -2.2721734063e+01 -2.2722214838e+01\n   31    0 1.0000000000 -2.2720100860e+01 -2.2719616847e+01\n   32    0 1.0000000000 -2.2718420275e+01 -2.2716963416e+01\n   33    0 1.0000000000 -2.2716692897e+01 -2.2714257217e+01\n   34    0 1.0000000000 -2.2714919329e+01 -2.2711500974e+01\n   35    0 1.0000000000 -2.2713100193e+01 -2.2708697464e+01\n   36    0 1.0000000000 -2.2711236128e+01 -2.2705849508e+01\n   37    0 1.0000000000 -2.2709327787e+01 -2.2702959974e+01\n   38    0 1.0000000000 -2.2707375843e+01 -2.2700031772e+01\n   39    0 1.0000000000 -2.2705380983e+01 -2.2697067851e+01\n   40    0 1.0000000000 -2.2703343909e+01 -2.2694071194e+01\n   41    0 1.0000000000 -2.2701265342e+01 -2.2691044820e+01\n   42    0 1.0000000000 -2.2699146014e+01 -2.2687991775e+01\n   43    0 1.0000000000 -2.2696986676e+01 -2.2684915133e+01\n   44    0 1.0000000000 -2.2694788093e+01 -2.2681817994e+01\n   45    0 1.0000000000 -2.2692551045e+01 -2.2678703474e+01\n   46    0 1.0000000000 -2.2690276324e+01 -2.2675574710e+01\n   47    0 1.0000000000 -2.2687964740e+01 -2.2672434853e+01\n   48    0 1.0000000000 -2.2685617115e+01 -2.2669287064e+01\n   49    0 1.0000000000 -2.2683234284e+01 -2.2666134513e+01\n   50    0 1.0000000000 -2.2680817095e+01 -2.2662980374e+01\n   51    0 1.0000000000 -2.2678366412e+01 -2.2659827822e+01\n   52    0 1.0000000000 -2.2675883109e+01 -2.2656680034e+01\n   53    0 1.0000000000 -2.2673368072e+01 -2.2653540176e+01\n   54    0 1.0000000000 -2.2670822201e+01 -2.2650411413e+01\n   55    0 1.0000000000 -2.2668246405e+01 -2.2647296893e+01\n   56    0 1.0000000000 -2.2665641605e+01 -2.2644199753e+01\n   57    0 1.0000000000 -2.2663008735e+01 -2.2641123112e+01\n   58    0 1.0000000000 -2.2660348737e+01 -2.2638070067e+01\n   59    0 1.0000000000 -2.2657662563e+01 -2.2635043692e+01\n   60    0 1.0000000000 -2.2654951174e+01 -2.2632047036e+01\n   61    0 1.0000000000 -2.2652215542e+01 -2.2629083115e+01\n   62    0 1.0000000000 -2.2649456647e+01 -2.2626154913e+01\n   63    0 1.0000000000 -2.2646675476e+01 -2.2623265379e+01\n   64    0 1.0000000000 -2.2643873024e+01 -2.2620417423e+01\n   65    0 1.0000000000 -2.2641050293e+01 -2.2617613912e+01\n   66    0 1.0000000000 -2.2638208293e+01 -2.2614857670e+01\n   67    0 1.0000000000 -2.2635348037e+01 -2.2612151471e+01\n   68    0 1.0000000000 -2.2632470548e+01 -2.2609498040e+01\n   69    0 1.0000000000 -2.2629576850e+01 -2.2606900049e+01\n   70    0 1.0000000000 -2.2626667973e+01 -2.2604360115e+01\n   71    0 1.0000000000 -2.2623744951e+01 -2.2601880794e+01\n   72    0 1.0000000000 -2.2620808821e+01 -2.2599464583e+01\n   73    0 1.0000000000 -2.2617860623e+01 -2.2597113915e+01\n   74    0 1.0000000000 -2.2614901399e+01 -2.2594831157e+01\n   75    0 1.0000000000 -2.2611932191e+01 -2.2592618608e+01\n   76    0 1.0000000000 -2.2608954046e+01 -2.2590478495e+01\n   77    0 1.0000000000 -2.2605968006e+01 -2.2588412973e+01\n   78    0 1.0000000000 -2.2602975117e+01 -2.2586424122e+01\n   79    0 1.0000000000 -2.2599976420e+01 -2.2584513944e+01\n   80    0 1.0000000000 -2.2596972959e+01 -2.2582684364e+01\n   81    0 1.0000000000 -2.2593965771e+01 -2.2580937223e+01\n   82    0 1.0000000000 -2.2590955893e+01 -2.2579274281e+01\n   83    0 1.0000000000 -2.2587944359e+01 -2.2577697211e+01\n   84    0 1.0000000000 -2.2584932195e+01 -2.2576207602e+01\n   85    0 1.0000000000 -2.2581920425e+01 -2.2574806954e+01\n   86    0 1.0000000000 -2.2578910068e+01 -2.2573496677e+01\n   87    0 1.0000000000 -2.2575902133e+01 -2.2572278091e+01\n   88    0 1.0000000000 -2.2572897627e+01 -2.2571152422e+01\n   89    0 1.0000000000 -2.2569897546e+01 -2.2570120804e+01\n   90    0 1.0000000000 -2.2566902878e+01 -2.2569184276e+01\n   91    0 1.0000000000 -2.2563914603e+01 -2.2568343781e+01\n   92    0 1.0000000000 -2.2560933691e+01 -2.2567600164e+01\n   93    0 1.0000000000 -2.2557961102e+01 -2.2566954175e+01\n   94    0 1.0000000000 -2.2554997784e+01 -2.2566406465e+01\n   95    0 1.0000000000 -2.2552044676e+01 -2.2565957584e+01\n   96    0 1.0000000000 -2.2549102703e+01 -2.2565607985e+01\n   97    0 1.0000000000 -2.2546172776e+01 -2.2565358020e+01\n   98    0 1.0000000000 -2.2543255795e+01 -2.2565207940e+01\n   99    0 1.0000000000 -2.2540352646e+01 -2.2565157896e+01\n  100    0 1.0000000000 -2.2540342320e+01 -2.2565141799e+01\n  101    0 1.0000000000 -2.2540311352e+01 -2.2565093525e+01\n  102    0 1.0000000000 -2.2540259770e+01 -2.2565013122e+01\n  103    0 1.0000000000 -2.2540187621e+01 -2.2564900670e+01\n  104    0 1.0000000000 -2.2540094970e+01 -2.2564756284e+01\n  105    0 1.0000000000 -2.2539981903e+01 -2.2564580109e+01\n  106    0 1.0000000000 -2.2539848522e+01 -2.2564372321e+01\n  107    0 1.0000000000 -2.2539694950e+01 -2.2564133131e+01\n  108    0 1.0000000000 -2.2539521326e+01 -2.2563862779e+01\n  109    0 1.0000000000 -2.2539327810e+01 -2.2563561538e+01\n  110    0 1.0000000000 -2.2539114578e+01 -2.2563229710e+01\n  111    0 1.0000000000 -2.2538881826e+01 -2.2562867630e+01\n  112    0 1.0000000000 -2.2538629767e+01 -2.2562475662e+01\n  113    0 1.0000000000 -2.2538358633e+01 -2.2562054201e+01\n  114    0 1.0000000000 -2.2538068672e+01 -2.2561603672e+01\n  115    0 1.0000000000 -2.2537760153e+01 -2.2561124527e+01\n  116    0 1.0000000000 -2.2537433358e+01 -2.2560617250e+01\n  117    0 1.0000000000 -2.2537088591e+01 -2.2560082352e+01\n  118    0 1.0000000000 -2.2536726169e+01 -2.2559520370e+01\n  119    0 1.0000000000 -2.2536346428e+01 -2.2558931871e+01\n  120    0 1.0000000000 -2.2535949720e+01 -2.2558317448e+01\n  121    0 1.0000000000 -2.2535536414e+01 -2.2557677718e+01\n  122    0 1.0000000000 -2.2535106894e+01 -2.2557013327e+01\n  123    0 1.0000000000 -2.2534661562e+01 -2.2556324943e+01\n  124    0 1.0000000000 -2.2534200833e+01 -2.2555613259e+01\n  125    0 1.0000000000 -2.2533725140e+01 -2.2554878992e+01\n  126    0 1.0000000000 -2.2533234927e+01 -2.2554122881e+01\n  127    0 1.0000000000 -2.2532730658e+01 -2.2553345688e+01\n  128    0 1.0000000000 -2.2532212806e+01 -2.2552548195e+01\n  129    0 1.0000000000 -2.2531681862e+01 -2.2551731205e+01\n  130    0 1.0000000000 -2.2531138329e+01 -2.2550895541e+01\n  131    0 1.0000000000 -2.2530582722e+01 -2.2550042044e+01\n  132    0 1.0000000000 -2.2530015571e+01 -2.2549171574e+01\n  133    0 1.0000000000 -2.2529437417e+01 -2.2548285007e+01\n  134    0 1.0000000000 -2.2528848815e+01 -2.2547383236e+01\n  135    0 1.0000000000 -2.2528250328e+01 -2.2546467168e+01\n  136    0 1.0000000000 -2.2527642532e+01 -2.2545537727e+01\n  137    0 1.0000000000 -2.2527026016e+01 -2.2544595848e+01\n  138    0 1.0000000000 -2.2526401374e+01 -2.2543642480e+01\n  139    0 1.0000000000 -2.2525769214e+01 -2.2542678581e+01\n  140    0 1.0000000000 -2.2525130151e+01 -2.2541705124e+01\n  141    0 1.0000000000 -2.2524484810e+01 -2.2540723088e+01\n  142    0 1.0000000000 -2.2523833821e+01 -2.2539733463e+01\n  143    0 1.0000000000 -2.2523177826e+01 -2.2538737243e+01\n  144    0 1.0000000000 -2.2522517469e+01 -2.2537735434e+01\n  145    0 1.0000000000 -2.2521853405e+01 -2.2536729042e+01\n  146    0 1.0000000000 -2.2521186292e+01 -2.2535719083e+01\n  147    0 1.0000000000 -2.2520516792e+01 -2.2534706572e+01\n  148    0 1.0000000000 -2.2519845575e+01 -2.2533692529e+01\n  149    0 1.0000000000 -2.2519173311e+01 -2.2532677975e+01\n  150    0 1.0000000000 -2.2518500677e+01 -2.2531663932e+01\n  151    0 1.0000000000 -2.2517828349e+01 -2.2530651421e+01\n  152    0 1.0000000000 -2.2517157007e+01 -2.2529641462e+01\n  153    0 1.0000000000 -2.2516487332e+01 -2.2528635070e+01\n  154    0 1.0000000000 -2.2515820004e+01 -2.2527633261e+01\n  155    0 1.0000000000 -2.2515155704e+01 -2.2526637041e+01\n  156    0 1.0000000000 -2.2514495113e+01 -2.2525647415e+01\n  157    0 1.0000000000 -2.2513838908e+01 -2.2524665379e+01\n  158    0 1.0000000000 -2.2513187764e+01 -2.2523691922e+01\n  159    0 1.0000000000 -2.2512542356e+01 -2.2522728024e+01\n  160    0 1.0000000000 -2.2511903350e+01 -2.2521774656e+01\n  161    0 1.0000000000 -2.2511271412e+01 -2.2520832777e+01\n  162    0 1.0000000000 -2.2510647200e+01 -2.2519903336e+01\n  163    0 1.0000000000 -2.2510031366e+01 -2.2518987268e+01\n  164    0 1.0000000000 -2.2509424558e+01 -2.2518085497e+01\n  165    0 1.0000000000 -2.2508827411e+01 -2.2517198930e+01\n  166    0 1.0000000000 -2.2508240558e+01 -2.2516328460e+01\n  167    0 1.0000000000 -2.2507664617e+01 -2.2515474963e+01\n  168    0 1.0000000000 -2.2507100201e+01 -2.2514639299e+01\n  169    0 1.0000000000 -2.2506547909e+01 -2.2513822309e+01\n  170    0 1.0000000000 -2.2506008330e+01 -2.2513024816e+01\n  171    0 1.0000000000 -2.2505482041e+01 -2.2512247623e+01\n  172    0 1.0000000000 -2.2504969606e+01 -2.2511491512e+01\n  173    0 1.0000000000 -2.2504471576e+01 -2.2510757245e+01\n  174    0 1.0000000000 -2.2503988487e+01 -2.2510045561e+01\n  175    0 1.0000000000 -2.2503520861e+01 -2.2509357177e+01\n  176    0 1.0000000000 -2.2503069204e+01 -2.2508692785e+01\n  177    0 1.0000000000 -2.2502634005e+01 -2.2508053056e+01\n  178    0 1.0000000000 -2.2502215738e+01 -2.2507438632e+01\n  179    0 1.0000000000 -2.2501814857e+01 -2.2506850134e+01\n  180    0 1.0000000000 -2.2501431801e+01 -2.2506288152e+01\n  181    0 1.0000000000 -2.2501066989e+01 -2.2505753254e+01\n  182    0 1.0000000000 -2.2500720818e+01 -2.2505245977e+01\n  183    0 1.0000000000 -2.2500393671e+01 -2.2504766832e+01\n  184    0 1.0000000000 -2.2500085905e+01 -2.2504316303e+01\n  185    0 1.0000000000 -2.2499797860e+01 -2.2503894842e+01\n  186    0 1.0000000000 -2.2499529853e+01 -2.2503502874e+01\n  187    0 1.0000000000 -2.2499282179e+01 -2.2503140794e+01\n  188    0 1.0000000000 -2.2499055114e+01 -2.2502808966e+01\n  189    0 1.0000000000 -2.2498848906e+01 -2.2502507724e+01\n  190    0 1.0000000000 -2.2498663786e+01 -2.2502237372e+01\n  191    0 1.0000000000 -2.2498499958e+01 -2.2501998182e+01\n  192    0 1.0000000000 -2.2498357603e+01 -2.2501790395e+01\n  193    0 1.0000000000 -2.2498236881e+01 -2.2501614220e+01\n  194    0 1.0000000000 -2.2498137925e+01 -2.2501469834e+01\n  195    0 1.0000000000 -2.2498060844e+01 -2.2501357382e+01\n  196    0 1.0000000000 -2.2498005725e+01 -2.2501276979e+01\n  197    0 1.0000000000 -2.2497972629e+01 -2.2501228705e+01\n  198    0 1.0000000000 -2.2497961593e+01 -2.2501212608e+01\n  199    0 1.0000000000 -2.2498031484e+01 -2.2501244810e+01\n  200    0 1.0000000000 -2.2498241061e+01 -2.2501341487e+01\n  201    0 1.0000000000 -2.2498590031e+01 -2.2501502848e+01\n  202    0 1.0000000000 -2.2499077909e+01 -2.2501729242e+01\n  203    0 1.0000000000 -2.2499704018e+01 -2.2502021151e+01\n  204    0 1.0000000000 -2.2500467488e+01 -2.2502379192e+01\n  205    0 1.0000000000 -2.2501367263e+01 -2.2502804110e+01\n  206    0 1.0000000000 -2.2502402100e+01 -2.2503296771e+01\n  207    0 1.0000000000 -2.2503570573e+01 -2.2503858159e+01\n  208    0 1.0000000000 -2.2504871080e+01 -2.2504489369e+01\n  209    0 1.0000000000 -2.2506301840e+01 -2.2505191596e+01\n  210    0 1.0000000000 -2.2507860903e+01 -2.2505966130e+01\n  211    0 1.0000000000 -2.2509546155e+01 -2.2506814345e+01\n  212    0 1.0000000000 -2.2511355319e+01 -2.2507737689e+01\n  213    0 1.0000000000 -2.2513285965e+01 -2.2508737673e+01\n  214    0 1.0000000000 -2.2515335511e+01 -2.2509815861e+01\n  215    0 1.0000000000 -2.2517501233e+01 -2.2510973856e+01\n  216    0 1.0000000000 -2.2519780270e+01 -2.2512213290e+01\n  217    0 1.0000000000 -2.2522169629e+01 -2.2513535809e+01\n  218    0 1.0000000000 -2.2524666196e+01 -2.2514943060e+01\n  219    0 1.0000000000 -2.2527266735e+01 -2.2516436679e+01\n  220    0 1.0000000000 -2.2529967901e+01 -2.2518018276e+01\n  221    0 1.0000000000 -2.2532766249e+01 -2.2519689419e+01\n  222    0 1.0000000000 -2.2535658231e+01 -2.2521451622e+01\n  223    0 1.0000000000 -2.2538640214e+01 -2.2523306332e+01\n  224    0 1.0000000000 -2.2541708481e+01 -2.2525254910e+01\n  225    0 1.0000000000 -2.2544859240e+01 -2.2527298621e+01\n  226    0 1.0000000000 -2.2548088629e+01 -2.2529438618e+01\n  227    0 1.0000000000 -2.2551392726e+01 -2.2531675926e+01\n  228    0 1.0000000000 -2.2554767552e+01 -2.2534011431e+01\n  229    0 1.0000000000 -2.2558209082e+01 -2.2536445867e+01\n  230    0 1.0000000000 -2.2561713248e+01 -2.2538979799e+01\n  231    0 1.0000000000 -2.2565275948e+01 -2.2541613615e+01\n  232    0 1.0000000000 -2.2568893051e+01 -2.2544347509e+01\n  233    0 1.0000000000 -2.2572560403e+01 -2.2547181473e+01\n  234    0 1.0000000000 -2.2576273833e+01 -2.2550115285e+01\n  235    0 1.0000000000 -2.2580029160e+01 -2.2553148498e+01\n  236    0 1.0000000000 -2.2583822198e+01 -2.2556280430e+01\n  237    0 1.0000000000 -2.2587648761e+01 -2.2559510157e+01\n  238    0 1.0000000000 -2.2591504667e+01 -2.2562836503e+01\n  239    0 1.0000000000 -2.2595385746e+01 -2.2566258033e+01\n  240    0 1.0000000000 -2.2599287845e+01 -2.2569773050e+01\n  241    0 1.0000000000 -2.2603206826e+01 -2.2573379584e+01\n  242    0 1.0000000000 -2.2607138581e+01 -2.2577075391e+01\n  243    0 1.0000000000 -2.2611079026e+01 -2.2580857951e+01\n  244    0 1.0000000000 -2.2615024112e+01 -2.2584724464e+01\n  245    0 1.0000000000 -2.2618969825e+01 -2.2588671846e+01\n  246    0 1.0000000000 -2.2622912193e+01 -2.2592696736e+01\n  247    0 1.0000000000 -2.2626847284e+01 -2.2596795488e+01\n  248    0 1.0000000000 -2.2630771215e+01 -2.2600964181e+01\n  249    0 1.0000000000 -2.2634680152e+01 -2.2605198617e+01\n  250    0 1.0000000000 -2.2638570313e+01 -2.2609494327e+01\n  251    0 1.0000000000 -2.2642437971e+01 -2.2613846578e+01\n  252    0 1.0000000000 -2.2646279457e+01 -2.2618250376e+01\n  253    0 1.0000000000 -2.2650091161e+01 -2.2622700474e+01\n  254    0 1.0000000000 -2.2653869536e+01 -2.2627191385e+01\n  255    0 1.0000000000 -2.2657611098e+01 -2.2631717386e+01\n  256    0 1.0000000000 -2.2661312430e+01 -2.2636272531e+01\n  257    0 1.0000000000 -2.2664970181e+01 -2.2640850664e+01\n  258    0 1.0000000000 -2.2668581071e+01 -2.2645445427e+01\n  259    0 1.0000000000 -2.2672141891e+01 -2.2650050280e+01\n  260    0 1.0000000000 -2.2675649502e+01 -2.2654658509e+01\n  261    0 1.0000000000 -2.2679100839e+01 -2.2659263246e+01\n  262    0 1.0000000000 -2.2682492913e+01 -2.2663857481e+01\n  263    0 1.0000000000 -2.2685822810e+01 -2.2668434081e+01\n  264    0 1.0000000000 -2.2689087690e+01 -2.2672985806e+01\n  265    0 1.0000000000 -2.2692284795e+01 -2.2677505329e+01\n  266    0 1.0000000000 -2.2695411440e+01 -2.2681985252e+01\n  267    0 1.0000000000 -2.2698465023e+01 -2.2686418126e+01\n  268    0 1.0000000000 -2.2701443019e+01 -2.2690796469e+01\n  269    0 1.0000000000 -2.2704342984e+01 -2.2695112789e+01\n  270    0 1.0000000000 -2.2707162555e+01 -2.2699359601e+01\n  271    0 1.0000000000 -2.2709899448e+01 -2.2703529447e+01\n  272    0 1.0000000000 -2.2712551462e+01 -2.2707614918e+01\n  273    0 1.0000000000 -2.2715116478e+01 -2.2711608675e+01\n  274    0 1.0000000000 -2.2717592458e+01 -2.2715503466e+01\n  275    0 1.0000000000 -2.2719977447e+01 -2.2719292150e+01\n  276    0 1.0000000000 -2.2722269571e+01 -2.2722967715e+01\n  277    0 1.0000000000 -2.2724467041e+01 -2.2726523297e+01\n  278    0 1.0000000000 -2.2726568149e+01 -2.2729952204e+01\n  279    0 1.0000000000 -2.2728571272e+01 -2.2733247930e+01\n  280    0 1.0000000000 -2.2730474866e+01 -2.2736404179e+01\n  281    0 1.0000000000 -2.2732277475e+01 -2.2739414876e+01\n  282    0 1.0000000000 -2.2733977723e+01 -2.2742274194e+01\n  283    0 1.0000000000 -2.2735574319e+01 -2.2744976565e+01\n  284    0 1.0000000000 -2.2737066054e+01 -2.2747516696e+01\n  285    0 1.0000000000 -2.2738451804e+01 -2.2749889589e+01\n  286    0 1.0000000000 -2.2739730526e+01 -2.2752090553e+01\n  287    0 1.0000000000 -2.2740901263e+01 -2.2754115218e+01\n  288    0 1.0000000000 -2.2741963139e+01 -2.2755959548e+01\n  289    0 1.0000000000 -2.2742915363e+01 -2.2757619855e+01\n  290    0 1.0000000000 -2.2743757226e+01 -2.2759092807e+01\n  291    0 1.0000000000 -2.2744488105e+01 -2.2760375442e+01\n  292    0 1.0000000000 -2.2745107457e+01 -2.2761465172e+01\n  293    0 1.0000000000 -2.2745614824e+01 -2.2762359797e+01\n  294    0 1.0000000000 -2.2746009832e+01 -2.2763057504e+01\n  295    0 1.0000000000 -2.2746292189e+01 -2.2763556880e+01\n  296    0 1.0000000000 -2.2746461686e+01 -2.2763856912e+01\n  297    0 1.0000000000 -2.2746518199e+01 -2.2763956991e+01\n