SINGLE-ORBITAL NN+NNN EFFECTIVE MODEL FIT

m=2
eon=0.0
t0=1.0
l_decay=3.5
dl=0.1
pairing=./m=2/pairing.txt
microscopic_orbitals=10

E_eff(k) = eps0 + 2*t1[cos(k.u1)+cos(k.u2)] + 4*t2*cos(k.u1)*cos(k.u2)

eps0     = -1.27855976385243e+01
t1       = -6.68413058516987e+00
t2       = -3.86573559655604e+00

RMSE=2.12638175630513e+00
MAE=1.78686330714312e+00
max_abs_error=4.44888249585127e+00
optimizer_success=True
optimizer_message=Linear least-squares solution
minimum_tracking_continuity=1.0000000000
mean_tracking_continuity=1.0000000000

# k_index idx continuity target fit\n    0    0 1.0000000000 -5.7352723278e+01 -5.4985062365e+01\n    1    0 1.0000000000 -5.7335445818e+01 -5.4970547076e+01\n    2    0 1.0000000000 -5.7283631109e+01 -5.4927015825e+01\n    3    0 1.0000000000 -5.7197332144e+01 -5.4854512443e+01\n    4    0 1.0000000000 -5.7076637190e+01 -5.4753109937e+01\n    5    0 1.0000000000 -5.6921669707e+01 -5.4622910408e+01\n    6    0 1.0000000000 -5.6732588232e+01 -5.4464044958e+01\n    7    0 1.0000000000 -5.6509586231e+01 -5.4276673550e+01\n    8    0 1.0000000000 -5.6252891921e+01 -5.4060984851e+01\n    9    0 1.0000000000 -5.5962768058e+01 -5.3817196042e+01\n   10    0 1.0000000000 -5.5639511696e+01 -5.3545552598e+01\n   11    0 1.0000000000 -5.5283453910e+01 -5.3246328039e+01\n   12    0 1.0000000000 -5.4894959495e+01 -5.2919823661e+01\n   13    0 1.0000000000 -5.4474426630e+01 -5.2566368225e+01\n   14    0 1.0000000000 -5.4022286518e+01 -5.2186317631e+01\n   15    0 1.0000000000 -5.3539002990e+01 -5.1780054557e+01\n   16    0 1.0000000000 -5.3025072091e+01 -5.1347988077e+01\n   17    0 1.0000000000 -5.2481021631e+01 -5.0890553244e+01\n   18    0 1.0000000000 -5.1907410716e+01 -5.0408210657e+01\n   19    0 1.0000000000 -5.1304829253e+01 -4.9901445993e+01\n   20    0 1.0000000000 -5.0673897432e+01 -4.9370769522e+01\n   21    0 1.0000000000 -5.0015265188e+01 -4.8816715590e+01\n   22    0 1.0000000000 -4.9329611639e+01 -4.8239842082e+01\n   23    0 1.0000000000 -4.8617644513e+01 -4.7640729861e+01\n   24    0 1.0000000000 -4.7880099552e+01 -4.7019982182e+01\n   25    0 1.0000000000 -4.7117739910e+01 -4.6378224086e+01\n   26    0 1.0000000000 -4.6331355533e+01 -4.5716101769e+01\n   27    0 1.0000000000 -4.5521762534e+01 -4.5034281930e+01\n   28    0 1.0000000000 -4.4689802569e+01 -4.4333451107e+01\n   29    0 1.0000000000 -4.3836342199e+01 -4.3614314975e+01\n   30    0 1.0000000000 -4.2962272271e+01 -4.2877597643e+01\n   31    0 1.0000000000 -4.2068507295e+01 -4.2124040924e+01\n   32    0 1.0000000000 -4.1155984845e+01 -4.1354403586e+01\n   33    0 1.0000000000 -4.0225664974e+01 -4.0569460587e+01\n   34    0 1.0000000000 -3.9278529663e+01 -3.9770002300e+01\n   35    0 1.0000000000 -3.8315582304e+01 -3.8956833710e+01\n   36    0 1.0000000000 -3.7337847234e+01 -3.8130773609e+01\n   37    0 1.0000000000 -3.6346369333e+01 -3.7292653771e+01\n   38    0 1.0000000000 -3.5342213694e+01 -3.6443318110e+01\n   39    0 1.0000000000 -3.4326465389e+01 -3.5583621836e+01\n   40    0 1.0000000000 -3.3300229354e+01 -3.4714430590e+01\n   41    0 1.0000000000 -3.2264630413e+01 -3.3836619574e+01\n   42    0 1.0000000000 -3.1220813482e+01 -3.2951072669e+01\n   43    0 1.0000000000 -3.0169943972e+01 -3.2058681546e+01\n   44    0 1.0000000000 -2.9113208469e+01 -3.1160344766e+01\n   45    0 1.0000000000 -2.8051815716e+01 -3.0256966880e+01\n   46    0 1.0000000000 -2.6986997987e+01 -2.9349457512e+01\n   47    0 1.0000000000 -2.5920012935e+01 -2.8438730447e+01\n   48    0 1.0000000000 -2.4852146017e+01 -2.7525702710e+01\n   49    0 1.0000000000 -2.3784713633e+01 -2.6611293642e+01\n   50    0 1.0000000000 -2.2719067142e+01 -2.5696423976e+01\n   51    0 1.0000000000 -2.1656597954e+01 -2.4782014908e+01\n   52    0 1.0000000000 -2.0598743951e+01 -2.3868987171e+01\n   53    0 1.0000000000 -1.9546997538e+01 -2.2958260106e+01\n   54    0 1.0000000000 -1.8502915705e+01 -2.2050750737e+01\n   55    0 1.0000000000 -1.7468132517e+01 -2.1147372851e+01\n   56    0 1.0000000000 -1.6444374578e+01 -2.0249036072e+01\n   57    0 1.0000000000 -1.5433479992e+01 -1.9356644949e+01\n   58    0 1.0000000000 -1.4437421419e+01 -1.8471098044e+01\n   59    0 1.0000000000 -1.3458333669e+01 -1.7593287028e+01\n   60    0 1.0000000000 -1.2498545994e+01 -1.6724095782e+01\n   61    0 1.0000000000 -1.1560618528e+01 -1.5864399508e+01\n   62    0 1.0000000000 -1.0647380969e+01 -1.5015063847e+01\n   63    0 1.0000000000 -9.7619692430e+00 -1.4176944009e+01\n   64    0 1.0000000000 -8.9078519568e+00 -1.3350883908e+01\n   65    0 1.0000000000 -8.0888328224e+00 -1.2537715318e+01\n   66    0 1.0000000000 -7.3090080416e+00 -1.1738257031e+01\n   67    0 1.0000000000 -6.5726511192e+00 -1.0953314032e+01\n   68    0 1.0000000000 -5.8839966195e+00 -1.0183676693e+01\n   69    0 1.0000000000 -5.2469072824e+00 -9.4301199746e+00\n   70    0 1.0000000000 -4.6644433905e+00 -8.6934026432e+00\n   71    0 1.0000000000 -4.1384067895e+00 -7.9742665110e+00\n   72    0 1.0000000000 -3.6689810318e+00 -7.2734356873e+00\n   73    0 1.0000000000 -3.2545942774e+00 -6.5916158492e+00\n   74    0 1.0000000000 -2.8920690840e+00 -5.9294935316e+00\n   75    0 1.0000000000 -2.5770185057e+00 -5.2877354354e+00\n   76    0 1.0000000000 -2.3043644764e+00 -4.6669877568e+00\n   77    0 1.0000000000 -2.0688387049e+00 -4.0678755359e+00\n   78    0 1.0000000000 -1.8653710291e+00 -3.4910020281e+00\n   79    0 1.0000000000 -1.6893337069e+00 -2.9369480959e+00\n   80    0 1.0000000000 -1.5366572753e+00 -2.4062716249e+00\n   81    0 1.0000000000 -1.4038540459e+00 -1.8995069611e+00\n   82    0 1.0000000000 -1.2879859414e+00 -1.4171643737e+00\n   83    0 1.0000000000 -1.1866049959e+00 -9.5972954079e-01\n   84    0 1.0000000000 -1.0976849798e+00 -5.2766306040e-01\n   85    0 1.0000000000 -1.0195546061e+00 -1.2139998690e-01\n   86    0 1.0000000000 -9.5083736300e-01  2.5865060725e-01\n   87    0 1.0000000000 -8.9039977353e-01  6.1210604331e-01\n   88    0 1.0000000000 -8.3730814063e-01  9.3861042162e-01\n   89    0 1.0000000000 -7.9079301694e-01  1.2378349799e+00\n   90    0 1.0000000000 -7.5022034361e-01  1.5094784245e+00\n   91    0 1.0000000000 -7.1506817446e-01  1.7532672334e+00\n   92    0 1.0000000000 -6.8490799946e-01  1.9689559320e+00\n   93    0 1.0000000000 -6.5938982420e-01  2.1563273399e+00\n   94    0 1.0000000000 -6.3823031093e-01  2.3151927902e+00\n   95    0 1.0000000000 -6.2120342369e-01  2.4453923188e+00\n   96    0 1.0000000000 -6.0813313925e-01  2.5467948257e+00\n   97    0 1.0000000000 -5.9888788616e-01  2.6192982072e+00\n   98    0 1.0000000000 -5.9337645770e-01  2.6628294587e+00\n   99    0 1.0000000000 -5.9154521520e-01  2.6773447477e+00\n  100    0 1.0000000000 -5.9131613830e-01  2.6762901645e+00\n  101    0 1.0000000000 -5.9062911115e-01  2.6731274767e+00\n  102    0 1.0000000000 -5.8948474422e-01  2.6678598690e+00\n  103    0 1.0000000000 -5.8788405435e-01  2.6604926453e+00\n  104    0 1.0000000000 -5.8582846378e-01  2.6510332238e+00\n  105    0 1.0000000000 -5.8331979889e-01  2.6394911293e+00\n  106    0 1.0000000000 -5.8036028848e-01  2.6258779838e+00\n  107    0 1.0000000000 -5.7695256181e-01  2.6102074946e+00\n  108    0 1.0000000000 -5.7309964615e-01  2.5924954404e+00\n  109    0 1.0000000000 -5.6880496413e-01  2.5727596559e+00\n  110    0 1.0000000000 -5.6407233066e-01  2.5510200133e+00\n  111    0 1.0000000000 -5.5890594960e-01  2.5272984025e+00\n  112    0 1.0000000000 -5.5331041011e-01  2.5016187093e+00\n  113    0 1.0000000000 -5.4729068270e-01  2.4740067909e+00\n  114    0 1.0000000000 -5.4085211508e-01  2.4444904501e+00\n  115    0 1.0000000000 -5.3400042775e-01  2.4130994075e+00\n  116    0 1.0000000000 -5.2674170937e-01  2.3798652711e+00\n  117    0 1.0000000000 -5.1908241198e-01  2.3448215048e+00\n  118    0 1.0000000000 -5.1102934613e-01  2.3080033949e+00\n  119    0 1.0000000000 -5.0258967585e-01  2.2694480140e+00\n  120    0 1.0000000000 -4.9377091363e-01  2.2291941841e+00\n  121    0 1.0000000000 -4.8458091543e-01  2.1872824373e+00\n  122    0 1.0000000000 -4.7502787572e-01  2.1437549754e+00\n  123    0 1.0000000000 -4.6512032280e-01  2.0986556267e+00\n  124    0 1.0000000000 -4.5486711422e-01  2.0520298025e+00\n  125    0 1.0000000000 -4.4427743270e-01  2.0039244510e+00\n  126    0 1.0000000000 -4.3336078249e-01  1.9543880102e+00\n  127    0 1.0000000000 -4.2212698632e-01  1.9034703592e+00\n  128    0 1.0000000000 -4.1058618318e-01  1.8512227676e+00\n  129    0 1.0000000000 -3.9874882718e-01  1.7976978444e+00\n  130    0 1.0000000000 -3.8662568754e-01  1.7429494847e+00\n  131    0 1.0000000000 -3.7422785020e-01  1.6870328154e+00\n  132    0 1.0000000000 -3.6156672133e-01  1.6300041398e+00\n  133    0 1.0000000000 -3.4865403318e-01  1.5719208809e+00\n  134    0 1.0000000000 -3.3550185274e-01  1.5128415238e+00\n  135    0 1.0000000000 -3.2212259398e-01  1.4528255563e+00\n  136    0 1.0000000000 -3.0852903429e-01  1.3919334095e+00\n  137    0 1.0000000000 -2.9473433635e-01  1.3302263964e+00\n  138    0 1.0000000000 -2.8075207639e-01  1.2677666509e+00\n  139    0 1.0000000000 -2.6659628067e-01  1.2046170646e+00\n  140    0 1.0000000000 -2.5228147192e-01  1.1408412239e+00\n  141    0 1.0000000000 -2.3782272848e-01  1.0765033455e+00\n  142    0 1.0000000000 -2.2323575926e-01  1.0116682123e+00\n  143    0 1.0000000000 -2.0853699883e-01  9.4640110775e-01\n  144    0 1.0000000000 -1.9374372821e-01  8.8076775029e-01\n  145    0 1.0000000000 -1.7887422864e-01  8.1483422715e-01\n  146    0 1.0000000000 -1.6394797829e-01  7.4866692780e-01\n  147    0 1.0000000000 -1.4898590513e-01  6.8233247711e-01\n  148    0 1.0000000000 -1.3401071409e-01  6.1589766823e-01\n  149    0 1.0000000000 -1.1904731385e-01  5.4942939540e-01\n  150    0 1.0000000000 -1.0412337826e-01  4.8299458652e-01\n  151    0 1.0000000000 -8.9270092638e-02  4.1666013583e-01\n  152    0 1.0000000000 -7.4523157322e-02  3.5049283648e-01\n  153    0 1.0000000000 -5.9924154429e-02  2.8455931334e-01\n  154    0 1.0000000000 -4.5522436413e-02  2.1892595588e-01\n  155    0 1.0000000000 -3.1377777525e-02  1.5365885133e-01\n  156    0 1.0000000000 -1.7564162852e-02  8.8823718127e-02\n  157    0 1.0000000000 -4.1753099943e-03  2.4485839754e-02\n  158    0 1.0000000000  8.6671090752e-03 -3.9290000998e-02\n  159    0 1.0000000000  2.0800933353e-02 -1.0243958726e-01\n  160    0 1.0000000000  3.2003909055e-02 -1.6489933276e-01\n  161    0 1.0000000000  4.1962190167e-02 -2.2660634582e-01\n  162    0 1.0000000000  5.0218321189e-02 -2.8749849272e-01\n  163    0 1.0000000000  5.6083171022e-02 -3.4751446021e-01\n  164    0 1.0000000000  5.8484426715e-02 -4.0659381732e-01\n  165    0 1.0000000000  5.5708065091e-02 -4.6467707613e-01\n  166    0 1.0000000000  4.4988007261e-02 -5.2170575172e-01\n  167    0 1.0000000000  2.2010573515e-02 -5.7762242107e-01\n  168    0 1.0000000000 -1.9116095794e-02 -6.3237078081e-01\n  169    0 1.0000000000 -8.4101941097e-02 -6.8589570399e-01\n  170    0 1.0000000000 -1.7478663805e-01 -7.3814329555e-01\n  171    0 1.0000000000 -2.8746421308e-01 -7.8906094660e-01\n  172    0 1.0000000000 -4.1557196635e-01 -8.3859738737e-01\n  173    0 1.0000000000 -5.5293134834e-01 -8.8670273888e-01\n  174    0 1.0000000000 -6.9492100768e-01 -9.3332856310e-01\n  175    0 1.0000000000 -8.3834763798e-01 -9.7842791179e-01\n  176    0 1.0000000000 -9.8102927329e-01 -1.0219553737e+00\n  177    0 1.0000000000 -1.1214481743e+00 -1.0638671204e+00\n  178    0 1.0000000000 -1.2585176368e+00 -1.1041209503e+00\n  179    0 1.0000000000 -1.3914343013e+00 -1.1426763313e+00\n  180    0 1.0000000000 -1.5195853888e+00 -1.1794944412e+00\n  181    0 1.0000000000 -1.6424897952e+00 -1.2145382074e+00\n  182    0 1.0000000000 -1.7597600013e+00 -1.2477723438e+00\n  183    0 1.0000000000 -1.8710769345e+00 -1.2791633865e+00\n  184    0 1.0000000000 -1.9761730381e+00 -1.3086797273e+00\n  185    0 1.0000000000 -2.0748206470e+00 -1.3362916457e+00\n  186    0 1.0000000000 -2.1668238620e+00 -1.3619713389e+00\n  187    0 1.0000000000 -2.2520127777e+00 -1.3856929497e+00\n  188    0 1.0000000000 -2.3302393221e+00 -1.4074325923e+00\n  189    0 1.0000000000 -2.4013742195e+00 -1.4271683768e+00\n  190    0 1.0000000000 -2.4653047484e+00 -1.4448804309e+00\n  191    0 1.0000000000 -2.5219330715e+00 -1.4605509202e+00\n  192    0 1.0000000000 -2.5711749831e+00 -1.4741640657e+00\n  193    0 1.0000000000 -2.6129589660e+00 -1.4857061601e+00\n  194    0 1.0000000000 -2.6472254802e+00 -1.4951655816e+00\n  195    0 1.0000000000 -2.6739264309e+00 -1.5025328053e+00\n  196    0 1.0000000000 -2.6930247753e+00 -1.5078004131e+00\n  197    0 1.0000000000 -2.7044942404e+00 -1.5109631009e+00\n  198    0 1.0000000000 -2.7083191350e+00 -1.5120176841e+00\n  199    0 1.0000000000 -2.7002103733e+00 -1.5099124370e+00\n  200    0 1.0000000000 -2.6759534463e+00 -1.5036458207e+00\n  201    0 1.0000000000 -2.6357560853e+00 -1.4933649708e+00\n  202    0 1.0000000000 -2.5799633676e+00 -1.4793143187e+00\n  203    0 1.0000000000 -2.5090560248e+00 -1.4618344027e+00\n  204    0 1.0000000000 -2.4236481171e+00 -1.4413602110e+00\n  205    0 1.0000000000 -2.3244841284e+00 -1.4184190631e+00\n  206    0 1.0000000000 -2.2124355707e+00 -1.3936280381e+00\n  207    0 1.0000000000 -2.0884972462e+00 -1.3676909621e+00\n  208    0 1.0000000000 -1.9537834172e+00 -1.3413949657e+00\n  209    0 1.0000000000 -1.8095243266e+00 -1.3156066272e+00\n  210    0 1.0000000000 -1.6570638758e+00 -1.2912677173e+00\n  211    0 1.0000000000 -1.4978600182e+00 -1.2693905627e+00\n  212    0 1.0000000000 -1.3334910365e+00 -1.2510530500e+00\n  213    0 1.0000000000 -1.1656746222e+00 -1.2373932882e+00\n  214    0 1.0000000000 -9.9631614414e-01 -1.2296039543e+00\n  215    0 1.0000000000 -8.2762903551e-01 -1.2289263457e+00\n  216    0 1.0000000000 -6.6245421999e-01 -1.2366441631e+00\n  217    0 1.0000000000 -5.0520890597e-01 -1.2540770522e+00\n  218    0 1.0000000000 -3.6506345646e-01 -1.2825739294e+00\n  219    0 1.0000000000 -2.6507438216e-01 -1.3235061215e+00\n  220    0 1.0000000000 -2.3697822213e-01 -1.3782603476e+00\n  221    0 1.0000000000 -2.6666488784e-01 -1.4482315728e+00\n  222    0 1.0000000000 -3.2345161803e-01 -1.5348157646e+00\n  223    0 1.0000000000 -3.9509474148e-01 -1.6394025827e+00\n  224    0 1.0000000000 -4.7812714661e-01 -1.7633680327e+00\n  225    0 1.0000000000 -5.7194809258e-01 -1.9080671160e+00\n  226    0 1.0000000000 -6.7708575872e-01 -2.0748265069e+00\n  227    0 1.0000000000 -7.9465727268e-01 -2.2649372875e+00\n  228    0 1.0000000000 -9.2617817567e-01 -2.4796477734e+00\n  229    0 1.0000000000 -1.0734849425e+00 -2.7201564592e+00\n  230    0 1.0000000000 -1.2386933085e+00 -2.9876051151e+00\n  231    0 1.0000000000 -1.4241621266e+00 -3.2830720647e+00\n  232    0 1.0000000000 -1.6324490717e+00 -3.6075656731e+00\n  233    0 1.0000000000 -1.8662523625e+00 -3.9620180726e+00\n  234    0 1.0000000000 -2.1283380674e+00 -4.3472791559e+00\n  235    0 1.0000000000 -2.4214570345e+00 -4.7641108603e+00\n  236    0 1.0000000000 -2.7482588161e+00 -5.2131817710e+00\n  237    0 1.0000000000 -3.1112113975e+00 -5.6950620652e+00\n  238    0 1.0000000000 -3.5125346830e+00 -6.2102188215e+00\n  239    0 1.0000000000 -3.9541528754e+00 -6.7590117151e+00\n  240    0 1.0000000000 -4.4376671720e+00 -7.3416891187e+00\n  241    0 1.0000000000 -4.9643468178e+00 -7.9583846270e+00\n  242    0 1.0000000000 -5.5351343716e+00 -8.6091140220e+00\n  243    0 1.0000000000 -6.1506602974e+00 -9.2937726932e+00\n  244    0 1.0000000000 -6.8112623916e+00 -1.0012133526e+01\n  245    0 1.0000000000 -7.5170065968e+00 -1.0763845267e+01\n  246    0 1.0000000000 -8.2677069490e+00 -1.1548431383e+01\n  247    0 1.0000000000 -9.0629434540e+00 -1.2365289410e+01\n  248    0 1.0000000000 -9.9020774640e+00 -1.3213690803e+01\n  249    0 1.0000000000 -1.0784264618e+01 -1.4092781294e+01\n  250    0 1.0000000000 -1.1708465671e+01 -1.5001581751e+01\n  251    0 1.0000000000 -1.2673455651e+01 -1.5938989541e+01\n  252    0 1.0000000000 -1.3677831778e+01 -1.6903780399e+01\n  253    0 1.0000000000 -1.4720020559e+01 -1.7894610785e+01\n  254    0 1.0000000000 -1.5798284380e+01 -1.8910020739e+01\n  255    0 1.0000000000 -1.6910727889e+01 -1.9948437211e+01\n  256    0 1.0000000000 -1.8055304358e+01 -2.1008177861e+01\n  257    0 1.0000000000 -1.9229822196e+01 -2.2087455318e+01\n  258    0 1.0000000000 -2.0431951717e+01 -2.3184381882e+01\n  259    0 1.0000000000 -2.1659232241e+01 -2.4296974644e+01\n  260    0 1.0000000000 -2.2909079575e+01 -2.5423161029e+01\n  261    0 1.0000000000 -2.4178793910e+01 -2.6560784707e+01\n  262    0 1.0000000000 -2.5465568129e+01 -2.7707611890e+01\n  263    0 1.0000000000 -2.6766496541e+01 -2.8861337956e+01\n  264    0 1.0000000000 -2.8078584010e+01 -3.0019594405e+01\n  265    0 1.0000000000 -2.9398755475e+01 -3.1179956102e+01\n  266    0 1.0000000000 -3.0723865830e+01 -3.2339948784e+01\n  267    0 1.0000000000 -3.2050710121e+01 -3.3497056817e+01\n  268    0 1.0000000000 -3.3376034045e+01 -3.4648731147e+01\n  269    0 1.0000000000 -3.4696544703e+01 -3.5792397448e+01\n  270    0 1.0000000000 -3.6008921560e+01 -3.6925464402e+01\n  271    0 1.0000000000 -3.7309827595e+01 -3.8045332114e+01\n  272    0 1.0000000000 -3.8595920565e+01 -3.9149400596e+01\n  273    0 1.0000000000 -3.9863864369e+01 -4.0235078322e+01\n  274    0 1.0000000000 -4.1110340452e+01 -4.1299790790e+01\n  275    0 1.0000000000 -4.2332059207e+01 -4.2340989082e+01\n  276    0 1.0000000000 -4.3525771332e+01 -4.3356158379e+01\n  277    0 1.0000000000 -4.4688279100e+01 -4.4342826391e+01\n  278    0 1.0000000000 -4.5816447486e+01 -4.5298571694e+01\n  279    0 1.0000000000 -4.6907215125e+01 -4.6221031913e+01\n  280    0 1.0000000000 -4.7957605042e+01 -4.7107911737e+01\n  281    0 1.0000000000 -4.8964735121e+01 -4.7956990739e+01\n  282    0 1.0000000000 -4.9925828266e+01 -4.8766130949e+01\n  283    0 1.0000000000 -5.0838222218e+01 -4.9533284176e+01\n  284    0 1.0000000000 -5.1699378991e+01 -5.0256499040e+01\n  285    0 1.0000000000 -5.2506893877e+01 -5.0933927680e+01\n  286    0 1.0000000000 -5.3258504009e+01 -5.1563832125e+01\n  287    0 1.0000000000 -5.3952096415e+01 -5.2144590295e+01\n  288    0 1.0000000000 -5.4585715568e+01 -5.2674701612e+01\n  289    0 1.0000000000 -5.5157570372e+01 -5.3152792197e+01\n  290    0 1.0000000000 -5.5666040569e+01 -5.3577619641e+01\n  291    0 1.0000000000 -5.6109682549e+01 -5.3948077314e+01\n  292    0 1.0000000000 -5.6487234521e+01 -5.4263198217e+01\n  293    0 1.0000000000 -5.6797621046e+01 -5.4522158347e+01\n  294    0 1.0000000000 -5.7039956897e+01 -5.4724279566e+01\n  295    0 1.0000000000 -5.7213550243e+01 -5.4869031963e+01\n  296    0 1.0000000000 -5.7317905132e+01 -5.4956035707e+01\n  297    0 1.0000000000 -5.7352723278e+01 -5.4985062365e+01\n