SINGLE-ORBITAL NN+NNN EFFECTIVE MODEL FIT

m=3
eon=0.0
t0=1.0
l_decay=3.5
dl=0.1
pairing=./m=3/pairing.txt
microscopic_orbitals=20

E_eff(k) = eps0 + 2*t1[cos(k.u1)+cos(k.u2)] + 4*t2*cos(k.u1)*cos(k.u2)

eps0     = -2.22598861888506e+01
t1       = -1.03794018354279e+01
t2       = -5.47162634179270e+00

RMSE=2.20036879704530e+00
MAE=1.84801614762448e+00
max_abs_error=4.51396860466476e+00
optimizer_success=True
optimizer_message=Linear least-squares solution
minimum_tracking_continuity=1.0000000000
mean_tracking_continuity=1.0000000000

# k_index idx continuity target fit\n    0    0 1.0000000000 -8.8210137717e+01 -8.5663998898e+01\n    1    0 1.0000000000 -8.8185593194e+01 -8.5642528792e+01\n    2    0 1.0000000000 -8.8111984933e+01 -8.5578140094e+01\n    3    0 1.0000000000 -8.7989388840e+01 -8.5470897637e+01\n    4    0 1.0000000000 -8.7817931350e+01 -8.5320909405e+01\n    5    0 1.0000000000 -8.7597789306e+01 -8.5128326423e+01\n    6    0 1.0000000000 -8.7329189807e+01 -8.4893342608e+01\n    7    0 1.0000000000 -8.7012409999e+01 -8.4616194566e+01\n    8    0 1.0000000000 -8.6647776823e+01 -8.4297161364e+01\n    9    0 1.0000000000 -8.6235666724e+01 -8.3936564239e+01\n   10    0 1.0000000000 -8.5776505310e+01 -8.3534766284e+01\n   11    0 1.0000000000 -8.5270766972e+01 -8.3092172074e+01\n   12    0 1.0000000000 -8.4718974458e+01 -8.2609227264e+01\n   13    0 1.0000000000 -8.4121698412e+01 -8.2086418139e+01\n   14    0 1.0000000000 -8.3479556866e+01 -8.1524271124e+01\n   15    0 1.0000000000 -8.2793214694e+01 -8.0923352252e+01\n   16    0 1.0000000000 -8.2063383031e+01 -8.0284266598e+01\n   17    0 1.0000000000 -8.1290818654e+01 -7.9607657667e+01\n   18    0 1.0000000000 -8.0476323327e+01 -7.8894206747e+01\n   19    0 1.0000000000 -7.9620743114e+01 -7.8144632222e+01\n   20    0 1.0000000000 -7.8724967658e+01 -7.7359688851e+01\n   21    0 1.0000000000 -7.7789929433e+01 -7.6540167005e+01\n   22    0 1.0000000000 -7.6816602971e+01 -7.5686891873e+01\n   23    0 1.0000000000 -7.5806004057e+01 -7.4800722631e+01\n   24    0 1.0000000000 -7.4759188908e+01 -7.3882551576e+01\n   25    0 1.0000000000 -7.3677253336e+01 -7.2933303228e+01\n   26    0 1.0000000000 -7.2561331883e+01 -7.1953933401e+01\n   27    0 1.0000000000 -7.1412596960e+01 -7.0945428236e+01\n   28    0 1.0000000000 -7.0232257967e+01 -6.9908803212e+01\n   29    0 1.0000000000 -6.9021560414e+01 -6.8845102124e+01\n   30    0 1.0000000000 -6.7781785045e+01 -6.7755396028e+01\n   31    0 1.0000000000 -6.6514246965e+01 -6.6640782166e+01\n   32    0 1.0000000000 -6.5220294790e+01 -6.5502382859e+01\n   33    0 1.0000000000 -6.3901309808e+01 -6.4341344379e+01\n   34    0 1.0000000000 -6.2558705178e+01 -6.3158835793e+01\n   35    0 1.0000000000 -6.1193925162e+01 -6.1956047788e+01\n   36    0 1.0000000000 -5.9808444409e+01 -6.0734191468e+01\n   37    0 1.0000000000 -5.8403767297e+01 -5.9494497140e+01\n   38    0 1.0000000000 -5.6981427353e+01 -5.8238213071e+01\n   39    0 1.0000000000 -5.5542986759e+01 -5.6966604232e+01\n   40    0 1.0000000000 -5.4090035962e+01 -5.5680951025e+01\n   41    0 1.0000000000 -5.2624193418e+01 -5.4382547995e+01\n   42    0 1.0000000000 -5.1147105473e+01 -5.3072702523e+01\n   43    0 1.0000000000 -4.9660446425e+01 -5.1752733512e+01\n   44    0 1.0000000000 -4.8165918789e+01 -5.0423970060e+01\n   45    0 1.0000000000 -4.6665253790e+01 -4.9087750119e+01\n   46    0 1.0000000000 -4.5160212132e+01 -4.7745419148e+01\n   47    0 1.0000000000 -4.3652585078e+01 -4.6398328761e+01\n   48    0 1.0000000000 -4.2144195892e+01 -4.5047835365e+01\n   49    0 1.0000000000 -4.0636901677e+01 -4.3695298791e+01\n   50    0 1.0000000000 -3.9132595690e+01 -4.2342080929e+01\n   51    0 1.0000000000 -3.7633210157e+01 -4.0989544355e+01\n   52    0 1.0000000000 -3.6140719667e+01 -3.9639050958e+01\n   53    0 1.0000000000 -3.4657145191e+01 -3.8291960572e+01\n   54    0 1.0000000000 -3.3184558742e+01 -3.6949629601e+01\n   55    0 1.0000000000 -3.1725088731e+01 -3.5613409659e+01\n   56    0 1.0000000000 -3.0280925957e+01 -3.4284646207e+01\n   57    0 1.0000000000 -2.8854330175e+01 -3.2964677196e+01\n   58    0 1.0000000000 -2.7447637051e+01 -3.1654831724e+01\n   59    0 1.0000000000 -2.6063265191e+01 -3.0356428694e+01\n   60    0 1.0000000000 -2.4703722737e+01 -2.9070775488e+01\n   61    0 1.0000000000 -2.3371612724e+01 -2.7799166649e+01\n   62    0 1.0000000000 -2.2069636057e+01 -2.6542882579e+01\n   63    0 1.0000000000 -2.0800590475e+01 -2.5303188251e+01\n   64    0 1.0000000000 -1.9567363327e+01 -2.4081331932e+01\n   65    0 1.0000000000 -1.8372915372e+01 -2.2878543926e+01\n   66    0 1.0000000000 -1.7220252312e+01 -2.1696035341e+01\n   67    0 1.0000000000 -1.6112380460e+01 -2.0534996861e+01\n   68    0 1.0000000000 -1.5052243261e+01 -1.9396597554e+01\n   69    0 1.0000000000 -1.4042636551e+01 -1.8281983691e+01\n   70    0 1.0000000000 -1.3086102947e+01 -1.7192277595e+01\n   71    0 1.0000000000 -1.2184809638e+01 -1.6128576507e+01\n   72    0 1.0000000000 -1.1340418805e+01 -1.5091951484e+01\n   73    0 1.0000000000 -1.0553964944e+01 -1.4083446319e+01\n   74    0 1.0000000000 -9.8257566951e+00 -1.3104076491e+01\n   75    0 1.0000000000 -9.1553206838e+00 -1.2154828143e+01\n   76    0 1.0000000000 -8.5414001420e+00 -1.1236657088e+01\n   77    0 1.0000000000 -7.9820123388e+00 -1.0350487846e+01\n   78    0 1.0000000000 -7.4745583667e+00 -9.4972127141e+00\n   79    0 1.0000000000 -7.0159698833e+00 -8.6776908682e+00\n   80    0 1.0000000000 -6.6028726315e+00 -7.8927474972e+00\n   81    0 1.0000000000 -6.2317468483e+00 -7.1431729728e+00\n   82    0 1.0000000000 -5.8990690149e+00 -6.4297220528e+00\n   83    0 1.0000000000 -5.6014257031e+00 -5.7531131219e+00\n   84    0 1.0000000000 -5.3355964576e+00 -5.1140274679e+00\n   85    0 1.0000000000 -5.0986073780e+00 -4.5131085958e+00\n   86    0 1.0000000000 -4.8877598778e+00 -3.9509615802e+00\n   87    0 1.0000000000 -4.7006402194e+00 -3.4281524552e+00\n   88    0 1.0000000000 -4.5351153464e+00 -2.9452076455e+00\n   89    0 1.0000000000 -4.3893197990e+00 -2.5026134355e+00\n   90    0 1.0000000000 -4.2616375049e+00 -2.1008154801e+00\n   91    0 1.0000000000 -4.1506812490e+00 -1.7402183557e+00\n   92    0 1.0000000000 -4.0552717808e+00 -1.4211851531e+00\n   93    0 1.0000000000 -3.9744178425e+00 -1.1440371116e+00\n   94    0 1.0000000000 -3.9072979172e+00 -9.0905329594e-01\n   95    0 1.0000000000 -3.8532441492e+00 -7.1647031478e-01\n   96    0 1.0000000000 -3.8117286702e+00 -5.6648208290e-01\n   97    0 1.0000000000 -3.7823524259e+00 -4.5923962573e-01\n   98    0 1.0000000000 -3.7648365219e+00 -3.9485092734e-01\n   99    0 1.0000000000 -3.7590160721e+00 -3.7338082168e-01\n  100    0 1.0000000000 -3.7583624047e+00 -3.7394857169e-01\n  101    0 1.0000000000 -3.7564019749e+00 -3.7565125004e-01\n  102    0 1.0000000000 -3.7531364995e+00 -3.7848714228e-01\n  103    0 1.0000000000 -3.7485688375e+00 -3.8245339290e-01\n  104    0 1.0000000000 -3.7427029871e+00 -3.8754600823e-01\n  105    0 1.0000000000 -3.7355440810e+00 -3.9375986043e-01\n  106    0 1.0000000000 -3.7270983807e+00 -4.0108869269e-01\n  107    0 1.0000000000 -3.7173732693e+00 -4.0952512548e-01\n  108    0 1.0000000000 -3.7063772433e+00 -4.1906066405e-01\n  109    0 1.0000000000 -3.6941199029e+00 -4.2968570690e-01\n  110    0 1.0000000000 -3.6806119413e+00 -4.4138955552e-01\n  111    0 1.0000000000 -3.6658651321e+00 -4.5416042513e-01\n  112    0 1.0000000000 -3.6498923170e+00 -4.6798545654e-01\n  113    0 1.0000000000 -3.6327073902e+00 -4.8285072912e-01\n  114    0 1.0000000000 -3.6143252837e+00 -4.9874127480e-01\n  115    0 1.0000000000 -3.5947619499e+00 -5.1564109315e-01\n  116    0 1.0000000000 -3.5740343439e+00 -5.3353316748e-01\n  117    0 1.0000000000 -3.5521604045e+00 -5.5239948199e-01\n  118    0 1.0000000000 -3.5291590343e+00 -5.7222103990e-01\n  119    0 1.0000000000 -3.5050500781e+00 -5.9297788258e-01\n  120    0 1.0000000000 -3.4798543016e+00 -6.1464910966e-01\n  121    0 1.0000000000 -3.4535933677e+00 -6.3721290004e-01\n  122    0 1.0000000000 -3.4262898128e+00 -6.6064653389e-01\n  123    0 1.0000000000 -3.3979670223e+00 -6.8492641554e-01\n  124    0 1.0000000000 -3.3686492046e+00 -7.1002809721e-01\n  125    0 1.0000000000 -3.3383613653e+00 -7.3592630362e-01\n  126    0 1.0000000000 -3.3071292800e+00 -7.6259495747e-01\n  127    0 1.0000000000 -3.2749794668e+00 -7.9000720571e-01\n  128    0 1.0000000000 -3.2419391588e+00 -8.1813544650e-01\n  129    0 1.0000000000 -3.2080362749e+00 -8.4695135711e-01\n  130    0 1.0000000000 -3.1732993921e+00 -8.7642592235e-01\n  131    0 1.0000000000 -3.1377577165e+00 -9.0652946383e-01\n  132    0 1.0000000000 -3.1014410542e+00 -9.3723166984e-01\n  133    0 1.0000000000 -3.0643797836e+00 -9.6850162585e-01\n  134    0 1.0000000000 -3.0266048270e+00 -1.0003078457e+00\n  135    0 1.0000000000 -2.9881476232e+00 -1.0326183032e+00\n  136    0 1.0000000000 -2.9490401014e+00 -1.0654004644e+00\n  137    0 1.0000000000 -2.9093146562e+00 -1.0986213205e+00\n  138    0 1.0000000000 -2.8690041242e+00 -1.1322474210e+00\n  139    0 1.0000000000 -2.8281417632e+00 -1.1662449071e+00\n  140    0 1.0000000000 -2.7867612344e+00 -1.2005795463e+00\n  141    0 1.0000000000 -2.7448965879e+00 -1.2352167665e+00\n  142    0 1.0000000000 -2.7025822531e+00 -1.2701216910e+00\n  143    0 1.0000000000 -2.6598530355e+00 -1.3052591735e+00\n  144    0 1.0000000000 -2.6167441198e+00 -1.3405938335e+00\n  145    0 1.0000000000 -2.5732910842e+00 -1.3760900919e+00\n  146    0 1.0000000000 -2.5295299247e+00 -1.4117122072e+00\n  147    0 1.0000000000 -2.4854970967e+00 -1.4474243108e+00\n  148    0 1.0000000000 -2.4412295745e+00 -1.4831904437e+00\n  149    0 1.0000000000 -2.3967649375e+00 -1.5189745923e+00\n  150    0 1.0000000000 -2.3521414893e+00 -1.5547407252e+00\n  151    0 1.0000000000 -2.3073984200e+00 -1.5904528288e+00\n  152    0 1.0000000000 -2.2625760271e+00 -1.6260749440e+00\n  153    0 1.0000000000 -2.2177160153e+00 -1.6615712025e+00\n  154    0 1.0000000000 -2.1728619017e+00 -1.6969058625e+00\n  155    0 1.0000000000 -2.1280595705e+00 -1.7320433450e+00\n  156    0 1.0000000000 -2.0833580340e+00 -1.7669482695e+00\n  157    0 1.0000000000 -2.0388104913e+00 -1.8015854897e+00\n  158    0 1.0000000000 -1.9944758184e+00 -1.8359201289e+00\n  159    0 1.0000000000 -1.9504207001e+00 -1.8699176150e+00\n  160    0 1.0000000000 -1.9067227382e+00 -1.9035437155e+00\n  161    0 1.0000000000 -1.8634750807e+00 -1.9367645716e+00\n  162    0 1.0000000000 -1.8207934914e+00 -1.9695467328e+00\n  163    0 1.0000000000 -1.7788274586e+00 -2.0018571903e+00\n  164    0 1.0000000000 -1.7377782262e+00 -2.0336634101e+00\n  165    0 1.0000000000 -1.6979291645e+00 -2.0649333662e+00\n  166    0 1.0000000000 -1.6596990911e+00 -2.0956355722e+00\n  167    0 1.0000000000 -1.6237402401e+00 -2.1257391136e+00\n  168    0 1.0000000000 -1.5911268775e+00 -2.1552136789e+00\n  169    0 1.0000000000 -1.5637328867e+00 -2.1840295895e+00\n  170    0 1.0000000000 -1.5449904791e+00 -2.2121578303e+00\n  171    0 1.0000000000 -1.5412352886e+00 -2.2395700785e+00\n  172    0 1.0000000000 -1.5628037781e+00 -2.2662387324e+00\n  173    0 1.0000000000 -1.6202086456e+00 -2.2921369388e+00\n  174    0 1.0000000000 -1.7135833392e+00 -2.3172386204e+00\n  175    0 1.0000000000 -1.8319158489e+00 -2.3415185021e+00\n  176    0 1.0000000000 -1.9636053028e+00 -2.3649521360e+00\n  177    0 1.0000000000 -2.1010846655e+00 -2.3875159263e+00\n  178    0 1.0000000000 -2.2399404320e+00 -2.4091871534e+00\n  179    0 1.0000000000 -2.3775265724e+00 -2.4299439961e+00\n  180    0 1.0000000000 -2.5121474156e+00 -2.4497655540e+00\n  181    0 1.0000000000 -2.6426397923e+00 -2.4686318685e+00\n  182    0 1.0000000000 -2.7681580574e+00 -2.4865239428e+00\n  183    0 1.0000000000 -2.8880582142e+00 -2.5034237612e+00\n  184    0 1.0000000000 -3.0018319054e+00 -2.5193143069e+00\n  185    0 1.0000000000 -3.1090667535e+00 -2.5341795794e+00\n  186    0 1.0000000000 -3.2094213703e+00 -2.5480046109e+00\n  187    0 1.0000000000 -3.3026089488e+00 -2.5607754805e+00\n  188    0 1.0000000000 -3.3883861110e+00 -2.5724793291e+00\n  189    0 1.0000000000 -3.4665451035e+00 -2.5831043719e+00\n  190    0 1.0000000000 -3.5369082084e+00 -2.5926399105e+00\n  191    0 1.0000000000 -3.5993236609e+00 -2.6010763433e+00\n  192    0 1.0000000000 -3.6536626276e+00 -2.6084051756e+00\n  193    0 1.0000000000 -3.6998169452e+00 -2.6146190278e+00\n  194    0 1.0000000000 -3.7376974236e+00 -2.6197116431e+00\n  195    0 1.0000000000 -3.7672325735e+00 -2.6236778937e+00\n  196    0 1.0000000000 -3.7883676658e+00 -2.6265137860e+00\n  197    0 1.0000000000 -3.8010640570e+00 -2.6282164643e+00\n  198    0 1.0000000000 -3.8052987348e+00 -2.6287842143e+00\n  199    0 1.0000000000 -3.7961981446e+00 -2.6276542619e+00\n  200    0 1.0000000000 -3.7689901584e+00 -2.6243320739e+00\n  201    0 1.0000000000 -3.7239563277e+00 -2.6190203228e+00\n  202    0 1.0000000000 -3.6615667112e+00 -2.6120556767e+00\n  203    0 1.0000000000 -3.5824816212e+00 -2.6039071272e+00\n  204    0 1.0000000000 -3.4875553231e+00 -2.5951736563e+00\n  205    0 1.0000000000 -3.3778434332e+00 -2.5865812543e+00\n  206    0 1.0000000000 -3.2546172472e+00 -2.5789793016e+00\n  207    0 1.0000000000 -3.1193911322e+00 -2.5733363275e+00\n  208    0 1.0000000000 -2.9739751201e+00 -2.5707351661e+00\n  209    0 1.0000000000 -2.8205779190e+00 -2.5723675287e+00\n  210    0 1.0000000000 -2.6620154547e+00 -2.5795280155e+00\n  211    0 1.0000000000 -2.5021505485e+00 -2.5936075932e+00\n  212    0 1.0000000000 -2.3468499893e+00 -2.6160865637e+00\n  213    0 1.0000000000 -2.2060067392e+00 -2.6485270561e+00\n  214    0 1.0000000000 -2.0966976900e+00 -2.6925650727e+00\n  215    0 1.0000000000 -2.0418768405e+00 -2.7499021224e+00\n  216    0 1.0000000000 -2.0528156801e+00 -2.8222964774e+00\n  217    0 1.0000000000 -2.1172338566e+00 -2.9115540902e+00\n  218    0 1.0000000000 -2.2172202334e+00 -3.0195192104e+00\n  219    0 1.0000000000 -2.3417247764e+00 -3.1480647389e+00\n  220    0 1.0000000000 -2.4855913915e+00 -3.2990823630e+00\n  221    0 1.0000000000 -2.6468171696e+00 -3.4744725136e+00\n  222    0 1.0000000000 -2.8250115785e+00 -3.6761341866e+00\n  223    0 1.0000000000 -3.0206749433e+00 -3.9059546733e+00\n  224    0 1.0000000000 -3.2348613518e+00 -4.1657992427e+00\n  225    0 1.0000000000 -3.4690139500e+00 -4.4575008211e+00\n  226    0 1.0000000000 -3.7248787302e+00 -4.7828497122e+00\n  227    0 1.0000000000 -4.0044541703e+00 -5.1435834027e+00\n  228    0 1.0000000000 -4.3099561545e+00 -5.5413764977e+00\n  229    0 1.0000000000 -4.6437875806e+00 -5.9778308286e+00\n  230    0 1.0000000000 -5.0085069496e+00 -6.4544657775e+00\n  231    0 1.0000000000 -5.4067929627e+00 -6.9727088598e+00\n  232    0 1.0000000000 -5.8414039260e+00 -7.5338866058e+00\n  233    0 1.0000000000 -6.3151320971e+00 -8.1392157827e+00\n  234    0 1.0000000000 -6.8307541452e+00 -8.7897949947e+00\n  235    0 1.0000000000 -7.3909796583e+00 -9.4865966982e+00\n  236    0 1.0000000000 -7.9984000583e+00 -1.0230459670e+01\n  237    0 1.0000000000 -8.6554403581e+00 -1.1022081959e+01\n  238    0 1.0000000000 -9.3643159142e+00 -1.1862014358e+01\n  239    0 1.0000000000 -1.0126995787e+01 -1.2750654419e+01\n  240    0 1.0000000000 -1.0945173616e+01 -1.3688241052e+01\n  241    0 1.0000000000 -1.1820246224e+01 -1.4674849711e+01\n  242    0 1.0000000000 -1.2753299519e+01 -1.5710388222e+01\n  243    0 1.0000000000 -1.3745100858e+01 -1.6794593240e+01\n  244    0 1.0000000000 -1.4796096755e+01 -1.7927027378e+01\n  245    0 1.0000000000 -1.5906414781e+01 -1.9107077013e+01\n  246    0 1.0000000000 -1.7075868536e+01 -2.0333950787e+01\n  247    0 1.0000000000 -1.8303964754e+01 -2.1606678796e+01\n  248    0 1.0000000000 -1.9589911792e+01 -2.2924112509e+01\n  249    0 1.0000000000 -2.0932628935e+01 -2.4284925382e+01\n  250    0 1.0000000000 -2.2330756155e+01 -2.5687614195e+01\n  251    0 1.0000000000 -2.3782664069e+01 -2.7130501101e+01\n  252    0 1.0000000000 -2.5286464002e+01 -2.8611736388e+01\n  253    0 1.0000000000 -2.6840018096e+01 -3.0129301934e+01\n  254    0 1.0000000000 -2.8440949485e+01 -3.1681015363e+01\n  255    0 1.0000000000 -3.0086652573e+01 -3.3264534875e+01\n  256    0 1.0000000000 -3.1774303488e+01 -3.4877364747e+01\n  257    0 1.0000000000 -3.3500870743e+01 -3.6516861467e+01\n  258    0 1.0000000000 -3.5263126198e+01 -3.8180240509e+01\n  259    0 1.0000000000 -3.7057656340e+01 -3.9864583697e+01\n  260    0 1.0000000000 -3.8880873942e+01 -4.1566847152e+01\n  261    0 1.0000000000 -4.0729030109e+01 -4.3283869782e+01\n  262    0 1.0000000000 -4.2598226745e+01 -4.5012382294e+01\n  263    0 1.0000000000 -4.4484429437e+01 -4.6749016688e+01\n  264    0 1.0000000000 -4.6383480742e+01 -4.8490316201e+01\n  265    0 1.0000000000 -4.8291113890e+01 -5.0232745667e+01\n  266    0 1.0000000000 -5.0202966843e+01 -5.1972702249e+01\n  267    0 1.0000000000 -5.2114596721e+01 -5.3706526513e+01\n  268    0 1.0000000000 -5.4021494532e+01 -5.5430513789e+01\n  269    0 1.0000000000 -5.5919100174e+01 -5.7140925793e+01\n  270    0 1.0000000000 -5.7802817677e+01 -5.8834002452e+01\n  271    0 1.0000000000 -5.9668030618e+01 -6.0505973896e+01\n  272    0 1.0000000000 -6.1510117673e+01 -6.2153072569e+01\n  273    0 1.0000000000 -6.3324468254e+01 -6.3771545414e+01\n  274    0 1.0000000000 -6.5106498158e+01 -6.5357666088e+01\n  275    0 1.0000000000 -6.6851665204e+01 -6.6907747154e+01\n  276    0 1.0000000000 -6.8555484768e+01 -6.8418152213e+01\n  277    0 1.0000000000 -7.0213545183e+01 -6.9885307923e+01\n  278    0 1.0000000000 -7.1821522935e+01 -7.1305715859e+01\n  279    0 1.0000000000 -7.3375197605e+01 -7.2675964179e+01\n  280    0 1.0000000000 -7.4870466493e+01 -7.3992739035e+01\n  281    0 1.0000000000 -7.6303358875e+01 -7.5252835699e+01\n  282    0 1.0000000000 -7.7670049833e+01 -7.6453169353e+01\n  283    0 1.0000000000 -7.8966873617e+01 -7.7590785514e+01\n  284    0 1.0000000000 -8.0190336464e+01 -7.8662870029e+01\n  285    0 1.0000000000 -8.1337128859e+01 -7.9666758639e+01\n  286    0 1.0000000000 -8.2404137150e+01 -8.0599946032e+01\n  287    0 1.0000000000 -8.3388454512e+01 -8.1460094392e+01\n  288    0 1.0000000000 -8.4287391188e+01 -8.2245041379e+01\n  289    0 1.0000000000 -8.5098483978e+01 -8.2952807525e+01\n  290    0 1.0000000000 -8.5819504948e+01 -8.3581603017e+01\n  291    0 1.0000000000 -8.6448469307e+01 -8.4129833837e+01\n  292    0 1.0000000000 -8.6983642436e+01 -8.4596107235e+01\n  293    0 1.0000000000 -8.7423546031e+01 -8.4979236516e+01\n  294    0 1.0000000000 -8.7766963353e+01 -8.5278245125e+01\n  295    0 1.0000000000 -8.8012943536e+01 -8.5492370006e+01\n  296    0 1.0000000000 -8.8160804970e+01 -8.5621064234e+01\n  297    0 1.0000000000 -8.8210137717e+01 -8.5663998898e+01\n