SINGLE-ORBITAL NN+NNN EFFECTIVE MODEL FIT

m=4
eon=0.0
t0=1.0
l_decay=3.5
dl=0.1
pairing=./m=4/pairing.txt
microscopic_orbitals=34

E_eff(k) = eps0 + 2*t1[cos(k.u1)+cos(k.u2)] + 4*t2*cos(k.u1)*cos(k.u2)

eps0     = -3.27725988197854e+01
t1       = -1.36707678603075e+01
t2       = -6.56671310555576e+00

RMSE=1.58989672558284e+00
MAE=1.29965464875213e+00
max_abs_error=3.35607711157893e+00
optimizer_success=True
optimizer_message=Linear least-squares solution
minimum_tracking_continuity=1.0000000000
mean_tracking_continuity=1.0000000000

# k_index idx continuity target fit\n    0    0 1.0000000000 -1.1568250616e+02 -1.1372252268e+02\n    1    0 1.0000000000 -1.1565302838e+02 -1.1369553313e+02\n    2    0 1.0000000000 -1.1556462550e+02 -1.1361459165e+02\n    3    0 1.0000000000 -1.1541738893e+02 -1.1347977975e+02\n    4    0 1.0000000000 -1.1521147093e+02 -1.1329123317e+02\n    5    0 1.0000000000 -1.1494708444e+02 -1.1304914175e+02\n    6    0 1.0000000000 -1.1462450293e+02 -1.1275374927e+02\n    7    0 1.0000000000 -1.1424406013e+02 -1.1240535316e+02\n    8    0 1.0000000000 -1.1380614972e+02 -1.1200430423e+02\n    9    0 1.0000000000 -1.1331122497e+02 -1.1155100629e+02\n   10    0 1.0000000000 -1.1275979835e+02 -1.1104591578e+02\n   11    0 1.0000000000 -1.1215244104e+02 -1.1048954129e+02\n   12    0 1.0000000000 -1.1148978241e+02 -1.0988244303e+02\n   13    0 1.0000000000 -1.1077250950e+02 -1.0922523231e+02\n   14    0 1.0000000000 -1.1000136632e+02 -1.0851857087e+02\n   15    0 1.0000000000 -1.0917715326e+02 -1.0776317027e+02\n   16    0 1.0000000000 -1.0830072633e+02 -1.0695979112e+02\n   17    0 1.0000000000 -1.0737299642e+02 -1.0610924238e+02\n   18    0 1.0000000000 -1.0639492846e+02 -1.0521238045e+02\n   19    0 1.0000000000 -1.0536754061e+02 -1.0427010842e+02\n   20    0 1.0000000000 -1.0429190336e+02 -1.0328337507e+02\n   21    0 1.0000000000 -1.0316913857e+02 -1.0225317394e+02\n   22    0 1.0000000000 -1.0200041854e+02 -1.0118054238e+02\n   23    0 1.0000000000 -1.0078696496e+02 -1.0006656043e+02\n   24    0 1.0000000000 -9.9530047910e+01 -9.8912349767e+01\n   25    0 1.0000000000 -9.8230984785e+01 -9.7719072593e+01\n   26    0 1.0000000000 -9.6891139176e+01 -9.6487930434e+01\n   27    0 1.0000000000 -9.5511919765e+01 -9.5220162945e+01\n   28    0 1.0000000000 -9.4094779175e+01 -9.3917046662e+01\n   29    0 1.0000000000 -9.2641212805e+01 -9.2579893712e+01\n   30    0 1.0000000000 -9.1152757656e+01 -9.1210050494e+01\n   31    0 1.0000000000 -8.9630991133e+01 -8.9808896324e+01\n   32    0 1.0000000000 -8.8077529852e+01 -8.8377842047e+01\n   33    0 1.0000000000 -8.6494028436e+01 -8.6918328612e+01\n   34    0 1.0000000000 -8.4882178318e+01 -8.5431825625e+01\n   35    0 1.0000000000 -8.3243706544e+01 -8.3919829870e+01\n   36    0 1.0000000000 -8.1580374596e+01 -8.2383863798e+01\n   37    0 1.0000000000 -7.9893977225e+01 -8.0825473996e+01\n   38    0 1.0000000000 -7.8186341313e+01 -7.9246229630e+01\n   39    0 1.0000000000 -7.6459324761e+01 -7.7647720867e+01\n   40    0 1.0000000000 -7.4714815415e+01 -7.6031557269e+01\n   41    0 1.0000000000 -7.2954730039e+01 -7.4399366175e+01\n   42    0 1.0000000000 -7.1181013327e+01 -7.2752791063e+01\n   43    0 1.0000000000 -6.9395636986e+01 -7.1093489896e+01\n   44    0 1.0000000000 -6.7600598878e+01 -6.9423133449e+01\n   45    0 1.0000000000 -6.5797922227e+01 -6.7743403629e+01\n   46    0 1.0000000000 -6.3989654913e+01 -6.6055991782e+01\n   47    0 1.0000000000 -6.2177868844e+01 -6.4362596988e+01\n   48    0 1.0000000000 -6.0364659409e+01 -6.2664924352e+01\n   49    0 1.0000000000 -5.8552145030e+01 -6.0964683288e+01\n   50    0 1.0000000000 -5.6742466783e+01 -5.9263585793e+01\n   51    0 1.0000000000 -5.4937788110e+01 -5.7563344728e+01\n   52    0 1.0000000000 -5.3140294583e+01 -5.5865672093e+01\n   53    0 1.0000000000 -5.1352193720e+01 -5.4172277299e+01\n   54    0 1.0000000000 -4.9575714801e+01 -5.2484865452e+01\n   55    0 1.0000000000 -4.7813108647e+01 -5.0805135632e+01\n   56    0 1.0000000000 -4.6066647297e+01 -4.9134779185e+01\n   57    0 1.0000000000 -4.4338623473e+01 -4.7475478017e+01\n   58    0 1.0000000000 -4.2631349743e+01 -4.5828902906e+01\n   59    0 1.0000000000 -4.0947157193e+01 -4.4196711812e+01\n   60    0 1.0000000000 -3.9288393429e+01 -4.2580548214e+01\n   61    0 1.0000000000 -3.7657419649e+01 -4.0982039450e+01\n   62    0 1.0000000000 -3.6056606474e+01 -3.9402795085e+01\n   63    0 1.0000000000 -3.4488328171e+01 -3.7844405283e+01\n   64    0 1.0000000000 -3.2954954851e+01 -3.6308439211e+01\n   65    0 1.0000000000 -3.1458842137e+01 -3.4796443455e+01\n   66    0 1.0000000000 -3.0002317819e+01 -3.3309940469e+01\n   67    0 1.0000000000 -2.8587664977e+01 -3.1850427034e+01\n   68    0 1.0000000000 -2.7217101129e+01 -3.0419372757e+01\n   69    0 1.0000000000 -2.5892753100e+01 -2.9018218587e+01\n   70    0 1.0000000000 -2.4616627553e+01 -2.7648375369e+01\n   71    0 1.0000000000 -2.3390577454e+01 -2.6311222419e+01\n   72    0 1.0000000000 -2.2216265265e+01 -2.5008106136e+01\n   73    0 1.0000000000 -2.1095124176e+01 -2.3740338647e+01\n   74    0 1.0000000000 -2.0028319349e+01 -2.2509196488e+01\n   75    0 1.0000000000 -1.9016711692e+01 -2.1315919313e+01\n   76    0 1.0000000000 -1.8060827094e+01 -2.0161708653e+01\n   77    0 1.0000000000 -1.7160834172e+01 -1.9047726699e+01\n   78    0 1.0000000000 -1.6316533303e+01 -1.7975095137e+01\n   79    0 1.0000000000 -1.5527359015e+01 -1.6944894015e+01\n   80    0 1.0000000000 -1.4792396719e+01 -1.5958160659e+01\n   81    0 1.0000000000 -1.4110413440e+01 -1.5015888626e+01\n   82    0 1.0000000000 -1.3479900870e+01 -1.4119026704e+01\n   83    0 1.0000000000 -1.2899127899e+01 -1.3268477956e+01\n   84    0 1.0000000000 -1.2366199042e+01 -1.2465098814e+01\n   85    0 1.0000000000 -1.1879114948e+01 -1.1709698211e+01\n   86    0 1.0000000000 -1.1435831337e+01 -1.1003036773e+01\n   87    0 1.0000000000 -1.1034313382e+01 -1.0345826048e+01\n   88    0 1.0000000000 -1.0672583327e+01 -9.7387277903e+00\n   89    0 1.0000000000 -1.0348760053e+01 -9.1823532972e+00\n   90    0 1.0000000000 -1.0061090121e+01 -8.6772627905e+00\n   91    0 1.0000000000 -9.8079705137e+00 -8.2239648536e+00\n   92    0 1.0000000000 -9.5879638112e+00 -7.8229159190e+00\n   93    0 1.0000000000 -9.3998068510e+00 -7.4745198089e+00\n   94    0 1.0000000000 -9.2424141386e+00 -7.1791273289e+00\n   95    0 1.0000000000 -9.1148773265e+00 -6.9370359140e+00\n   96    0 1.0000000000 -9.0164620829e+00 -6.7484893298e+00\n   97    0 1.0000000000 -8.9466035900e+00 -6.6136774267e+00\n   98    0 1.0000000000 -8.9049017853e+00 -6.5327359489e+00\n   99    0 1.0000000000 -8.8911172783e+00 -6.5057463976e+00\n  100    0 1.0000000000 -8.8898333883e+00 -6.5052053401e+00\n  101    0 1.0000000000 -8.8859819485e+00 -6.5035827124e+00\n  102    0 1.0000000000 -8.8795662786e+00 -6.5008801484e+00\n  103    0 1.0000000000 -8.8705919029e+00 -6.4971003693e+00\n  104    0 1.0000000000 -8.8590665446e+00 -6.4922471810e+00\n  105    0 1.0000000000 -8.8450001161e+00 -6.4863254703e+00\n  106    0 1.0000000000 -8.8284047076e+00 -6.4793411999e+00\n  107    0 1.0000000000 -8.8092945728e+00 -6.4713014023e+00\n  108    0 1.0000000000 -8.7876861120e+00 -6.4622141728e+00\n  109    0 1.0000000000 -8.7635978530e+00 -6.4520886617e+00\n  110    0 1.0000000000 -8.7370504293e+00 -6.4409350644e+00\n  111    0 1.0000000000 -8.7080665553e+00 -6.4287646115e+00\n  112    0 1.0000000000 -8.6766710001e+00 -6.4155895579e+00\n  113    0 1.0000000000 -8.6428905579e+00 -6.4014231695e+00\n  114    0 1.0000000000 -8.6067540163e+00 -6.3862797109e+00\n  115    0 1.0000000000 -8.5682921226e+00 -6.3701744300e+00\n  116    0 1.0000000000 -8.5275375472e+00 -6.3531235437e+00\n  117    0 1.0000000000 -8.4845248448e+00 -6.3351442206e+00\n  118    0 1.0000000000 -8.4392904139e+00 -6.3162545645e+00\n  119    0 1.0000000000 -8.3918724534e+00 -6.2964735956e+00\n  120    0 1.0000000000 -8.3423109171e+00 -6.2758212317e+00\n  121    0 1.0000000000 -8.2906474668e+00 -6.2543182680e+00\n  122    0 1.0000000000 -8.2369254225e+00 -6.2319863561e+00\n  123    0 1.0000000000 -8.1811897107e+00 -6.2088479824e+00\n  124    0 1.0000000000 -8.1234868118e+00 -6.1849264452e+00\n  125    0 1.0000000000 -8.0638647040e+00 -6.1602458316e+00\n  126    0 1.0000000000 -8.0023728067e+00 -6.1348309927e+00\n  127    0 1.0000000000 -7.9390619218e+00 -6.1087075192e+00\n  128    0 1.0000000000 -7.8739841730e+00 -6.0819017153e+00\n  129    0 1.0000000000 -7.8071929441e+00 -6.0544405720e+00\n  130    0 1.0000000000 -7.7387428155e+00 -6.0263517405e+00\n  131    0 1.0000000000 -7.6686894997e+00 -5.9976635037e+00\n  132    0 1.0000000000 -7.5970897749e+00 -5.9684047484e+00\n  133    0 1.0000000000 -7.5240014185e+00 -5.9386049355e+00\n  134    0 1.0000000000 -7.4494831384e+00 -5.9082940711e+00\n  135    0 1.0000000000 -7.3735945048e+00 -5.8775026755e+00\n  136    0 1.0000000000 -7.2963958798e+00 -5.8462617532e+00\n  137    0 1.0000000000 -7.2179483481e+00 -5.8146027609e+00\n  138    0 1.0000000000 -7.1383136461e+00 -5.7825575768e+00\n  139    0 1.0000000000 -7.0575540912e+00 -5.7501584675e+00\n  140    0 1.0000000000 -6.9757325120e+00 -5.7174380562e+00\n  141    0 1.0000000000 -6.8929121779e+00 -5.6844292896e+00\n  142    0 1.0000000000 -6.8091567299e+00 -5.6511654047e+00\n  143    0 1.0000000000 -6.7245301124e+00 -5.6176798955e+00\n  144    0 1.0000000000 -6.6390965069e+00 -5.5840064790e+00\n  145    0 1.0000000000 -6.5529202674e+00 -5.5501790614e+00\n  146    0 1.0000000000 -6.4660658582e+00 -5.5162317042e+00\n  147    0 1.0000000000 -6.3785977960e+00 -5.4821985894e+00\n  148    0 1.0000000000 -6.2905805957e+00 -5.4481139855e+00\n  149    0 1.0000000000 -6.2020787218e+00 -5.4140122128e+00\n  150    0 1.0000000000 -6.1131565469e+00 -5.3799276089e+00\n  151    0 1.0000000000 -6.0238783189e+00 -5.3458944941e+00\n  152    0 1.0000000000 -5.9343081396e+00 -5.3119471369e+00\n  153    0 1.0000000000 -5.8445099567e+00 -5.2781197194e+00\n  154    0 1.0000000000 -5.7545475748e+00 -5.2444463028e+00\n  155    0 1.0000000000 -5.6644846897e+00 -5.2109607936e+00\n  156    0 1.0000000000 -5.5743849534e+00 -5.1776969087e+00\n  157    0 1.0000000000 -5.4843120795e+00 -5.1446881421e+00\n  158    0 1.0000000000 -5.3943300040e+00 -5.1119677309e+00\n  159    0 1.0000000000 -5.3045031197e+00 -5.0795686216e+00\n  160    0 1.0000000000 -5.2148966123e+00 -5.0475234374e+00\n  161    0 1.0000000000 -5.1255769411e+00 -5.0158644452e+00\n  162    0 1.0000000000 -5.0366125232e+00 -4.9846235228e+00\n  163    0 1.0000000000 -4.9480747171e+00 -4.9538321272e+00\n  164    0 1.0000000000 -4.8600392497e+00 -4.9235212628e+00\n  165    0 1.0000000000 -4.7725883222e+00 -4.8937214500e+00\n  166    0 1.0000000000 -4.6858137799e+00 -4.8644626946e+00\n  167    0 1.0000000000 -4.5998220009e+00 -4.8357744579e+00\n  168    0 1.0000000000 -4.5147416618e+00 -4.8076856263e+00\n  169    0 1.0000000000 -4.4307365036e+00 -4.7802244831e+00\n  170    0 1.0000000000 -4.3480271810e+00 -4.7534186791e+00\n  171    0 1.0000000000 -4.2669304523e+00 -4.7272952056e+00\n  172    0 1.0000000000 -4.1879333672e+00 -4.7018803668e+00\n  173    0 1.0000000000 -4.1118424568e+00 -4.6771997531e+00\n  174    0 1.0000000000 -4.0401030458e+00 -4.6532782159e+00\n  175    0 1.0000000000 -3.9755146890e+00 -4.6301398422e+00\n  176    0 1.0000000000 -3.9237707132e+00 -4.6078079303e+00\n  177    0 1.0000000000 -3.8955698827e+00 -4.5863049666e+00\n  178    0 1.0000000000 -3.9034221390e+00 -4.5656526027e+00\n  179    0 1.0000000000 -3.9472858636e+00 -4.5458716338e+00\n  180    0 1.0000000000 -4.0137646585e+00 -4.5269819777e+00\n  181    0 1.0000000000 -4.0908290608e+00 -4.5090026547e+00\n  182    0 1.0000000000 -4.1717842183e+00 -4.4919517683e+00\n  183    0 1.0000000000 -4.2531267720e+00 -4.4758464875e+00\n  184    0 1.0000000000 -4.3328755375e+00 -4.4607030288e+00\n  185    0 1.0000000000 -4.4097891918e+00 -4.4465366405e+00\n  186    0 1.0000000000 -4.4830164847e+00 -4.4333615868e+00\n  187    0 1.0000000000 -4.5519317818e+00 -4.4211911340e+00\n  188    0 1.0000000000 -4.6160520241e+00 -4.4100375366e+00\n  189    0 1.0000000000 -4.6749916729e+00 -4.3999120255e+00\n  190    0 1.0000000000 -4.7284365894e+00 -4.3908247961e+00\n  191    0 1.0000000000 -4.7761279750e+00 -4.3827849985e+00\n  192    0 1.0000000000 -4.8178519927e+00 -4.3758007280e+00\n  193    0 1.0000000000 -4.8534327823e+00 -4.3698790173e+00\n  194    0 1.0000000000 -4.8827276163e+00 -4.3650258291e+00\n  195    0 1.0000000000 -4.9056234786e+00 -4.3612460500e+00\n  196    0 1.0000000000 -4.9220346392e+00 -4.3585434859e+00\n  197    0 1.0000000000 -4.9319009651e+00 -4.3569208583e+00\n  198    0 1.0000000000 -4.9351868065e+00 -4.3563798008e+00\n  199    0 1.0000000000 -4.9274959841e+00 -4.3574685736e+00\n  200    0 1.0000000000 -4.9045872859e+00 -4.3608136431e+00\n  201    0 1.0000000000 -4.8669373915e+00 -4.3666508612e+00\n  202    0 1.0000000000 -4.8153833504e+00 -4.3753719803e+00\n  203    0 1.0000000000 -4.7512042690e+00 -4.3875226577e+00\n  204    0 1.0000000000 -4.6762769748e+00 -4.4037996733e+00\n  205    0 1.0000000000 -4.5933707948e+00 -4.4250473734e+00\n  206    0 1.0000000000 -4.5067079913e+00 -4.4522533544e+00\n  207    0 1.0000000000 -4.4229979426e+00 -4.4865434057e+00\n  208    0 1.0000000000 -4.3530628378e+00 -4.5291757325e+00\n  209    0 1.0000000000 -4.3129769803e+00 -4.5815344838e+00\n  210    0 1.0000000000 -4.3202795291e+00 -4.6451226120e+00\n  211    0 1.0000000000 -4.3829150402e+00 -4.7215540955e+00\n  212    0 1.0000000000 -4.4945345011e+00 -4.8125455570e+00\n  213    0 1.0000000000 -4.6435543557e+00 -4.9199073127e+00\n  214    0 1.0000000000 -4.8210106867e+00 -5.0455338912e+00\n  215    0 1.0000000000 -5.0217186994e+00 -5.1913940617e+00\n  216    0 1.0000000000 -5.2431233667e+00 -5.3595204152e+00\n  217    0 1.0000000000 -5.4842452315e+00 -5.5519985411e+00\n  218    0 1.0000000000 -5.7450467116e+00 -5.7709558488e+00\n  219    0 1.0000000000 -6.0260845574e+00 -6.0185500776e+00\n  220    0 1.0000000000 -6.3283205098e+00 -6.2969575487e+00\n  221    0 1.0000000000 -6.6530157524e+00 -6.6083612064e+00\n  222    0 1.0000000000 -7.0016697454e+00 -6.9549385012e+00\n  223    0 1.0000000000 -7.3759826460e+00 -7.3388491669e+00\n  224    0 1.0000000000 -7.7778300233e+00 -7.7622229446e+00\n  225    0 1.0000000000 -8.2092434803e+00 -8.2271473053e+00\n  226    0 1.0000000000 -8.6723934063e+00 -8.7356552267e+00\n  227    0 1.0000000000 -9.1695715444e+00 -9.2897130744e+00\n  228    0 1.0000000000 -9.7031719478e+00 -9.8912086426e+00\n  229    0 1.0000000000 -1.0275669486e+01 -1.0541939405e+01\n  230    0 1.0000000000 -1.0889595512e+01 -1.1243601030e+01\n  231    0 1.0000000000 -1.1547510643e+01 -1.1997776205e+01\n  232    0 1.0000000000 -1.2251974948e+01 -1.2805923824e+01\n  233    0 1.0000000000 -1.3005516038e+01 -1.3669368590e+01\n  234    0 1.0000000000 -1.3810595808e+01 -1.4589291069e+01\n  235    0 1.0000000000 -1.4669576665e+01 -1.5566718245e+01\n  236    0 1.0000000000 -1.5584688171e+01 -1.6602514622e+01\n  237    0 1.0000000000 -1.6557994978e+01 -1.7697373909e+01\n  238    0 1.0000000000 -1.7591366877e+01 -1.8851811330e+01\n  239    0 1.0000000000 -1.8686451617e+01 -2.0066156592e+01\n  240    0 1.0000000000 -1.9844650997e+01 -2.1340547539e+01\n  241    0 1.0000000000 -2.1067100523e+01 -2.2674924542e+01\n  242    0 1.0000000000 -2.2354652759e+01 -2.4069025630e+01\n  243    0 1.0000000000 -2.3707864319e+01 -2.5522382393e+01\n  244    0 1.0000000000 -2.5126986335e+01 -2.7034316697e+01\n  245    0 1.0000000000 -2.6611958145e+01 -2.8603938196e+01\n  246    0 1.0000000000 -2.8162403865e+01 -3.0230142688e+01\n  247    0 1.0000000000 -2.9777631531e+01 -3.1911611309e+01\n  248    0 1.0000000000 -3.1456634458e+01 -3.3646810577e+01\n  249    0 1.0000000000 -3.3198094509e+01 -3.5433993293e+01\n  250    0 1.0000000000 -3.5000387011e+01 -3.7271200301e+01\n  251    0 1.0000000000 -3.6861587058e+01 -3.9156263104e+01\n  252    0 1.0000000000 -3.8779477026e+01 -4.1086807330e+01\n  253    0 1.0000000000 -4.0751555132e+01 -4.3060257040e+01\n  254    0 1.0000000000 -4.2775044918e+01 -4.5073839865e+01\n  255    0 1.0000000000 -4.4846905562e+01 -4.7124592966e+01\n  256    0 1.0000000000 -4.6963842947e+01 -4.9209369774e+01\n  257    0 1.0000000000 -4.9122321433e+01 -5.1324847523e+01\n  258    0 1.0000000000 -5.1318576286e+01 -5.3467535517e+01\n  259    0 1.0000000000 -5.3548626740e+01 -5.5633784125e+01\n  260    0 1.0000000000 -5.5808289639e+01 -5.7819794464e+01\n  261    0 1.0000000000 -5.8093193670e+01 -6.0021628737e+01\n  262    0 1.0000000000 -6.0398794116e+01 -6.2235221194e+01\n  263    0 1.0000000000 -6.2720388133e+01 -6.4456389667e+01\n  264    0 1.0000000000 -6.5053130509e+01 -6.6680847646e+01\n  265    0 1.0000000000 -6.7392049862e+01 -6.8904216852e+01\n  266    0 1.0000000000 -6.9732065257e+01 -7.1122040256e+01\n  267    0 1.0000000000 -7.2068003189e+01 -7.3329795495e+01\n  268    0 1.0000000000 -7.4394614880e+01 -7.5522908649e+01\n  269    0 1.0000000000 -7.6706593870e+01 -7.7696768310e+01\n  270    0 1.0000000000 -7.8998593820e+01 -7.9846739902e+01\n  271    0 1.0000000000 -8.1265246489e+01 -8.1968180196e+01\n  272    0 1.0000000000 -8.3501179829e+01 -8.4056451964e+01\n  273    0 1.0000000000 -8.5701036134e+01 -8.6106938722e+01\n  274    0 1.0000000000 -8.7859490189e+01 -8.8115059495e+01\n  275    0 1.0000000000 -8.9971267352e+01 -9.0076283569e+01\n  276    0 1.0000000000 -9.2031161510e+01 -9.1986145150e+01\n  277    0 1.0000000000 -9.4034052848e+01 -9.3840257893e+01\n  278    0 1.0000000000 -9.5974925365e+01 -9.5634329235e+01\n  279    0 1.0000000000 -9.7848884073e+01 -9.7364174487e+01\n  280    0 1.0000000000 -9.9651171820e+01 -9.9025730624e+01\n  281    0 1.0000000000 -1.0137718568e+02 -1.0061506972e+02\n  282    0 1.0000000000 -1.0302249283e+02 -1.0212841199e+02\n  283    0 1.0000000000 -1.0458284589e+02 -1.0356213836e+02\n  284    0 1.0000000000 -1.0605419763e+02 -1.0491280255e+02\n  285    0 1.0000000000 -1.0743271503e+02 -1.0617714262e+02\n  286    0 1.0000000000 -1.0871479257e+02 -1.0735209191e+02\n  287    0 1.0000000000 -1.0989706480e+02 -1.0843478934e+02\n  288    0 1.0000000000 -1.1097641810e+02 -1.0942258905e+02\n  289    0 1.0000000000 -1.1195000148e+02 -1.1031306933e+02\n  290    0 1.0000000000 -1.1281523660e+02 -1.1110404082e+02\n  291    0 1.0000000000 -1.1356982676e+02 -1.1179355388e+02\n  292    0 1.0000000000 -1.1421176494e+02 -1.1237990524e+02\n  293    0 1.0000000000 -1.1473934082e+02 -1.1286164377e+02\n  294    0 1.0000000000 -1.1515114681e+02 -1.1323757538e+02\n  295    0 1.0000000000 -1.1544608296e+02 -1.1350676710e+02\n  296    0 1.0000000000 -1.1562336080e+02 -1.1366855024e+02\n  297    0 1.0000000000 -1.1568250616e+02 -1.1372252268e+02\n