SINGLE-ORBITAL NN+NNN EFFECTIVE MODEL FIT

m=5
eon=0.0
t0=1.0
l_decay=3.5
dl=0.1
pairing=./m=5/pairing.txt
microscopic_orbitals=52

E_eff(k) = eps0 + 2*t1[cos(k.u1)+cos(k.u2)] + 4*t2*cos(k.u1)*cos(k.u2)

eps0     = -4.37202812667042e+01
t1       = -1.62392369545805e+01
t2       = -7.13130715816375e+00

RMSE=7.11383538641411e-01
MAE=6.16723406342268e-01
max_abs_error=1.48955343518421e+00
optimizer_success=True
optimizer_message=Linear least-squares solution
minimum_tracking_continuity=1.0000000000
mean_tracking_continuity=1.0000000000

# k_index idx continuity target fit\n    0    0 1.0000000000 -1.3803997571e+02 -1.3720245772e+02\n    1    0 1.0000000000 -1.3800804050e+02 -1.3717174494e+02\n    2    0 1.0000000000 -1.3791226771e+02 -1.3707963753e+02\n    3    0 1.0000000000 -1.3775275576e+02 -1.3692622823e+02\n    4    0 1.0000000000 -1.3752966858e+02 -1.3671167151e+02\n    5    0 1.0000000000 -1.3724323549e+02 -1.3643618342e+02\n    6    0 1.0000000000 -1.3689375092e+02 -1.3610004134e+02\n    7    0 1.0000000000 -1.3648157416e+02 -1.3570358375e+02\n    8    0 1.0000000000 -1.3600712903e+02 -1.3524720983e+02\n    9    0 1.0000000000 -1.3547090344e+02 -1.3473137913e+02\n   10    0 1.0000000000 -1.3487344898e+02 -1.3415661104e+02\n   11    0 1.0000000000 -1.3421538033e+02 -1.3352348430e+02\n   12    0 1.0000000000 -1.3349737472e+02 -1.3283263641e+02\n   13    0 1.0000000000 -1.3272017129e+02 -1.3208476301e+02\n   14    0 1.0000000000 -1.3188457036e+02 -1.3128061713e+02\n   15    0 1.0000000000 -1.3099143268e+02 -1.3042100849e+02\n   16    0 1.0000000000 -1.3004167863e+02 -1.2950680264e+02\n   17    0 1.0000000000 -1.2903628735e+02 -1.2853892010e+02\n   18    0 1.0000000000 -1.2797629579e+02 -1.2751833545e+02\n   19    0 1.0000000000 -1.2686279778e+02 -1.2644607634e+02\n   20    0 1.0000000000 -1.2569694294e+02 -1.2532322243e+02\n   21    0 1.0000000000 -1.2447993567e+02 -1.2415090435e+02\n   22    0 1.0000000000 -1.2321303396e+02 -1.2293030252e+02\n   23    0 1.0000000000 -1.2189754826e+02 -1.2166264598e+02\n   24    0 1.0000000000 -1.2053484024e+02 -1.2034921116e+02\n   25    0 1.0000000000 -1.1912632152e+02 -1.1899132057e+02\n   26    0 1.0000000000 -1.1767345237e+02 -1.1759034149e+02\n   27    0 1.0000000000 -1.1617774037e+02 -1.1614768460e+02\n   28    0 1.0000000000 -1.1464073899e+02 -1.1466480252e+02\n   29    0 1.0000000000 -1.1306404620e+02 -1.1314318839e+02\n   30    0 1.0000000000 -1.1144930299e+02 -1.1158437434e+02\n   31    0 1.0000000000 -1.0979819186e+02 -1.0998992998e+02\n   32    0 1.0000000000 -1.0811243532e+02 -1.0836146077e+02\n   33    0 1.0000000000 -1.0639379431e+02 -1.0670060645e+02\n   34    0 1.0000000000 -1.0464406661e+02 -1.0500903934e+02\n   35    0 1.0000000000 -1.0286508524e+02 -1.0328846272e+02\n   36    0 1.0000000000 -1.0105871680e+02 -1.0154060906e+02\n   37    0 1.0000000000 -9.9226859831e+01 -9.9767238302e+01\n   38    0 1.0000000000 -9.7371443094e+01 -9.7970136079e+01\n   39    0 1.0000000000 -9.5494423892e+01 -9.6151111921e+01\n   40    0 1.0000000000 -9.3597786325e+01 -9.4311997431e+01\n   41    0 1.0000000000 -9.1683539547e+01 -9.2454644441e+01\n   42    0 1.0000000000 -8.9753715998e+01 -9.0580923149e+01\n   43    0 1.0000000000 -8.7810369617e+01 -8.8692720233e+01\n   44    0 1.0000000000 -8.5855574032e+01 -8.6791936953e+01\n   45    0 1.0000000000 -8.3891420736e+01 -8.4880487237e+01\n   46    0 1.0000000000 -8.1920017231e+01 -8.2960295753e+01\n   47    0 1.0000000000 -7.9943485148e+01 -8.1033295970e+01\n   48    0 1.0000000000 -7.7963958332e+01 -7.9101428215e+01\n   49    0 1.0000000000 -7.5983580895e+01 -7.7166637714e+01\n   50    0 1.0000000000 -7.4004505218e+01 -7.5230872638e+01\n   51    0 1.0000000000 -7.2028889894e+01 -7.3296082137e+01\n   52    0 1.0000000000 -7.0058897611e+01 -7.1364214381e+01\n   53    0 1.0000000000 -6.8096692946e+01 -6.9437214599e+01\n   54    0 1.0000000000 -6.6144440060e+01 -6.7517023115e+01\n   55    0 1.0000000000 -6.4204300269e+01 -6.5605573399e+01\n   56    0 1.0000000000 -6.2278429466e+01 -6.3704790119e+01\n   57    0 1.0000000000 -6.0368975371e+01 -6.1816587202e+01\n   58    0 1.0000000000 -5.8478074559e+01 -5.9942865910e+01\n   59    0 1.0000000000 -5.6607849251e+01 -5.8085512921e+01\n   60    0 1.0000000000 -5.4760403799e+01 -5.6246398431e+01\n   61    0 1.0000000000 -5.2937820837e+01 -5.4427374273e+01\n   62    0 1.0000000000 -5.1142157043e+01 -5.2630272050e+01\n   63    0 1.0000000000 -4.9375438451e+01 -5.0856901291e+01\n   64    0 1.0000000000 -4.7639655273e+01 -4.9109047632e+01\n   65    0 1.0000000000 -4.5936756177e+01 -4.7388471011e+01\n   66    0 1.0000000000 -4.4268641977e+01 -4.5696903905e+01\n   67    0 1.0000000000 -4.2637158714e+01 -4.4036049577e+01\n   68    0 1.0000000000 -4.1044090110e+01 -4.2407580368e+01\n   69    0 1.0000000000 -3.9491149427e+01 -4.0813136007e+01\n   70    0 1.0000000000 -3.7979970774e+01 -3.9254321965e+01\n   71    0 1.0000000000 -3.6512099979e+01 -3.7732707836e+01\n   72    0 1.0000000000 -3.5088985175e+01 -3.6249825756e+01\n   73    0 1.0000000000 -3.3711967351e+01 -3.4807168861e+01\n   74    0 1.0000000000 -3.2382271142e+01 -3.3406189786e+01\n   75    0 1.0000000000 -3.1100996274e+01 -3.2048299196e+01\n   76    0 1.0000000000 -2.9869110098e+01 -3.0734864373e+01\n   77    0 1.0000000000 -2.8687441755e+01 -2.9467207834e+01\n   78    0 1.0000000000 -2.7556678535e+01 -2.8246606002e+01\n   79    0 1.0000000000 -2.6477365032e+01 -2.7074287920e+01\n   80    0 1.0000000000 -2.5449905662e+01 -2.5951434012e+01\n   81    0 1.0000000000 -2.4474571068e+01 -2.4879174897e+01\n   82    0 1.0000000000 -2.3551508792e+01 -2.3858590249e+01\n   83    0 1.0000000000 -2.2680758450e+01 -2.2890707711e+01\n   84    0 1.0000000000 -2.1862271417e+01 -2.1976501857e+01\n   85    0 1.0000000000 -2.1095934709e+01 -2.1116893217e+01\n   86    0 1.0000000000 -2.0381598490e+01 -2.0312747343e+01\n   87    0 1.0000000000 -1.9719106160e+01 -1.9564873941e+01\n   88    0 1.0000000000 -1.9108325626e+01 -1.8874026057e+01\n   89    0 1.0000000000 -1.8549179825e+01 -1.8240899316e+01\n   90    0 1.0000000000 -1.8041674125e+01 -1.7666131223e+01\n   91    0 1.0000000000 -1.7585917731e+01 -1.7150300520e+01\n   92    0 1.0000000000 -1.7182135985e+01 -1.6693926606e+01\n   93    0 1.0000000000 -1.6830670407e+01 -1.6297469011e+01\n   94    0 1.0000000000 -1.6531963964e+01 -1.5961326933e+01\n   95    0 1.0000000000 -1.6286530411e+01 -1.5685838839e+01\n   96    0 1.0000000000 -1.6094908856e+01 -1.5471282122e+01\n   97    0 1.0000000000 -1.5957607747e+01 -1.5317872824e+01\n   98    0 1.0000000000 -1.5875045609e+01 -1.5225765413e+01\n   99    0 1.0000000000 -1.5847498139e+01 -1.5195052634e+01\n  100    0 1.0000000000 -1.5845449093e+01 -1.5193062343e+01\n  101    0 1.0000000000 -1.5839308101e+01 -1.5187093472e+01\n  102    0 1.0000000000 -1.5829080287e+01 -1.5177152033e+01\n  103    0 1.0000000000 -1.5814774186e+01 -1.5163248036e+01\n  104    0 1.0000000000 -1.5796401736e+01 -1.5145395480e+01\n  105    0 1.0000000000 -1.5773978261e+01 -1.5123612342e+01\n  106    0 1.0000000000 -1.5747522454e+01 -1.5097920555e+01\n  107    0 1.0000000000 -1.5717056354e+01 -1.5068345989e+01\n  108    0 1.0000000000 -1.5682605322e+01 -1.5034918423e+01\n  109    0 1.0000000000 -1.5644198007e+01 -1.4997671516e+01\n  110    0 1.0000000000 -1.5601866315e+01 -1.4956642772e+01\n  111    0 1.0000000000 -1.5555645370e+01 -1.4911873504e+01\n  112    0 1.0000000000 -1.5505573473e+01 -1.4863408790e+01\n  113    0 1.0000000000 -1.5451692053e+01 -1.4811297430e+01\n  114    0 1.0000000000 -1.5394045623e+01 -1.4755591897e+01\n  115    0 1.0000000000 -1.5332681721e+01 -1.4696348280e+01\n  116    0 1.0000000000 -1.5267650859e+01 -1.4633626233e+01\n  117    0 1.0000000000 -1.5199006458e+01 -1.4567488913e+01\n  118    0 1.0000000000 -1.5126804785e+01 -1.4498002912e+01\n  119    0 1.0000000000 -1.5051104887e+01 -1.4425238199e+01\n  120    0 1.0000000000 -1.4971968519e+01 -1.4349268041e+01\n  121    0 1.0000000000 -1.4889460072e+01 -1.4270168934e+01\n  122    0 1.0000000000 -1.4803646491e+01 -1.4188020523e+01\n  123    0 1.0000000000 -1.4714597201e+01 -1.4102905525e+01\n  124    0 1.0000000000 -1.4622384015e+01 -1.4014909644e+01\n  125    0 1.0000000000 -1.4527081058e+01 -1.3924121484e+01\n  126    0 1.0000000000 -1.4428764667e+01 -1.3830632461e+01\n  127    0 1.0000000000 -1.4327513307e+01 -1.3734536710e+01\n  128    0 1.0000000000 -1.4223407471e+01 -1.3635930993e+01\n  129    0 1.0000000000 -1.4116529587e+01 -1.3534914595e+01\n  130    0 1.0000000000 -1.4006963915e+01 -1.3431589234e+01\n  131    0 1.0000000000 -1.3894796445e+01 -1.3326058947e+01\n  132    0 1.0000000000 -1.3780114796e+01 -1.3218429996e+01\n  133    0 1.0000000000 -1.3663008107e+01 -1.3108810753e+01\n  134    0 1.0000000000 -1.3543566930e+01 -1.2997311596e+01\n  135    0 1.0000000000 -1.3421883121e+01 -1.2884044795e+01\n  136    0 1.0000000000 -1.3298049728e+01 -1.2769124401e+01\n  137    0 1.0000000000 -1.3172160878e+01 -1.2652666127e+01\n  138    0 1.0000000000 -1.3044311667e+01 -1.2534787239e+01\n  139    0 1.0000000000 -1.2914598038e+01 -1.2415606429e+01\n  140    0 1.0000000000 -1.2783116675e+01 -1.2295243703e+01\n  141    0 1.0000000000 -1.2649964877e+01 -1.2173820256e+01\n  142    0 1.0000000000 -1.2515240451e+01 -1.2051458351e+01\n  143    0 1.0000000000 -1.2379041586e+01 -1.1928281196e+01\n  144    0 1.0000000000 -1.2241466747e+01 -1.1804412820e+01\n  145    0 1.0000000000 -1.2102614550e+01 -1.1679977948e+01\n  146    0 1.0000000000 -1.1962583650e+01 -1.1555101875e+01\n  147    0 1.0000000000 -1.1821472630e+01 -1.1429910342e+01\n  148    0 1.0000000000 -1.1679379882e+01 -1.1304529404e+01\n  149    0 1.0000000000 -1.1536403502e+01 -1.1179085311e+01\n  150    0 1.0000000000 -1.1392641174e+01 -1.1053704374e+01\n  151    0 1.0000000000 -1.1248190073e+01 -1.0928512840e+01\n  152    0 1.0000000000 -1.1103146754e+01 -1.0803636767e+01\n  153    0 1.0000000000 -1.0957607058e+01 -1.0679201895e+01\n  154    0 1.0000000000 -1.0811666016e+01 -1.0555333519e+01\n  155    0 1.0000000000 -1.0665417761e+01 -1.0432156364e+01\n  156    0 1.0000000000 -1.0518955446e+01 -1.0309794459e+01\n  157    0 1.0000000000 -1.0372371175e+01 -1.0188371012e+01\n  158    0 1.0000000000 -1.0225755932e+01 -1.0068008286e+01\n  159    0 1.0000000000 -1.0079199540e+01 -9.9488274765e+00\n  160    0 1.0000000000 -9.9327906188e+00 -9.8309485878e+00\n  161    0 1.0000000000 -9.7866165721e+00 -9.7144903143e+00\n  162    0 1.0000000000 -9.6407635968e+00 -9.5995699196e+00\n  163    0 1.0000000000 -9.4953167224e+00 -9.4863031188e+00\n  164    0 1.0000000000 -9.3503598938e+00 -9.3748039620e+00\n  165    0 1.0000000000 -9.2059761093e+00 -9.2651847193e+00\n  166    0 1.0000000000 -9.0622476328e+00 -9.1575557681e+00\n  167    0 1.0000000000 -8.9192563131e+00 -9.0520254815e+00\n  168    0 1.0000000000 -8.7770840491e+00 -8.9487001197e+00\n  169    0 1.0000000000 -8.6358134716e+00 -8.8476837225e+00\n  170    0 1.0000000000 -8.4955289438e+00 -8.7490780048e+00\n  171    0 1.0000000000 -8.3563180496e+00 -8.6529822543e+00\n  172    0 1.0000000000 -8.2182738476e+00 -8.5594932312e+00\n  173    0 1.0000000000 -8.0814983691e+00 -8.4687050711e+00\n  174    0 1.0000000000 -7.9461082124e+00 -8.3807091900e+00\n  175    0 1.0000000000 -7.8122438177e+00 -8.2955941921e+00\n  176    0 1.0000000000 -7.6800855193e+00 -8.2134457812e+00\n  177    0 1.0000000000 -7.5498827649e+00 -8.1343466737e+00\n  178    0 1.0000000000 -7.4220105321e+00 -8.0583765156e+00\n  179    0 1.0000000000 -7.2970858136e+00 -7.9856118026e+00\n  180    0 1.0000000000 -7.1762258397e+00 -7.9161258025e+00\n  181    0 1.0000000000 -7.0616531574e+00 -7.8499884819e+00\n  182    0 1.0000000000 -6.9580577860e+00 -7.7872664353e+00\n  183    0 1.0000000000 -6.8743846172e+00 -7.7280228186e+00\n  184    0 1.0000000000 -6.8199164291e+00 -7.6723172850e+00\n  185    0 1.0000000000 -6.7919065088e+00 -7.6202059254e+00\n  186    0 1.0000000000 -6.7792316415e+00 -7.5717412115e+00\n  187    0 1.0000000000 -6.7739795237e+00 -7.5269719431e+00\n  188    0 1.0000000000 -6.7723175551e+00 -7.4859431990e+00\n  189    0 1.0000000000 -6.7724496147e+00 -7.4486962918e+00\n  190    0 1.0000000000 -6.7734761810e+00 -7.4152687258e+00\n  191    0 1.0000000000 -6.7749098407e+00 -7.3856941600e+00\n  192    0 1.0000000000 -6.7764675653e+00 -7.3600023732e+00\n  193    0 1.0000000000 -6.7779756696e+00 -7.3382192350e+00\n  194    0 1.0000000000 -6.7793231769e+00 -7.3203666792e+00\n  195    0 1.0000000000 -6.7804374910e+00 -7.3064626817e+00\n  196    0 1.0000000000 -6.7812710822e+00 -7.2965212428e+00\n  197    0 1.0000000000 -6.7817939925e+00 -7.2905523725e+00\n  198    0 1.0000000000 -6.7819896453e+00 -7.2885620810e+00\n  199    0 1.0000000000 -6.7788073137e+00 -7.2925498942e+00\n  200    0 1.0000000000 -6.7700772934e+00 -7.3045960307e+00\n  201    0 1.0000000000 -6.7586324072e+00 -7.3249481490e+00\n  202    0 1.0000000000 -6.7504060581e+00 -7.3540175739e+00\n  203    0 1.0000000000 -6.7564357229e+00 -7.3923771429e+00\n  204    0 1.0000000000 -6.7941160862e+00 -7.4407582059e+00\n  205    0 1.0000000000 -6.8812773054e+00 -7.5000467874e+00\n  206    0 1.0000000000 -7.0226613021e+00 -7.5712789313e+00\n  207    0 1.0000000000 -7.2089130173e+00 -7.6556352449e+00\n  208    0 1.0000000000 -7.4285708214e+00 -7.7544346678e+00\n  209    0 1.0000000000 -7.6740773748e+00 -7.8691274908e+00\n  210    0 1.0000000000 -7.9414369044e+00 -8.0012876550e+00\n  211    0 1.0000000000 -8.2288143947e+00 -8.1526043647e+00\n  212    0 1.0000000000 -8.5355954676e+00 -8.3248730485e+00\n  213    0 1.0000000000 -8.8618758797e+00 -8.5199857084e+00\n  214    0 1.0000000000 -9.2081931385e+00 -8.7399206979e+00\n  215    0 1.0000000000 -9.5753828582e+00 -8.9867319728e+00\n  216    0 1.0000000000 -9.9644993268e+00 -9.2625378606e+00\n  217    0 1.0000000000 -1.0376769901e+01 -9.5695093973e+00\n  218    0 1.0000000000 -1.0813567658e+01 -9.9098582809e+00\n  219    0 1.0000000000 -1.1276394029e+01 -1.0285824494e+01\n  220    0 1.0000000000 -1.1766866802e+01 -1.0699663650e+01\n  221    0 1.0000000000 -1.2286710799e+01 -1.1153634111e+01\n  222    0 1.0000000000 -1.2837749594e+01 -1.1649983949e+01\n  223    0 1.0000000000 -1.3421897183e+01 -1.2190937783e+01\n  224    0 1.0000000000 -1.4041148925e+01 -1.2778683573e+01\n  225    0 1.0000000000 -1.4697571241e+01 -1.3415359410e+01\n  226    0 1.0000000000 -1.5393289779e+01 -1.4103040374e+01\n  227    0 1.0000000000 -1.6130475824e+01 -1.4843725507e+01\n  228    0 1.0000000000 -1.6911330879e+01 -1.5639324960e+01\n  229    0 1.0000000000 -1.7738069434e+01 -1.6491647378e+01\n  230    0 1.0000000000 -1.8612900016e+01 -1.7402387569e+01\n  231    0 1.0000000000 -1.9538004713e+01 -1.8373114516e+01\n  232    0 1.0000000000 -2.0515517440e+01 -1.9405259790e+01\n  233    0 1.0000000000 -2.1547501280e+01 -2.0500106406e+01\n  234    0 1.0000000000 -2.2635925254e+01 -2.1658778181e+01\n  235    0 1.0000000000 -2.3782640944e+01 -2.2882229638e+01\n  236    0 1.0000000000 -2.4989359380e+01 -2.4171236501e+01\n  237    0 1.0000000000 -2.6257628580e+01 -2.5526386834e+01\n  238    0 1.0000000000 -2.7588812133e+01 -2.6948072854e+01\n  239    0 1.0000000000 -2.8984069153e+01 -2.8436483459e+01\n  240    0 1.0000000000 -3.0444335891e+01 -2.9991597517e+01\n  241    0 1.0000000000 -3.1970309212e+01 -3.1613177932e+01\n  242    0 1.0000000000 -3.3562432113e+01 -3.3300766541e+01\n  243    0 1.0000000000 -3.5220881367e+01 -3.5053679838e+01\n  244    0 1.0000000000 -3.6945557348e+01 -3.6871005573e+01\n  245    0 1.0000000000 -3.8736076018e+01 -3.8751600241e+01\n  246    0 1.0000000000 -4.0591763046e+01 -4.0694087465e+01\n  247    0 1.0000000000 -4.2511649977e+01 -4.2696857304e+01\n  248    0 1.0000000000 -4.4494472354e+01 -4.4758066473e+01\n  249    0 1.0000000000 -4.6538669682e+01 -4.6875639512e+01\n  250    0 1.0000000000 -4.8642387131e+01 -4.9047270865e+01\n  251    0 1.0000000000 -5.0803478840e+01 -5.1270427907e+01\n  252    0 1.0000000000 -5.3019512722e+01 -5.3542354885e+01\n  253    0 1.0000000000 -5.5287776653e+01 -5.5860077772e+01\n  254    0 1.0000000000 -5.7605285945e+01 -5.8220410033e+01\n  255    0 1.0000000000 -5.9968792014e+01 -6.0619959260e+01\n  256    0 1.0000000000 -6.2374792142e+01 -6.3055134681e+01\n  257    0 1.0000000000 -6.4819540262e+01 -6.5522155507e+01\n  258    0 1.0000000000 -6.7299058701e+01 -6.8017060087e+01\n  259    0 1.0000000000 -6.9809150794e+01 -7.0535715847e+01\n  260    0 1.0000000000 -7.2345414318e+01 -7.3073829977e+01\n  261    0 1.0000000000 -7.4903255685e+01 -7.5626960826e+01\n  262    0 1.0000000000 -7.7477904833e+01 -7.8190529972e+01\n  263    0 1.0000000000 -8.0064430760e+01 -8.0759834910e+01\n  264    0 1.0000000000 -8.2657757638e+01 -8.3330062334e+01\n  265    0 1.0000000000 -8.5252681470e+01 -8.5896301945e+01\n  266    0 1.0000000000 -8.7843887208e+01 -8.8453560746e+01\n  267    0 1.0000000000 -9.0425966293e+01 -9.0996777774e+01\n  268    0 1.0000000000 -9.2993434561e+01 -9.3520839199e+01\n  269    0 1.0000000000 -9.5540750435e+01 -9.6020593760e+01\n  270    0 1.0000000000 -9.8062333373e+01 -9.8490868456e+01\n  271    0 1.0000000000 -1.0055258248e+02 -1.0092648445e+02\n  272    0 1.0000000000 -1.0300589523e+02 -1.0332227314e+02\n  273    0 1.0000000000 -1.0541668629e+02 -1.0567309224e+02\n  274    0 1.0000000000 -1.0777940626e+02 -1.0797384205e+02\n  275    0 1.0000000000 -1.1008856038e+02 -1.1021948149e+02\n  276    0 1.0000000000 -1.1233872708e+02 -1.1240504421e+02\n  277    0 1.0000000000 -1.1452457636e+02 -1.1452565448e+02\n  278    0 1.0000000000 -1.1664088786e+02 -1.1657654284e+02\n  279    0 1.0000000000 -1.1868256858e+02 -1.1855306153e+02\n  280    0 1.0000000000 -1.2064467025e+02 -1.2045069958e+02\n  281    0 1.0000000000 -1.2252240623e+02 -1.2226509747e+02\n  282    0 1.0000000000 -1.2431116785e+02 -1.2399206142e+02\n  283    0 1.0000000000 -1.2600654020e+02 -1.2562757711e+02\n  284    0 1.0000000000 -1.2760431729e+02 -1.2716782290e+02\n  285    0 1.0000000000 -1.2910051647e+02 -1.2860918242e+02\n  286    0 1.0000000000 -1.3049139216e+02 -1.2994825656e+02\n  287    0 1.0000000000 -1.3177344874e+02 -1.3118187471e+02\n  288    0 1.0000000000 -1.3294345260e+02 -1.3230710528e+02\n  289    0 1.0000000000 -1.3399844332e+02 -1.3332126551e+02\n  290    0 1.0000000000 -1.3493574389e+02 -1.3422193032e+02\n  291    0 1.0000000000 -1.3575296998e+02 -1.3500694050e+02\n  292    0 1.0000000000 -1.3644803817e+02 -1.3567440987e+02\n  293    0 1.0000000000 -1.3701917320e+02 -1.3622273160e+02\n  294    0 1.0000000000 -1.3746491412e+02 -1.3665058361e+02\n  295    0 1.0000000000 -1.3778411933e+02 -1.3695693296e+02\n  296    0 1.0000000000 -1.3797597055e+02 -1.3714103939e+02\n  297    0 1.0000000000 -1.3803997571e+02 -1.3720245772e+02\n