SINGLE-ORBITAL NN+NNN EFFECTIVE MODEL FIT

m=6
eon=0.0
t0=1.0
l_decay=3.5
dl=0.1
pairing=./m=6/pairing.txt
microscopic_orbitals=74

E_eff(k) = eps0 + 2*t1[cos(k.u1)+cos(k.u2)] + 4*t2*cos(k.u1)*cos(k.u2)

eps0     = -5.46928467765096e+01
t1       = -1.80365278507445e+01
t2       = -7.26411441311798e+00

RMSE=1.15552540420285e+00
MAE=8.74145433034413e-01
max_abs_error=3.01299320700344e+00
optimizer_success=True
optimizer_message=Linear least-squares solution
minimum_tracking_continuity=1.0000000000
mean_tracking_continuity=1.0000000000

# k_index idx continuity target fit\n    0    0 1.0000000000 -1.5536091758e+02 -1.5589541583e+02\n    1    0 1.0000000000 -1.5532852307e+02 -1.5586262588e+02\n    2    0 1.0000000000 -1.5523137230e+02 -1.5576428905e+02\n    3    0 1.0000000000 -1.5506956345e+02 -1.5560050435e+02\n    4    0 1.0000000000 -1.5484326012e+02 -1.5537143671e+02\n    5    0 1.0000000000 -1.5455269107e+02 -1.5507731676e+02\n    6    0 1.0000000000 -1.5419815003e+02 -1.5471844068e+02\n    7    0 1.0000000000 -1.5377999541e+02 -1.5429516981e+02\n    8    0 1.0000000000 -1.5329864992e+02 -1.5380793035e+02\n    9    0 1.0000000000 -1.5275460013e+02 -1.5325721292e+02\n   10    0 1.0000000000 -1.5214839604e+02 -1.5264357203e+02\n   11    0 1.0000000000 -1.5148065044e+02 -1.5196762557e+02\n   12    0 1.0000000000 -1.5075203834e+02 -1.5123005417e+02\n   13    0 1.0000000000 -1.4996329629e+02 -1.5043160049e+02\n   14    0 1.0000000000 -1.4911522160e+02 -1.4957306851e+02\n   15    0 1.0000000000 -1.4820867155e+02 -1.4865532270e+02\n   16    0 1.0000000000 -1.4724456255e+02 -1.4767928715e+02\n   17    0 1.0000000000 -1.4622386913e+02 -1.4664594465e+02\n   18    0 1.0000000000 -1.4514762305e+02 -1.4555633568e+02\n   19    0 1.0000000000 -1.4401691216e+02 -1.4441155739e+02\n   20    0 1.0000000000 -1.4283287936e+02 -1.4321276247e+02\n   21    0 1.0000000000 -1.4159672140e+02 -1.4196115801e+02\n   22    0 1.0000000000 -1.4030968766e+02 -1.4065800427e+02\n   23    0 1.0000000000 -1.3897307890e+02 -1.3930461341e+02\n   24    0 1.0000000000 -1.3758824588e+02 -1.3790234818e+02\n   25    0 1.0000000000 -1.3615658803e+02 -1.3645262054e+02\n   26    0 1.0000000000 -1.3467955198e+02 -1.3495689026e+02\n   27    0 1.0000000000 -1.3315863008e+02 -1.3341666339e+02\n   28    0 1.0000000000 -1.3159535887e+02 -1.3183349083e+02\n   29    0 1.0000000000 -1.2999131747e+02 -1.3020896668e+02\n   30    0 1.0000000000 -1.2834812598e+02 -1.2854472672e+02\n   31    0 1.0000000000 -1.2666744375e+02 -1.2684244667e+02\n   32    0 1.0000000000 -1.2495096768e+02 -1.2510384061e+02\n   33    0 1.0000000000 -1.2320043045e+02 -1.2333065915e+02\n   34    0 1.0000000000 -1.2141759866e+02 -1.2152468775e+02\n   35    0 1.0000000000 -1.1960427100e+02 -1.1968774485e+02\n   36    0 1.0000000000 -1.1776227633e+02 -1.1782168011e+02\n   37    0 1.0000000000 -1.1589347172e+02 -1.1592837250e+02\n   38    0 1.0000000000 -1.1399974046e+02 -1.1400972841e+02\n   39    0 1.0000000000 -1.1208299002e+02 -1.1206767976e+02\n   40    0 1.0000000000 -1.1014514998e+02 -1.1010418203e+02\n   41    0 1.0000000000 -1.0818816987e+02 -1.0812121229e+02\n   42    0 1.0000000000 -1.0621401707e+02 -1.0612076722e+02\n   43    0 1.0000000000 -1.0422467453e+02 -1.0410486110e+02\n   44    0 1.0000000000 -1.0222213856e+02 -1.0207552378e+02\n   45    0 1.0000000000 -1.0020841653e+02 -1.0003479864e+02\n   46    0 1.0000000000 -9.8185524529e+01 -9.7984740499e+01\n   47    0 1.0000000000 -9.6155484953e+01 -9.5927413601e+01\n   48    0 1.0000000000 -9.4120324097e+01 -9.3864889500e+01\n   49    0 1.0000000000 -9.2082069656e+01 -9.1799244981e+01\n   50    0 1.0000000000 -9.0042748190e+01 -8.9732559975e+01\n   51    0 1.0000000000 -8.8004382527e+01 -8.7666915456e+01\n   52    0 1.0000000000 -8.5968989121e+01 -8.5604391355e+01\n   53    0 1.0000000000 -8.3938575340e+01 -8.3547064457e+01\n   54    0 1.0000000000 -8.1915136701e+01 -8.1497006318e+01\n   55    0 1.0000000000 -7.9900654037e+01 -7.9456281172e+01\n   56    0 1.0000000000 -7.7897090604e+01 -7.7426943855e+01\n   57    0 1.0000000000 -7.5906389118e+01 -7.5411037739e+01\n   58    0 1.0000000000 -7.3930468730e+01 -7.3410592671e+01\n   59    0 1.0000000000 -7.1971221930e+01 -7.1427622928e+01\n   60    0 1.0000000000 -7.0030511399e+01 -6.9464125193e+01\n   61    0 1.0000000000 -6.8110166793e+01 -6.7522076543e+01\n   62    0 1.0000000000 -6.6211981483e+01 -6.5603432455e+01\n   63    0 1.0000000000 -6.4337709262e+01 -6.3710124841e+01\n   64    0 1.0000000000 -6.2489061026e+01 -6.1844060102e+01\n   65    0 1.0000000000 -6.0667701460e+01 -6.0007117207e+01\n   66    0 1.0000000000 -5.8875245757e+01 -5.8201145801e+01\n   67    0 1.0000000000 -5.7113256415e+01 -5.6427964345e+01\n   68    0 1.0000000000 -5.5383240149e+01 -5.4689358281e+01\n   69    0 1.0000000000 -5.3686645002e+01 -5.2987078240e+01\n   70    0 1.0000000000 -5.2024857715e+01 -5.1322838272e+01\n   71    0 1.0000000000 -5.0399201473e+01 -4.9698314127e+01\n   72    0 1.0000000000 -4.8810934132e+01 -4.8115141562e+01\n   73    0 1.0000000000 -4.7261247094e+01 -4.6574914697e+01\n   74    0 1.0000000000 -4.5751264988e+01 -4.5079184412e+01\n   75    0 1.0000000000 -4.4282046393e+01 -4.3629456779e+01\n   76    0 1.0000000000 -4.2854585848e+01 -4.2227191551e+01\n   77    0 1.0000000000 -4.1469817463e+01 -4.0873800690e+01\n   78    0 1.0000000000 -4.0128620514e+01 -3.9570646947e+01\n   79    0 1.0000000000 -3.8831827443e+01 -3.8319042487e+01\n   80    0 1.0000000000 -3.7580234821e+01 -3.7120247568e+01\n   81    0 1.0000000000 -3.6374617881e+01 -3.5975469277e+01\n   82    0 1.0000000000 -3.5215749399e+01 -3.4885860308e+01\n   83    0 1.0000000000 -3.4104423784e+01 -3.3852517805e+01\n   84    0 1.0000000000 -3.3041487436e+01 -3.2876482255e+01\n   85    0 1.0000000000 -3.2027876493e+01 -3.1958736445e+01\n   86    0 1.0000000000 -3.1064663231e+01 -3.1100204466e+01\n   87    0 1.0000000000 -3.0153112230e+01 -3.0301750787e+01\n   88    0 1.0000000000 -2.9294747088e+01 -2.9564179384e+01\n   89    0 1.0000000000 -2.8491427465e+01 -2.8888232928e+01\n   90    0 1.0000000000 -2.7745434251e+01 -2.8274592040e+01\n   91    0 1.0000000000 -2.7059556988e+01 -2.7723874604e+01\n   92    0 1.0000000000 -2.6437171624e+01 -2.7236635147e+01\n   93    0 1.0000000000 -2.5882287657e+01 -2.6813364277e+01\n   94    0 1.0000000000 -2.5399532463e+01 -2.6454488192e+01\n   95    0 1.0000000000 -2.4994030405e+01 -2.6160368249e+01\n   96    0 1.0000000000 -2.4671133367e+01 -2.5931300603e+01\n   97    0 1.0000000000 -2.4435980130e+01 -2.5767515906e+01\n   98    0 1.0000000000 -2.4292914542e+01 -2.5669179074e+01\n   99    0 1.0000000000 -2.4244869060e+01 -2.5636389124e+01\n  100    0 1.0000000000 -2.4242016716e+01 -2.5632856564e+01\n  101    0 1.0000000000 -2.4233472655e+01 -2.5622262442e+01\n  102    0 1.0000000000 -2.4219243733e+01 -2.5604617425e+01\n  103    0 1.0000000000 -2.4199341368e+01 -2.5579939279e+01\n  104    0 1.0000000000 -2.4173781532e+01 -2.5548252855e+01\n  105    0 1.0000000000 -2.4142584723e+01 -2.5509590057e+01\n  106    0 1.0000000000 -2.4105775949e+01 -2.5463989815e+01\n  107    0 1.0000000000 -2.4063384692e+01 -2.5411498045e+01\n  108    0 1.0000000000 -2.4015444879e+01 -2.5352167602e+01\n  109    0 1.0000000000 -2.3961994834e+01 -2.5286058226e+01\n  110    0 1.0000000000 -2.3903077240e+01 -2.5213236485e+01\n  111    0 1.0000000000 -2.3838739084e+01 -2.5133775703e+01\n  112    0 1.0000000000 -2.3769031600e+01 -2.5047755890e+01\n  113    0 1.0000000000 -2.3694010211e+01 -2.4955263662e+01\n  114    0 1.0000000000 -2.3613734462e+01 -2.4856392150e+01\n  115    0 1.0000000000 -2.3528267948e+01 -2.4751240909e+01\n  116    0 1.0000000000 -2.3437678238e+01 -2.4639915818e+01\n  117    0 1.0000000000 -2.3342036796e+01 -2.4522528972e+01\n  118    0 1.0000000000 -2.3241418894e+01 -2.4399198569e+01\n  119    0 1.0000000000 -2.3135903521e+01 -2.4270048793e+01\n  120    0 1.0000000000 -2.3025573294e+01 -2.4135209686e+01\n  121    0 1.0000000000 -2.2910514351e+01 -2.3994817020e+01\n  122    0 1.0000000000 -2.2790816254e+01 -2.3849012159e+01\n  123    0 1.0000000000 -2.2666571879e+01 -2.3697941915e+01\n  124    0 1.0000000000 -2.2537877308e+01 -2.3541758404e+01\n  125    0 1.0000000000 -2.2404831707e+01 -2.3380618888e+01\n  126    0 1.0000000000 -2.2267537216e+01 -2.3214685623e+01\n  127    0 1.0000000000 -2.2126098818e+01 -2.3044125689e+01\n  128    0 1.0000000000 -2.1980624219e+01 -2.2869110824e+01\n  129    0 1.0000000000 -2.1831223717e+01 -2.2689817255e+01\n  130    0 1.0000000000 -2.1678010067e+01 -2.2506425514e+01\n  131    0 1.0000000000 -2.1521098350e+01 -2.2319120262e+01\n  132    0 1.0000000000 -2.1360605833e+01 -2.2128090100e+01\n  133    0 1.0000000000 -2.1196651824e+01 -2.1933527377e+01\n  134    0 1.0000000000 -2.1029357539e+01 -2.1735628003e+01\n  135    0 1.0000000000 -2.0858845945e+01 -2.1534591245e+01\n  136    0 1.0000000000 -2.0685241623e+01 -2.1330619530e+01\n  137    0 1.0000000000 -2.0508670609e+01 -2.1123918241e+01\n  138    0 1.0000000000 -2.0329260253e+01 -2.0914695508e+01\n  139    0 1.0000000000 -2.0147139060e+01 -2.0703162001e+01\n  140    0 1.0000000000 -1.9962436539e+01 -2.0489530716e+01\n  141    0 1.0000000000 -1.9775283050e+01 -2.0274016762e+01\n  142    0 1.0000000000 -1.9585809647e+01 -2.0056837143e+01\n  143    0 1.0000000000 -1.9394147928e+01 -1.9838210540e+01\n  144    0 1.0000000000 -1.9200429871e+01 -1.9618357092e+01\n  145    0 1.0000000000 -1.9004787690e+01 -1.9397498172e+01\n  146    0 1.0000000000 -1.8807353670e+01 -1.9175856168e+01\n  147    0 1.0000000000 -1.8608260021e+01 -1.8953654253e+01\n  148    0 1.0000000000 -1.8407638722e+01 -1.8731116166e+01\n  149    0 1.0000000000 -1.8205621369e+01 -1.8508465984e+01\n  150    0 1.0000000000 -1.8002339027e+01 -1.8285927897e+01\n  151    0 1.0000000000 -1.7797922082e+01 -1.8063725982e+01\n  152    0 1.0000000000 -1.7592500096e+01 -1.7842083978e+01\n  153    0 1.0000000000 -1.7386201664e+01 -1.7621225058e+01\n  154    0 1.0000000000 -1.7179154275e+01 -1.7401371610e+01\n  155    0 1.0000000000 -1.6971484176e+01 -1.7182745007e+01\n  156    0 1.0000000000 -1.6763316243e+01 -1.6965565388e+01\n  157    0 1.0000000000 -1.6554773849e+01 -1.6750051434e+01\n  158    0 1.0000000000 -1.6345978749e+01 -1.6536420149e+01\n  159    0 1.0000000000 -1.6137050959e+01 -1.6324886642e+01\n  160    0 1.0000000000 -1.5928108648e+01 -1.6115663909e+01\n  161    0 1.0000000000 -1.5719268039e+01 -1.5908962620e+01\n  162    0 1.0000000000 -1.5510643309e+01 -1.5704990905e+01\n  163    0 1.0000000000 -1.5302346512e+01 -1.5503954147e+01\n  164    0 1.0000000000 -1.5094487501e+01 -1.5306054773e+01\n  165    0 1.0000000000 -1.4887173869e+01 -1.5111492051e+01\n  166    0 1.0000000000 -1.4680510901e+01 -1.4920461888e+01\n  167    0 1.0000000000 -1.4474601549e+01 -1.4733156636e+01\n  168    0 1.0000000000 -1.4269546422e+01 -1.4549764895e+01\n  169    0 1.0000000000 -1.4065443806e+01 -1.4370471326e+01\n  170    0 1.0000000000 -1.3862389711e+01 -1.4195456461e+01\n  171    0 1.0000000000 -1.3660477969e+01 -1.4024896527e+01\n  172    0 1.0000000000 -1.3459800370e+01 -1.3858963262e+01\n  173    0 1.0000000000 -1.3260446886e+01 -1.3697823747e+01\n  174    0 1.0000000000 -1.3062505972e+01 -1.3541640235e+01\n  175    0 1.0000000000 -1.2866065014e+01 -1.3390569991e+01\n  176    0 1.0000000000 -1.2671210957e+01 -1.3244765130e+01\n  177    0 1.0000000000 -1.2478031207e+01 -1.3104372464e+01\n  178    0 1.0000000000 -1.2286614953e+01 -1.2969533357e+01\n  179    0 1.0000000000 -1.2097055119e+01 -1.2840383581e+01\n  180    0 1.0000000000 -1.1909451364e+01 -1.2717053178e+01\n  181    0 1.0000000000 -1.1723914797e+01 -1.2599666332e+01\n  182    0 1.0000000000 -1.1540575737e+01 -1.2488341241e+01\n  183    0 1.0000000000 -1.1359597063e+01 -1.2383190000e+01\n  184    0 1.0000000000 -1.1181198518e+01 -1.2284318488e+01\n  185    0 1.0000000000 -1.1005703964e+01 -1.2191826260e+01\n  186    0 1.0000000000 -1.0833640314e+01 -1.2105806447e+01\n  187    0 1.0000000000 -1.0665961289e+01 -1.2026345665e+01\n  188    0 1.0000000000 -1.0504580269e+01 -1.1953523924e+01\n  189    0 1.0000000000 -1.0353525324e+01 -1.1887414548e+01\n  190    0 1.0000000000 -1.0219853603e+01 -1.1828084105e+01\n  191    0 1.0000000000 -1.0108697311e+01 -1.1775592335e+01\n  192    0 1.0000000000 -1.0016374455e+01 -1.1729992094e+01\n  193    0 1.0000000000 -9.9370934611e+00 -1.1691329295e+01\n  194    0 1.0000000000 -9.8686349984e+00 -1.1659642871e+01\n  195    0 1.0000000000 -9.8115836778e+00 -1.1634964725e+01\n  196    0 1.0000000000 -9.7680002776e+00 -1.1617319708e+01\n  197    0 1.0000000000 -9.7404761733e+00 -1.1606725586e+01\n  198    0 1.0000000000 -9.7311815831e+00 -1.1603193026e+01\n  199    0 1.0000000000 -9.7390235222e+00 -1.1610265510e+01\n  200    0 1.0000000000 -9.7798524449e+00 -1.1631564169e+01\n  201    0 1.0000000000 -9.9087070804e+00 -1.1667332183e+01\n  202    0 1.0000000000 -1.0138019266e+01 -1.1717973395e+01\n  203    0 1.0000000000 -1.0420760467e+01 -1.1784050136e+01\n  204    0 1.0000000000 -1.0732502722e+01 -1.1866280186e+01\n  205    0 1.0000000000 -1.1065492658e+01 -1.1965532894e+01\n  206    0 1.0000000000 -1.1417262961e+01 -1.2082824469e+01\n  207    0 1.0000000000 -1.1787191733e+01 -1.2219312464e+01\n  208    0 1.0000000000 -1.2175437958e+01 -1.2376289470e+01\n  209    0 1.0000000000 -1.2582554198e+01 -1.2555176060e+01\n  210    0 1.0000000000 -1.3009324587e+01 -1.2757512999e+01\n  211    0 1.0000000000 -1.3456689414e+01 -1.2984952767e+01\n  212    0 1.0000000000 -1.3925707006e+01 -1.3239250417e+01\n  213    0 1.0000000000 -1.4417533123e+01 -1.3522253820e+01\n  214    0 1.0000000000 -1.4933409093e+01 -1.3835893332e+01\n  215    0 1.0000000000 -1.5474654414e+01 -1.4182170932e+01\n  216    0 1.0000000000 -1.6042661644e+01 -1.4563148872e+01\n  217    0 1.0000000000 -1.6638892310e+01 -1.4980937891e+01\n  218    0 1.0000000000 -1.7264873125e+01 -1.5437685049e+01\n  219    0 1.0000000000 -1.7922192013e+01 -1.5935561224e+01\n  220    0 1.0000000000 -1.8612493643e+01 -1.6476748330e+01\n  221    0 1.0000000000 -1.9337474234e+01 -1.7063426323e+01\n  222    0 1.0000000000 -2.0098875453e+01 -1.7697760025e+01\n  223    0 1.0000000000 -2.0898477311e+01 -1.8381885855e+01\n  224    0 1.0000000000 -2.1738089946e+01 -1.9117898501e+01\n  225    0 1.0000000000 -2.2619544259e+01 -1.9907837602e+01\n  226    0 1.0000000000 -2.3544681380e+01 -2.0753674499e+01\n  227    0 1.0000000000 -2.4515340983e+01 -2.1657299106e+01\n  228    0 1.0000000000 -2.5533348496e+01 -2.2620506972e+01\n  229    0 1.0000000000 -2.6600501292e+01 -2.3644986575e+01\n  230    0 1.0000000000 -2.7718553958e+01 -2.4732306920e+01\n  231    0 1.0000000000 -2.8889202813e+01 -2.5883905488e+01\n  232    0 1.0000000000 -3.0114069798e+01 -2.7101076591e+01\n  233    0 1.0000000000 -3.1394685968e+01 -2.8384960185e+01\n  234    0 1.0000000000 -3.2732474756e+01 -2.9736531204e+01\n  235    0 1.0000000000 -3.4128735231e+01 -3.1156589440e+01\n  236    0 1.0000000000 -3.5584625572e+01 -3.2645750041e+01\n  237    0 1.0000000000 -3.7101146951e+01 -3.4204434655e+01\n  238    0 1.0000000000 -3.8679128045e+01 -3.5832863273e+01\n  239    0 1.0000000000 -4.0319210354e+01 -3.7531046798e+01\n  240    0 1.0000000000 -4.2021834498e+01 -3.9298780390e+01\n  241    0 1.0000000000 -4.3787227642e+01 -4.1135637613e+01\n  242    0 1.0000000000 -4.5615392173e+01 -4.3040965411e+01\n  243    0 1.0000000000 -4.7506095725e+01 -4.5013879949e+01\n  244    0 1.0000000000 -4.9458862636e+01 -4.7053263337e+01\n  245    0 1.0000000000 -5.1472966885e+01 -4.9157761260e+01\n  246    0 1.0000000000 -5.3547426535e+01 -5.1325781522e+01\n  247    0 1.0000000000 -5.5680999703e+01 -5.3555493530e+01\n  248    0 1.0000000000 -5.7872182040e+01 -5.5844828718e+01\n  249    0 1.0000000000 -6.0119205718e+01 -5.8191481921e+01\n  250    0 1.0000000000 -6.2420039865e+01 -6.0592913692e+01\n  251    0 1.0000000000 -6.4772392438e+01 -6.3046353573e+01\n  252    0 1.0000000000 -6.7173713458e+01 -6.5548804301e+01\n  253    0 1.0000000000 -6.9621199570e+01 -6.8097046953e+01\n  254    0 1.0000000000 -7.2111799866e+01 -7.0687646994e+01\n  255    0 1.0000000000 -7.4642222903e+01 -7.3316961241e+01\n  256    0 1.0000000000 -7.7208944871e+01 -7.5981145695e+01\n  257    0 1.0000000000 -7.9808218825e+01 -7.8676164225e+01\n  258    0 1.0000000000 -8.2436084946e+01 -8.1397798091e+01\n  259    0 1.0000000000 -8.5088381738e+01 -8.4141656243e+01\n  260    0 1.0000000000 -8.7760758129e+01 -8.6903186397e+01\n  261    0 1.0000000000 -9.0448686381e+01 -8.9677686817e+01\n  262    0 1.0000000000 -9.3147475781e+01 -9.2460318792e+01\n  263    0 1.0000000000 -9.5852287018e+01 -9.5246119736e+01\n  264    0 1.0000000000 -9.8558147207e+01 -9.8030016891e+01\n  265    0 1.0000000000 -1.0125996549e+02 -1.0080684156e+02\n  266    0 1.0000000000 -1.0395254914e+02 -1.0357134385e+02\n  267    0 1.0000000000 -1.0663062012e+02 -1.0631820781e+02\n  268    0 1.0000000000 -1.0928883207e+02 -1.0904206702e+02\n  269    0 1.0000000000 -1.1192178750e+02 -1.1173752043e+02\n  270    0 1.0000000000 -1.1452405541e+02 -1.1439914853e+02\n  271    0 1.0000000000 -1.1709018895e+02 -1.1702152969e+02\n  272    0 1.0000000000 -1.1961474330e+02 -1.1959925664e+02\n  273    0 1.0000000000 -1.2209229360e+02 -1.2212695310e+02\n  274    0 1.0000000000 -1.2451745284e+02 -1.2459929034e+02\n  275    0 1.0000000000 -1.2688488977e+02 -1.2701100380e+02\n  276    0 1.0000000000 -1.2918934654e+02 -1.2935690951e+02\n  277    0 1.0000000000 -1.3142565633e+02 -1.3163192047e+02\n  278    0 1.0000000000 -1.3358876055e+02 -1.3383106270e+02\n  279    0 1.0000000000 -1.3567372584e+02 -1.3594949107e+02\n  280    0 1.0000000000 -1.3767576063e+02 -1.3798250476e+02\n  281    0 1.0000000000 -1.3959023126e+02 -1.3992556235e+02\n  282    0 1.0000000000 -1.4141267766e+02 -1.4177429641e+02\n  283    0 1.0000000000 -1.4313882838e+02 -1.4352452766e+02\n  284    0 1.0000000000 -1.4476461505e+02 -1.4517227842e+02\n  285    0 1.0000000000 -1.4628618624e+02 -1.4671378564e+02\n  286    0 1.0000000000 -1.4769992047e+02 -1.4814551307e+02\n  287    0 1.0000000000 -1.4900243859e+02 -1.4946416287e+02\n  288    0 1.0000000000 -1.5019061522e+02 -1.5066668639e+02\n  289    0 1.0000000000 -1.5126158949e+02 -1.5175029416e+02\n  290    0 1.0000000000 -1.5221277474e+02 -1.5271246503e+02\n  291    0 1.0000000000 -1.5304186737e+02 -1.5355095455e+02\n  292    0 1.0000000000 -1.5374685473e+02 -1.5426380227e+02\n  293    0 1.0000000000 -1.5432602201e+02 -1.5484933826e+02\n  294    0 1.0000000000 -1.5477795809e+02 -1.5530618863e+02\n  295    0 1.0000000000 -1.5510156039e+02 -1.5563328005e+02\n  296    0 1.0000000000 -1.5529603864e+02 -1.5582984330e+02\n  297    0 1.0000000000 -1.5536091758e+02 -1.5589541583e+02\n