SINGLE-ORBITAL NN+NNN EFFECTIVE MODEL FIT

m=7
eon=0.0
t0=1.0
l_decay=3.5
dl=0.1
pairing=./m=7/pairing.txt
microscopic_orbitals=100

E_eff(k) = eps0 + 2*t1[cos(k.u1)+cos(k.u2)] + 4*t2*cos(k.u1)*cos(k.u2)

eps0     = -6.54097322254685e+01
t1       = -1.91462334829840e+01
t2       = -7.08310895542323e+00

RMSE=2.37111584377091e+00
MAE=2.00497677457489e+00
max_abs_error=5.10234495766377e+00
optimizer_success=True
optimizer_message=Linear least-squares solution
minimum_tracking_continuity=1.0000000000
mean_tracking_continuity=1.0000000000

# k_index idx continuity target fit\n    0    0 1.0000000000 -1.6840466707e+02 -1.7032710198e+02\n    1    0 1.0000000000 -1.6837319900e+02 -1.7029355916e+02\n    2    0 1.0000000000 -1.6827882576e+02 -1.7019296449e+02\n    3    0 1.0000000000 -1.6812164016e+02 -1.7002541926e+02\n    4    0 1.0000000000 -1.6790179681e+02 -1.6979109217e+02\n    5    0 1.0000000000 -1.6761951191e+02 -1.6949021916e+02\n    6    0 1.0000000000 -1.6727506304e+02 -1.6912310319e+02\n    7    0 1.0000000000 -1.6686878885e+02 -1.6869011392e+02\n    8    0 1.0000000000 -1.6640108871e+02 -1.6819168733e+02\n    9    0 1.0000000000 -1.6587242230e+02 -1.6762832528e+02\n   10    0 1.0000000000 -1.6528330904e+02 -1.6700059505e+02\n   11    0 1.0000000000 -1.6463432764e+02 -1.6630912870e+02\n   12    0 1.0000000000 -1.6392611539e+02 -1.6555462248e+02\n   13    0 1.0000000000 -1.6315936750e+02 -1.6473783611e+02\n   14    0 1.0000000000 -1.6233483637e+02 -1.6385959203e+02\n   15    0 1.0000000000 -1.6145333075e+02 -1.6292077455e+02\n   16    0 1.0000000000 -1.6051571490e+02 -1.6192232899e+02\n   17    0 1.0000000000 -1.5952290761e+02 -1.6086526069e+02\n   18    0 1.0000000000 -1.5847588122e+02 -1.5975063404e+02\n   19    0 1.0000000000 -1.5737566057e+02 -1.5857957136e+02\n   20    0 1.0000000000 -1.5622332190e+02 -1.5735325182e+02\n   21    0 1.0000000000 -1.5501999161e+02 -1.5607291021e+02\n   22    0 1.0000000000 -1.5376684510e+02 -1.5473983575e+02\n   23    0 1.0000000000 -1.5246510542e+02 -1.5335537070e+02\n   24    0 1.0000000000 -1.5111604198e+02 -1.5192090912e+02\n   25    0 1.0000000000 -1.4972096909e+02 -1.5043789539e+02\n   26    0 1.0000000000 -1.4828124452e+02 -1.4890782278e+02\n   27    0 1.0000000000 -1.4679826801e+02 -1.4733223193e+02\n   28    0 1.0000000000 -1.4527347969e+02 -1.4571270934e+02\n   29    0 1.0000000000 -1.4370835845e+02 -1.4405088572e+02\n   30    0 1.0000000000 -1.4210442028e+02 -1.4234843440e+02\n   31    0 1.0000000000 -1.4046321658e+02 -1.4060706960e+02\n   32    0 1.0000000000 -1.3878633234e+02 -1.3882854472e+02\n   33    0 1.0000000000 -1.3707538437e+02 -1.3701465059e+02\n   34    0 1.0000000000 -1.3533201941e+02 -1.3516721364e+02\n   35    0 1.0000000000 -1.3355791222e+02 -1.3328809409e+02\n   36    0 1.0000000000 -1.3175476366e+02 -1.3137918405e+02\n   37    0 1.0000000000 -1.2992429865e+02 -1.2944240563e+02\n   38    0 1.0000000000 -1.2806826412e+02 -1.2747970901e+02\n   39    0 1.0000000000 -1.2618842697e+02 -1.2549307045e+02\n   40    0 1.0000000000 -1.2428657192e+02 -1.2348449033e+02\n   41    0 1.0000000000 -1.2236449931e+02 -1.2145599112e+02\n   42    0 1.0000000000 -1.2042402294e+02 -1.1940961535e+02\n   43    0 1.0000000000 -1.1846696779e+02 -1.1734742354e+02\n   44    0 1.0000000000 -1.1649516777e+02 -1.1527149215e+02\n   45    0 1.0000000000 -1.1451046335e+02 -1.1318391146e+02\n   46    0 1.0000000000 -1.1251469924e+02 -1.1108678349e+02\n   47    0 1.0000000000 -1.1050972200e+02 -1.0898221986e+02\n   48    0 1.0000000000 -1.0849737760e+02 -1.0687233971e+02\n   49    0 1.0000000000 -1.0647950897e+02 -1.0475926749e+02\n   50    0 1.0000000000 -1.0445795356e+02 -1.0264513089e+02\n   51    0 1.0000000000 -1.0243454078e+02 -1.0053205868e+02\n   52    0 1.0000000000 -1.0041108949e+02 -9.8422178520e+01\n   53    0 1.0000000000 -9.8389405488e+01 -9.6317614898e+01\n   54    0 1.0000000000 -9.6371278901e+01 -9.4220486926e+01\n   55    0 1.0000000000 -9.4358481638e+01 -9.2132906235e+01\n   56    0 1.0000000000 -9.2352764804e+01 -9.0056974841e+01\n   57    0 1.0000000000 -9.0355856125e+01 -8.7994783032e+01\n   58    0 1.0000000000 -8.8369457381e+01 -8.5948407259e+01\n   59    0 1.0000000000 -8.6395241860e+01 -8.3919908050e+01\n   60    0 1.0000000000 -8.4434851834e+01 -8.1911327930e+01\n   61    0 1.0000000000 -8.2489896086e+01 -7.9924689372e+01\n   62    0 1.0000000000 -8.0561947494e+01 -7.7961992750e+01\n   63    0 1.0000000000 -7.8652540688e+01 -7.6025214334e+01\n   64    0 1.0000000000 -7.6763169810e+01 -7.4116304295e+01\n   65    0 1.0000000000 -7.4895286398e+01 -7.2237184745e+01\n   66    0 1.0000000000 -7.3050297430e+01 -7.0389747798e+01\n   67    0 1.0000000000 -7.1229563553e+01 -6.8575853665e+01\n   68    0 1.0000000000 -6.9434397567e+01 -6.6797328784e+01\n   69    0 1.0000000000 -6.7666063184e+01 -6.5055963980e+01\n   70    0 1.0000000000 -6.5925774157e+01 -6.3353512659e+01\n   71    0 1.0000000000 -6.4214693840e+01 -6.1691689044e+01\n   72    0 1.0000000000 -6.2533935278e+01 -6.0072166453e+01\n   73    0 1.0000000000 -6.0884561950e+01 -5.8496575606e+01\n   74    0 1.0000000000 -5.9267589305e+01 -5.6966502990e+01\n   75    0 1.0000000000 -5.7683987272e+01 -5.5483489259e+01\n   76    0 1.0000000000 -5.6134683979e+01 -5.4049027681e+01\n   77    0 1.0000000000 -5.4620570965e+01 -5.2664562638e+01\n   78    0 1.0000000000 -5.3142510276e+01 -5.1331488168e+01\n   79    0 1.0000000000 -5.1701343917e+01 -5.0051146566e+01\n   80    0 1.0000000000 -5.0297906317e+01 -4.8824827025e+01\n   81    0 1.0000000000 -4.8933040662e+01 -4.7653764347e+01\n   82    0 1.0000000000 -4.7607620248e+01 -4.6539137691e+01\n   83    0 1.0000000000 -4.6322576393e+01 -4.5482069393e+01\n   84    0 1.0000000000 -4.5078935039e+01 -4.4483623831e+01\n   85    0 1.0000000000 -4.3877864922e+01 -4.3544806354e+01\n   86    0 1.0000000000 -4.2720741238e+01 -4.2666562272e+01\n   87    0 1.0000000000 -4.1609230189e+01 -4.1849775903e+01\n   88    0 1.0000000000 -4.0545401553e+01 -4.1095269681e+01\n   89    0 1.0000000000 -3.9531878611e+01 -4.0403803331e+01\n   90    0 1.0000000000 -3.8572036762e+01 -3.9776073099e+01\n   91    0 1.0000000000 -3.7670262795e+01 -3.9212711057e+01\n   92    0 1.0000000000 -3.6832282763e+01 -3.8714284464e+01\n   93    0 1.0000000000 -3.6065550745e+01 -3.8281295192e+01\n   94    0 1.0000000000 -3.5379650272e+01 -3.7914179225e+01\n   95    0 1.0000000000 -3.4786575918e+01 -3.7613306217e+01\n   96    0 1.0000000000 -3.4300624148e+01 -3.7378979122e+01\n   97    0 1.0000000000 -3.3937477696e+01 -3.7211433888e+01\n   98    0 1.0000000000 -3.3712103621e+01 -3.7110839219e+01\n   99    0 1.0000000000 -3.3635599403e+01 -3.7077296404e+01\n  100    0 1.0000000000 -3.3631993687e+01 -3.7072281950e+01\n  101    0 1.0000000000 -3.3621179302e+01 -3.7057243639e+01\n  102    0 1.0000000000 -3.3603164545e+01 -3.7032196612e+01\n  103    0 1.0000000000 -3.3577963229e+01 -3.6997166089e+01\n  104    0 1.0000000000 -3.3545594669e+01 -3.6952187344e+01\n  105    0 1.0000000000 -3.3506083663e+01 -3.6897305666e+01\n  106    0 1.0000000000 -3.3459460456e+01 -3.6832576316e+01\n  107    0 1.0000000000 -3.3405760709e+01 -3.6758064471e+01\n  108    0 1.0000000000 -3.3345025457e+01 -3.6673845159e+01\n  109    0 1.0000000000 -3.3277301057e+01 -3.6580003181e+01\n  110    0 1.0000000000 -3.3202639136e+01 -3.6476633029e+01\n  111    0 1.0000000000 -3.3121096532e+01 -3.6363838786e+01\n  112    0 1.0000000000 -3.3032735220e+01 -3.6241734027e+01\n  113    0 1.0000000000 -3.2937622246e+01 -3.6110441702e+01\n  114    0 1.0000000000 -3.2835829643e+01 -3.5970094010e+01\n  115    0 1.0000000000 -3.2727434348e+01 -3.5820832271e+01\n  116    0 1.0000000000 -3.2612518113e+01 -3.5662806777e+01\n  117    0 1.0000000000 -3.2491167403e+01 -3.5496176647e+01\n  118    0 1.0000000000 -3.2363473297e+01 -3.5321109663e+01\n  119    0 1.0000000000 -3.2229531382e+01 -3.5137782104e+01\n  120    0 1.0000000000 -3.2089441638e+01 -3.4946378564e+01\n  121    0 1.0000000000 -3.1943308318e+01 -3.4747091771e+01\n  122    0 1.0000000000 -3.1791239828e+01 -3.4540122389e+01\n  123    0 1.0000000000 -3.1633348599e+01 -3.4325678819e+01\n  124    0 1.0000000000 -3.1469750951e+01 -3.4103976988e+01\n  125    0 1.0000000000 -3.1300566958e+01 -3.3875240130e+01\n  126    0 1.0000000000 -3.1125920305e+01 -3.3639698565e+01\n  127    0 1.0000000000 -3.0945938144e+01 -3.3397589462e+01\n  128    0 1.0000000000 -3.0760750942e+01 -3.3149156605e+01\n  129    0 1.0000000000 -3.0570492327e+01 -3.2894650144e+01\n  130    0 1.0000000000 -3.0375298933e+01 -3.2634326347e+01\n  131    0 1.0000000000 -3.0175310235e+01 -3.2368447337e+01\n  132    0 1.0000000000 -2.9970668391e+01 -3.2097280832e+01\n  133    0 1.0000000000 -2.9761518067e+01 -3.1821099873e+01\n  134    0 1.0000000000 -2.9548006275e+01 -3.1540182551e+01\n  135    0 1.0000000000 -2.9330282197e+01 -3.1254811727e+01\n  136    0 1.0000000000 -2.9108497008e+01 -3.0965274744e+01\n  137    0 1.0000000000 -2.8882803705e+01 -3.0671863142e+01\n  138    0 1.0000000000 -2.8653356925e+01 -3.0374872360e+01\n  139    0 1.0000000000 -2.8420312767e+01 -3.0074601445e+01\n  140    0 1.0000000000 -2.8183828608e+01 -2.9771352743e+01\n  141    0 1.0000000000 -2.7944062927e+01 -2.9465431600e+01\n  142    0 1.0000000000 -2.7701175114e+01 -2.9157146052e+01\n  143    0 1.0000000000 -2.7455325296e+01 -2.8846806517e+01\n  144    0 1.0000000000 -2.7206674149e+01 -2.8534725481e+01\n  145    0 1.0000000000 -2.6955382713e+01 -2.8221217182e+01\n  146    0 1.0000000000 -2.6701612217e+01 -2.7906597298e+01\n  147    0 1.0000000000 -2.6445523892e+01 -2.7591182623e+01\n  148    0 1.0000000000 -2.6187278792e+01 -2.7275290753e+01\n  149    0 1.0000000000 -2.5927037615e+01 -2.6959239766e+01\n  150    0 1.0000000000 -2.5664960530e+01 -2.6643347896e+01\n  151    0 1.0000000000 -2.5401206996e+01 -2.6327933221e+01\n  152    0 1.0000000000 -2.5135935596e+01 -2.6013313337e+01\n  153    0 1.0000000000 -2.4869303864e+01 -2.5699805038e+01\n  154    0 1.0000000000 -2.4601468121e+01 -2.5387724002e+01\n  155    0 1.0000000000 -2.4332583311e+01 -2.5077384467e+01\n  156    0 1.0000000000 -2.4062802846e+01 -2.4769098919e+01\n  157    0 1.0000000000 -2.3792278447e+01 -2.4463177776e+01\n  158    0 1.0000000000 -2.3521160001e+01 -2.4159929074e+01\n  159    0 1.0000000000 -2.3249595415e+01 -2.3859658159e+01\n  160    0 1.0000000000 -2.2977730477e+01 -2.3562667377e+01\n  161    0 1.0000000000 -2.2705708725e+01 -2.3269255775e+01\n  162    0 1.0000000000 -2.2433671324e+01 -2.2979718792e+01\n  163    0 1.0000000000 -2.2161756950e+01 -2.2694347968e+01\n  164    0 1.0000000000 -2.1890101677e+01 -2.2413430646e+01\n  165    0 1.0000000000 -2.1618838882e+01 -2.2137249687e+01\n  166    0 1.0000000000 -2.1348099150e+01 -2.1866083182e+01\n  167    0 1.0000000000 -2.1078010201e+01 -2.1600204172e+01\n  168    0 1.0000000000 -2.0808696821e+01 -2.1339880375e+01\n  169    0 1.0000000000 -2.0540280808e+01 -2.1085373914e+01\n  170    0 1.0000000000 -2.0272880939e+01 -2.0836941057e+01\n  171    0 1.0000000000 -2.0006612950e+01 -2.0594831954e+01\n  172    0 1.0000000000 -1.9741589540e+01 -2.0359290389e+01\n  173    0 1.0000000000 -1.9477920403e+01 -2.0130553531e+01\n  174    0 1.0000000000 -1.9215712288e+01 -1.9908851700e+01\n  175    0 1.0000000000 -1.8955069102e+01 -1.9694408130e+01\n  176    0 1.0000000000 -1.8696092055e+01 -1.9487438748e+01\n  177    0 1.0000000000 -1.8438879881e+01 -1.9288151955e+01\n  178    0 1.0000000000 -1.8183529127e+01 -1.9096748415e+01\n  179    0 1.0000000000 -1.7930134563e+01 -1.8913420856e+01\n  180    0 1.0000000000 -1.7678789735e+01 -1.8738353872e+01\n  181    0 1.0000000000 -1.7429587728e+01 -1.8571723742e+01\n  182    0 1.0000000000 -1.7182622224e+01 -1.8413698248e+01\n  183    0 1.0000000000 -1.6937988983e+01 -1.8264436509e+01\n  184    0 1.0000000000 -1.6695787953e+01 -1.8124088817e+01\n  185    0 1.0000000000 -1.6456126347e+01 -1.7992796492e+01\n  186    0 1.0000000000 -1.6219123212e+01 -1.7870691733e+01\n  187    0 1.0000000000 -1.5984916420e+01 -1.7757897490e+01\n  188    0 1.0000000000 -1.5753673712e+01 -1.7654527338e+01\n  189    0 1.0000000000 -1.5525610755e+01 -1.7560685360e+01\n  190    0 1.0000000000 -1.5301021986e+01 -1.7476466048e+01\n  191    0 1.0000000000 -1.5080335939e+01 -1.7401954203e+01\n  192    0 1.0000000000 -1.4864220369e+01 -1.7337224853e+01\n  193    0 1.0000000000 -1.4653795958e+01 -1.7282343175e+01\n  194    0 1.0000000000 -1.4451105312e+01 -1.7237364430e+01\n  195    0 1.0000000000 -1.4260227556e+01 -1.7202333907e+01\n  196    0 1.0000000000 -1.4090073174e+01 -1.7177286880e+01\n  197    0 1.0000000000 -1.3960781392e+01 -1.7162248569e+01\n  198    0 1.0000000000 -1.3909262794e+01 -1.7157234115e+01\n  199    0 1.0000000000 -1.3988881701e+01 -1.7167270204e+01\n  200    0 1.0000000000 -1.4318400280e+01 -1.7197454490e+01\n  201    0 1.0000000000 -1.4709426219e+01 -1.7248014613e+01\n  202    0 1.0000000000 -1.5126692442e+01 -1.7319328563e+01\n  203    0 1.0000000000 -1.5564501705e+01 -1.7411922570e+01\n  204    0 1.0000000000 -1.6021538192e+01 -1.7526468171e+01\n  205    0 1.0000000000 -1.6497759413e+01 -1.7663778451e+01\n  206    0 1.0000000000 -1.6993627384e+01 -1.7824803487e+01\n  207    0 1.0000000000 -1.7509852604e+01 -1.8010625008e+01\n  208    0 1.0000000000 -1.8047291825e+01 -1.8222450299e+01\n  209    0 1.0000000000 -1.8606901688e+01 -1.8461605368e+01\n  210    0 1.0000000000 -1.9189715508e+01 -1.8729527415e+01\n  211    0 1.0000000000 -1.9796830590e+01 -1.9027756628e+01\n  212    0 1.0000000000 -2.0429400619e+01 -1.9357927342e+01\n  213    0 1.0000000000 -2.1088630565e+01 -1.9721758606e+01\n  214    0 1.0000000000 -2.1775772794e+01 -2.0121044189e+01\n  215    0 1.0000000000 -2.2492123661e+01 -2.0557642077e+01\n  216    0 1.0000000000 -2.3239020174e+01 -2.1033463502e+01\n  217    0 1.0000000000 -2.4017836458e+01 -2.1550461551e+01\n  218    0 1.0000000000 -2.4829979850e+01 -2.2110619405e+01\n  219    0 1.0000000000 -2.5676886504e+01 -2.2715938263e+01\n  220    0 1.0000000000 -2.6560016411e+01 -2.3368424996e+01\n  221    0 1.0000000000 -2.7480847786e+01 -2.4070079589e+01\n  222    0 1.0000000000 -2.8440870767e+01 -2.4822882432e+01\n  223    0 1.0000000000 -2.9441580409e+01 -2.5628781505e+01\n  224    0 1.0000000000 -3.0484468953e+01 -2.6489679522e+01\n  225    0 1.0000000000 -3.1571017392e+01 -2.7407421082e+01\n  226    0 1.0000000000 -3.2702686338e+01 -2.8383779898e+01\n  227    0 1.0000000000 -3.3880906234e+01 -2.9420446146e+01\n  228    0 1.0000000000 -3.5107066966e+01 -3.0519014000e+01\n  229    0 1.0000000000 -3.6382506930e+01 -3.1680969402e+01\n  230    0 1.0000000000 -3.7708501646e+01 -3.2907678131e+01\n  231    0 1.0000000000 -3.9086251993e+01 -3.4200374215e+01\n  232    0 1.0000000000 -4.0516872185e+01 -3.5560148747e+01\n  233    0 1.0000000000 -4.2001377584e+01 -3.6987939152e+01\n  234    0 1.0000000000 -4.3540672475e+01 -3.8484518953e+01\n  235    0 1.0000000000 -4.5135537922e+01 -4.0050488092e+01\n  236    0 1.0000000000 -4.6786619825e+01 -4.1686263839e+01\n  237    0 1.0000000000 -4.8494417302e+01 -4.3392072345e+01\n  238    0 1.0000000000 -5.0259271521e+01 -4.5167940868e+01\n  239    0 1.0000000000 -5.2081355082e+01 -4.7013690724e+01\n  240    0 1.0000000000 -5.3960662073e+01 -4.8928930984e+01\n  241    0 1.0000000000 -5.5896998886e+01 -5.0913052956e+01\n  242    0 1.0000000000 -5.7889975882e+01 -5.2965225487e+01\n  243    0 1.0000000000 -5.9938999987e+01 -5.5084391101e+01\n  244    0 1.0000000000 -6.2043268289e+01 -5.7269263002e+01\n  245    0 1.0000000000 -6.4201762671e+01 -5.9518322956e+01\n  246    0 1.0000000000 -6.6413245549e+01 -6.1829820077e+01\n  247    0 1.0000000000 -6.8676256722e+01 -6.4201770524e+01\n  248    0 1.0000000000 -7.0989111373e+01 -6.6631958108e+01\n  249    0 1.0000000000 -7.3349899218e+01 -6.9117935837e+01\n  250    0 1.0000000000 -7.5756484814e+01 -7.1657028376e+01\n  251    0 1.0000000000 -7.8206509008e+01 -7.4246335435e+01\n  252    0 1.0000000000 -8.0697391523e+01 -7.6882736075e+01\n  253    0 1.0000000000 -8.3226334654e+01 -7.9562893915e+01\n  254    0 1.0000000000 -8.5790328042e+01 -8.2283263241e+01\n  255    0 1.0000000000 -8.8386154505e+01 -8.5040095984e+01\n  256    0 1.0000000000 -9.1010396877e+01 -8.7829449557e+01\n  257    0 1.0000000000 -9.3659445818e+01 -9.0647195523e+01\n  258    0 1.0000000000 -9.6329508555e+01 -9.3489029069e+01\n  259    0 1.0000000000 -9.9016618500e+01 -9.6350479243e+01\n  260    0 1.0000000000 -1.0171664571e+02 -9.9226919944e+01\n  261    0 1.0000000000 -1.0442530809e+02 -1.0211358160e+02\n  262    0 1.0000000000 -1.0713818340e+02 -1.0500556353e+02\n  263    0 1.0000000000 -1.0985072184e+02 -1.0789784687e+02\n  264    0 1.0000000000 -1.1255825931e+02 -1.1078530815e+02\n  265    0 1.0000000000 -1.1525603121e+02 -1.1366273334e+02\n  266    0 1.0000000000 -1.1793918675e+02 -1.1652483239e+02\n  267    0 1.0000000000 -1.2060280371e+02 -1.1936625419e+02\n  268    0 1.0000000000 -1.2324190352e+02 -1.2218160190e+02\n  269    0 1.0000000000 -1.2585146675e+02 -1.2496544860e+02\n  270    0 1.0000000000 -1.2842644881e+02 -1.2771235317e+02\n  271    0 1.0000000000 -1.3096179585e+02 -1.3041687643e+02\n  272    0 1.0000000000 -1.3345246082e+02 -1.3307359737e+02\n  273    0 1.0000000000 -1.3589341956e+02 -1.3567712942e+02\n  274    0 1.0000000000 -1.3827968699e+02 -1.3822213687e+02\n  275    0 1.0000000000 -1.4060633316e+02 -1.4070335113e+02\n  276    0 1.0000000000 -1.4286849925e+02 -1.4311558692e+02\n  277    0 1.0000000000 -1.4506141341e+02 -1.4545375835e+02\n  278    0 1.0000000000 -1.4718040635e+02 -1.4771289469e+02\n  279    0 1.0000000000 -1.4922092665e+02 -1.4988815597e+02\n  280    0 1.0000000000 -1.5117855574e+02 -1.5197484811e+02\n  281    0 1.0000000000 -1.5304902249e+02 -1.5396843781e+02\n  282    0 1.0000000000 -1.5482821732e+02 -1.5586456683e+02\n  283    0 1.0000000000 -1.5651220586e+02 -1.5765906590e+02\n  284    0 1.0000000000 -1.5809724203e+02 -1.5934796800e+02\n  285    0 1.0000000000 -1.5957978048e+02 -1.6092752104e+02\n  286    0 1.0000000000 -1.6095648847e+02 -1.6239419993e+02\n  287    0 1.0000000000 -1.6222425699e+02 -1.6374471786e+02\n  288    0 1.0000000000 -1.6338021116e+02 -1.6497603699e+02\n  289    0 1.0000000000 -1.6442171988e+02 -1.6608537818e+02\n  290    0 1.0000000000 -1.6534640466e+02 -1.6707023002e+02\n  291    0 1.0000000000 -1.6615214764e+02 -1.6792835698e+02\n  292    0 1.0000000000 -1.6683709866e+02 -1.6865780667e+02\n  293    0 1.0000000000 -1.6739968152e+02 -1.6925691617e+02\n  294    0 1.0000000000 -1.6783859930e+02 -1.6972431746e+02\n  295    0 1.0000000000 -1.6815283872e+02 -1.7005894186e+02\n  296    0 1.0000000000 -1.6834167355e+02 -1.7026002353e+02\n  297    0 1.0000000000 -1.6840466707e+02 -1.7032710198e+02\n