R1	(0,0)	1	r1	(0.000000,0.000000)
R1	(0,0)	2	r1	(0.000000,1.000000)
R1	(0,0)	3	r1	(0.000000,2.000000)
R1	(0,0)	4	r1	(0.000000,3.000000)
R1	(0,0)	5	r1	(0.000000,4.000000)
R1	(0,0)	6	r1	(0.000000,5.000000)
R1	(0,0)	7	r1	(0.000000,6.000000)
R1	(0,0)	8	r1	(0.000000,7.000000)
R1	(0,0)	9	r1	(1.000000,1.000000)
R1	(0,0)	10	r1	(1.000000,2.000000)
R1	(0,0)	11	r1	(1.000000,3.000000)
R1	(0,0)	12	r1	(1.000000,4.000000)
R1	(0,0)	13	r1	(1.000000,5.000000)
R1	(0,0)	14	r1	(1.000000,6.000000)
R1	(0,0)	15	r1	(1.000000,7.000000)
R1	(0,0)	16	r1	(2.000000,1.000000)
R1	(0,0)	17	r1	(2.000000,2.000000)
R1	(0,0)	18	r1	(2.000000,3.000000)
R1	(0,0)	19	r1	(2.000000,4.000000)
R1	(0,0)	20	r1	(2.000000,5.000000)
R1	(0,0)	21	r1	(2.000000,6.000000)
R1	(0,0)	22	r1	(2.000000,7.000000)
R1	(0,0)	23	r1	(3.000000,1.000000)
R1	(0,0)	24	r1	(3.000000,2.000000)
R1	(0,0)	25	r1	(3.000000,3.000000)
R1	(0,0)	26	r1	(3.000000,4.000000)
R1	(0,0)	27	r1	(3.000000,5.000000)
R1	(0,0)	28	r1	(3.000000,6.000000)
R1	(0,0)	29	r1	(3.000000,7.000000)
R1	(0,0)	30	r1	(4.000000,1.000000)
R1	(0,0)	31	r1	(4.000000,2.000000)
R1	(0,0)	32	r1	(4.000000,3.000000)
R1	(0,0)	33	r1	(4.000000,4.000000)
R1	(0,0)	34	r1	(4.000000,5.000000)
R1	(0,0)	35	r1	(4.000000,6.000000)
R1	(0,0)	36	r1	(4.000000,7.000000)
R1	(0,0)	37	r1	(5.000000,1.000000)
R1	(0,0)	38	r1	(5.000000,2.000000)
R1	(0,0)	39	r1	(5.000000,3.000000)
R1	(0,0)	40	r1	(5.000000,4.000000)
R1	(0,0)	41	r1	(5.000000,5.000000)
R1	(0,0)	42	r1	(5.000000,6.000000)
R1	(0,0)	43	r1	(5.000000,7.000000)
R1	(0,0)	44	r1	(6.000000,1.000000)
R1	(0,0)	45	r1	(6.000000,2.000000)
R1	(0,0)	46	r1	(6.000000,3.000000)
R1	(0,0)	47	r1	(6.000000,4.000000)
R1	(0,0)	48	r1	(6.000000,5.000000)
R1	(0,0)	49	r1	(6.000000,6.000000)
R1	(0,0)	50	r1	(6.000000,7.000000)
R1	(0,0)	51	r2	(0.000000,0.000000)
R1	(0,0)	52	r2	(0.960000,0.280000)
R1	(0,0)	53	r2	(0.680000,1.240000)
R1	(0,0)	54	r2	(0.400000,2.200000)
R1	(0,0)	55	r2	(0.120000,3.160000)
R1	(0,0)	56	r2	(-0.160000,4.120000)
R1	(0,0)	57	r2	(-0.440000,5.080000)
R1	(0,0)	58	r2	(-0.720000,6.040000)
R1	(0,0)	59	r2	(1.920000,0.560000)
R1	(0,0)	60	r2	(1.640000,1.520000)
R1	(0,0)	61	r2	(1.360000,2.480000)
R1	(0,0)	62	r2	(1.080000,3.440000)
R1	(0,0)	63	r2	(0.800000,4.400000)
R1	(0,0)	64	r2	(0.520000,5.360000)
R1	(0,0)	65	r2	(0.240000,6.320000)
R1	(0,0)	66	r2	(2.880000,0.840000)
R1	(0,0)	67	r2	(2.600000,1.800000)
R1	(0,0)	68	r2	(2.320000,2.760000)
R1	(0,0)	69	r2	(2.040000,3.720000)
R1	(0,0)	70	r2	(1.760000,4.680000)
R1	(0,0)	71	r2	(1.480000,5.640000)
R1	(0,0)	72	r2	(1.200000,6.600000)
R1	(0,0)	73	r2	(3.840000,1.120000)
R1	(0,0)	74	r2	(3.560000,2.080000)
R1	(0,0)	75	r2	(3.280000,3.040000)
R1	(0,0)	76	r2	(3.000000,4.000000)
R1	(0,0)	77	r2	(2.720000,4.960000)
R1	(0,0)	78	r2	(2.440000,5.920000)
R1	(0,0)	79	r2	(2.160000,6.880000)
R1	(0,0)	80	r2	(4.800000,1.400000)
R1	(0,0)	81	r2	(4.520000,2.360000)
R1	(0,0)	82	r2	(4.240000,3.320000)
R1	(0,0)	83	r2	(3.960000,4.280000)
R1	(0,0)	84	r2	(3.680000,5.240000)
R1	(0,0)	85	r2	(3.400000,6.200000)
R1	(0,0)	86	r2	(3.120000,7.160000)
R1	(0,0)	87	r2	(5.760000,1.680000)
R1	(0,0)	88	r2	(5.480000,2.640000)
R1	(0,0)	89	r2	(5.200000,3.600000)
R1	(0,0)	90	r2	(4.920000,4.560000)
R1	(0,0)	91	r2	(4.640000,5.520000)
R1	(0,0)	92	r2	(4.360000,6.480000)
R1	(0,0)	93	r2	(4.080000,7.440000)
R1	(0,0)	94	r2	(6.720000,1.960000)
R1	(0,0)	95	r2	(6.440000,2.920000)
R1	(0,0)	96	r2	(6.160000,3.880000)
R1	(0,0)	97	r2	(5.880000,4.840000)
R1	(0,0)	98	r2	(5.600000,5.800000)
R1	(0,0)	99	r2	(5.320000,6.760000)
R1	(0,0)	100	r2	(5.040000,7.720000)
R2	(1,0)	1	r1	(7.000000,1.000000)
R2	(1,0)	2	r1	(7.000000,2.000000)
R2	(1,0)	3	r1	(7.000000,3.000000)
R2	(1,0)	4	r1	(7.000000,4.000000)
R2	(1,0)	5	r1	(7.000000,5.000000)
R2	(1,0)	6	r1	(7.000000,6.000000)
R2	(1,0)	7	r1	(7.000000,7.000000)
R2	(1,0)	8	r1	(7.000000,8.000000)
R2	(1,0)	9	r1	(8.000000,2.000000)
R2	(1,0)	10	r1	(8.000000,3.000000)
R2	(1,0)	11	r1	(8.000000,4.000000)
R2	(1,0)	12	r1	(8.000000,5.000000)
R2	(1,0)	13	r1	(8.000000,6.000000)
R2	(1,0)	14	r1	(8.000000,7.000000)
R2	(1,0)	15	r1	(8.000000,8.000000)
R2	(1,0)	16	r1	(9.000000,2.000000)
R2	(1,0)	17	r1	(9.000000,3.000000)
R2	(1,0)	18	r1	(9.000000,4.000000)
R2	(1,0)	19	r1	(9.000000,5.000000)
R2	(1,0)	20	r1	(9.000000,6.000000)
R2	(1,0)	21	r1	(9.000000,7.000000)
R2	(1,0)	22	r1	(9.000000,8.000000)
R2	(1,0)	23	r1	(10.000000,2.000000)
R2	(1,0)	24	r1	(10.000000,3.000000)
R2	(1,0)	25	r1	(10.000000,4.000000)
R2	(1,0)	26	r1	(10.000000,5.000000)
R2	(1,0)	27	r1	(10.000000,6.000000)
R2	(1,0)	28	r1	(10.000000,7.000000)
R2	(1,0)	29	r1	(10.000000,8.000000)
R2	(1,0)	30	r1	(11.000000,2.000000)
R2	(1,0)	31	r1	(11.000000,3.000000)
R2	(1,0)	32	r1	(11.000000,4.000000)
R2	(1,0)	33	r1	(11.000000,5.000000)
R2	(1,0)	34	r1	(11.000000,6.000000)
R2	(1,0)	35	r1	(11.000000,7.000000)
R2	(1,0)	36	r1	(11.000000,8.000000)
R2	(1,0)	37	r1	(12.000000,2.000000)
R2	(1,0)	38	r1	(12.000000,3.000000)
R2	(1,0)	39	r1	(12.000000,4.000000)
R2	(1,0)	40	r1	(12.000000,5.000000)
R2	(1,0)	41	r1	(12.000000,6.000000)
R2	(1,0)	42	r1	(12.000000,7.000000)
R2	(1,0)	43	r1	(12.000000,8.000000)
R2	(1,0)	44	r1	(13.000000,2.000000)
R2	(1,0)	45	r1	(13.000000,3.000000)
R2	(1,0)	46	r1	(13.000000,4.000000)
R2	(1,0)	47	r1	(13.000000,5.000000)
R2	(1,0)	48	r1	(13.000000,6.000000)
R2	(1,0)	49	r1	(13.000000,7.000000)
R2	(1,0)	50	r1	(13.000000,8.000000)
R2	(1,0)	51	r2	(7.000000,1.000000)
R2	(1,0)	52	r2	(7.960000,1.280000)
R2	(1,0)	53	r2	(7.680000,2.240000)
R2	(1,0)	54	r2	(7.400000,3.200000)
R2	(1,0)	55	r2	(7.120000,4.160000)
R2	(1,0)	56	r2	(6.840000,5.120000)
R2	(1,0)	57	r2	(6.560000,6.080000)
R2	(1,0)	58	r2	(6.280000,7.040000)
R2	(1,0)	59	r2	(8.920000,1.560000)
R2	(1,0)	60	r2	(8.640000,2.520000)
R2	(1,0)	61	r2	(8.360000,3.480000)
R2	(1,0)	62	r2	(8.080000,4.440000)
R2	(1,0)	63	r2	(7.800000,5.400000)
R2	(1,0)	64	r2	(7.520000,6.360000)
R2	(1,0)	65	r2	(7.240000,7.320000)
R2	(1,0)	66	r2	(9.880000,1.840000)
R2	(1,0)	67	r2	(9.600000,2.800000)
R2	(1,0)	68	r2	(9.320000,3.760000)
R2	(1,0)	69	r2	(9.040000,4.720000)
R2	(1,0)	70	r2	(8.760000,5.680000)
R2	(1,0)	71	r2	(8.480000,6.640000)
R2	(1,0)	72	r2	(8.200000,7.600000)
R2	(1,0)	73	r2	(10.840000,2.120000)
R2	(1,0)	74	r2	(10.560000,3.080000)
R2	(1,0)	75	r2	(10.280000,4.040000)
R2	(1,0)	76	r2	(10.000000,5.000000)
R2	(1,0)	77	r2	(9.720000,5.960000)
R2	(1,0)	78	r2	(9.440000,6.920000)
R2	(1,0)	79	r2	(9.160000,7.880000)
R2	(1,0)	80	r2	(11.800000,2.400000)
R2	(1,0)	81	r2	(11.520000,3.360000)
R2	(1,0)	82	r2	(11.240000,4.320000)
R2	(1,0)	83	r2	(10.960000,5.280000)
R2	(1,0)	84	r2	(10.680000,6.240000)
R2	(1,0)	85	r2	(10.400000,7.200000)
R2	(1,0)	86	r2	(10.120000,8.160000)
R2	(1,0)	87	r2	(12.760000,2.680000)
R2	(1,0)	88	r2	(12.480000,3.640000)
R2	(1,0)	89	r2	(12.200000,4.600000)
R2	(1,0)	90	r2	(11.920000,5.560000)
R2	(1,0)	91	r2	(11.640000,6.520000)
R2	(1,0)	92	r2	(11.360000,7.480000)
R2	(1,0)	93	r2	(11.080000,8.440000)
R2	(1,0)	94	r2	(13.720000,2.960000)
R2	(1,0)	95	r2	(13.440000,3.920000)
R2	(1,0)	96	r2	(13.160000,4.880000)
R2	(1,0)	97	r2	(12.880000,5.840000)
R2	(1,0)	98	r2	(12.600000,6.800000)
R2	(1,0)	99	r2	(12.320000,7.760000)
R2	(1,0)	100	r2	(12.040000,8.720000)
R3	(-1,0)	1	r1	(-7.000000,-1.000000)
R3	(-1,0)	2	r1	(-7.000000,0.000000)
R3	(-1,0)	3	r1	(-7.000000,1.000000)
R3	(-1,0)	4	r1	(-7.000000,2.000000)
R3	(-1,0)	5	r1	(-7.000000,3.000000)
R3	(-1,0)	6	r1	(-7.000000,4.000000)
R3	(-1,0)	7	r1	(-7.000000,5.000000)
R3	(-1,0)	8	r1	(-7.000000,6.000000)
R3	(-1,0)	9	r1	(-6.000000,0.000000)
R3	(-1,0)	10	r1	(-6.000000,1.000000)
R3	(-1,0)	11	r1	(-6.000000,2.000000)
R3	(-1,0)	12	r1	(-6.000000,3.000000)
R3	(-1,0)	13	r1	(-6.000000,4.000000)
R3	(-1,0)	14	r1	(-6.000000,5.000000)
R3	(-1,0)	15	r1	(-6.000000,6.000000)
R3	(-1,0)	16	r1	(-5.000000,0.000000)
R3	(-1,0)	17	r1	(-5.000000,1.000000)
R3	(-1,0)	18	r1	(-5.000000,2.000000)
R3	(-1,0)	19	r1	(-5.000000,3.000000)
R3	(-1,0)	20	r1	(-5.000000,4.000000)
R3	(-1,0)	21	r1	(-5.000000,5.000000)
R3	(-1,0)	22	r1	(-5.000000,6.000000)
R3	(-1,0)	23	r1	(-4.000000,0.000000)
R3	(-1,0)	24	r1	(-4.000000,1.000000)
R3	(-1,0)	25	r1	(-4.000000,2.000000)
R3	(-1,0)	26	r1	(-4.000000,3.000000)
R3	(-1,0)	27	r1	(-4.000000,4.000000)
R3	(-1,0)	28	r1	(-4.000000,5.000000)
R3	(-1,0)	29	r1	(-4.000000,6.000000)
R3	(-1,0)	30	r1	(-3.000000,0.000000)
R3	(-1,0)	31	r1	(-3.000000,1.000000)
R3	(-1,0)	32	r1	(-3.000000,2.000000)
R3	(-1,0)	33	r1	(-3.000000,3.000000)
R3	(-1,0)	34	r1	(-3.000000,4.000000)
R3	(-1,0)	35	r1	(-3.000000,5.000000)
R3	(-1,0)	36	r1	(-3.000000,6.000000)
R3	(-1,0)	37	r1	(-2.000000,0.000000)
R3	(-1,0)	38	r1	(-2.000000,1.000000)
R3	(-1,0)	39	r1	(-2.000000,2.000000)
R3	(-1,0)	40	r1	(-2.000000,3.000000)
R3	(-1,0)	41	r1	(-2.000000,4.000000)
R3	(-1,0)	42	r1	(-2.000000,5.000000)
R3	(-1,0)	43	r1	(-2.000000,6.000000)
R3	(-1,0)	44	r1	(-1.000000,0.000000)
R3	(-1,0)	45	r1	(-1.000000,1.000000)
R3	(-1,0)	46	r1	(-1.000000,2.000000)
R3	(-1,0)	47	r1	(-1.000000,3.000000)
R3	(-1,0)	48	r1	(-1.000000,4.000000)
R3	(-1,0)	49	r1	(-1.000000,5.000000)
R3	(-1,0)	50	r1	(-1.000000,6.000000)
R3	(-1,0)	51	r2	(-7.000000,-1.000000)
R3	(-1,0)	52	r2	(-6.040000,-0.720000)
R3	(-1,0)	53	r2	(-6.320000,0.240000)
R3	(-1,0)	54	r2	(-6.600000,1.200000)
R3	(-1,0)	55	r2	(-6.880000,2.160000)
R3	(-1,0)	56	r2	(-7.160000,3.120000)
R3	(-1,0)	57	r2	(-7.440000,4.080000)
R3	(-1,0)	58	r2	(-7.720000,5.040000)
R3	(-1,0)	59	r2	(-5.080000,-0.440000)
R3	(-1,0)	60	r2	(-5.360000,0.520000)
R3	(-1,0)	61	r2	(-5.640000,1.480000)
R3	(-1,0)	62	r2	(-5.920000,2.440000)
R3	(-1,0)	63	r2	(-6.200000,3.400000)
R3	(-1,0)	64	r2	(-6.480000,4.360000)
R3	(-1,0)	65	r2	(-6.760000,5.320000)
R3	(-1,0)	66	r2	(-4.120000,-0.160000)
R3	(-1,0)	67	r2	(-4.400000,0.800000)
R3	(-1,0)	68	r2	(-4.680000,1.760000)
R3	(-1,0)	69	r2	(-4.960000,2.720000)
R3	(-1,0)	70	r2	(-5.240000,3.680000)
R3	(-1,0)	71	r2	(-5.520000,4.640000)
R3	(-1,0)	72	r2	(-5.800000,5.600000)
R3	(-1,0)	73	r2	(-3.160000,0.120000)
R3	(-1,0)	74	r2	(-3.440000,1.080000)
R3	(-1,0)	75	r2	(-3.720000,2.040000)
R3	(-1,0)	76	r2	(-4.000000,3.000000)
R3	(-1,0)	77	r2	(-4.280000,3.960000)
R3	(-1,0)	78	r2	(-4.560000,4.920000)
R3	(-1,0)	79	r2	(-4.840000,5.880000)
R3	(-1,0)	80	r2	(-2.200000,0.400000)
R3	(-1,0)	81	r2	(-2.480000,1.360000)
R3	(-1,0)	82	r2	(-2.760000,2.320000)
R3	(-1,0)	83	r2	(-3.040000,3.280000)
R3	(-1,0)	84	r2	(-3.320000,4.240000)
R3	(-1,0)	85	r2	(-3.600000,5.200000)
R3	(-1,0)	86	r2	(-3.880000,6.160000)
R3	(-1,0)	87	r2	(-1.240000,0.680000)
R3	(-1,0)	88	r2	(-1.520000,1.640000)
R3	(-1,0)	89	r2	(-1.800000,2.600000)
R3	(-1,0)	90	r2	(-2.080000,3.560000)
R3	(-1,0)	91	r2	(-2.360000,4.520000)
R3	(-1,0)	92	r2	(-2.640000,5.480000)
R3	(-1,0)	93	r2	(-2.920000,6.440000)
R3	(-1,0)	94	r2	(-0.280000,0.960000)
R3	(-1,0)	95	r2	(-0.560000,1.920000)
R3	(-1,0)	96	r2	(-0.840000,2.880000)
R3	(-1,0)	97	r2	(-1.120000,3.840000)
R3	(-1,0)	98	r2	(-1.400000,4.800000)
R3	(-1,0)	99	r2	(-1.680000,5.760000)
R3	(-1,0)	100	r2	(-1.960000,6.720000)
R4	(0,1)	1	r1	(-1.000000,7.000000)
R4	(0,1)	2	r1	(-1.000000,8.000000)
R4	(0,1)	3	r1	(-1.000000,9.000000)
R4	(0,1)	4	r1	(-1.000000,10.000000)
R4	(0,1)	5	r1	(-1.000000,11.000000)
R4	(0,1)	6	r1	(-1.000000,12.000000)
R4	(0,1)	7	r1	(-1.000000,13.000000)
R4	(0,1)	8	r1	(-1.000000,14.000000)
R4	(0,1)	9	r1	(0.000000,8.000000)
R4	(0,1)	10	r1	(0.000000,9.000000)
R4	(0,1)	11	r1	(0.000000,10.000000)
R4	(0,1)	12	r1	(0.000000,11.000000)
R4	(0,1)	13	r1	(0.000000,12.000000)
R4	(0,1)	14	r1	(0.000000,13.000000)
R4	(0,1)	15	r1	(0.000000,14.000000)
R4	(0,1)	16	r1	(1.000000,8.000000)
R4	(0,1)	17	r1	(1.000000,9.000000)
R4	(0,1)	18	r1	(1.000000,10.000000)
R4	(0,1)	19	r1	(1.000000,11.000000)
R4	(0,1)	20	r1	(1.000000,12.000000)
R4	(0,1)	21	r1	(1.000000,13.000000)
R4	(0,1)	22	r1	(1.000000,14.000000)
R4	(0,1)	23	r1	(2.000000,8.000000)
R4	(0,1)	24	r1	(2.000000,9.000000)
R4	(0,1)	25	r1	(2.000000,10.000000)
R4	(0,1)	26	r1	(2.000000,11.000000)
R4	(0,1)	27	r1	(2.000000,12.000000)
R4	(0,1)	28	r1	(2.000000,13.000000)
R4	(0,1)	29	r1	(2.000000,14.000000)
R4	(0,1)	30	r1	(3.000000,8.000000)
R4	(0,1)	31	r1	(3.000000,9.000000)
R4	(0,1)	32	r1	(3.000000,10.000000)
R4	(0,1)	33	r1	(3.000000,11.000000)
R4	(0,1)	34	r1	(3.000000,12.000000)
R4	(0,1)	35	r1	(3.000000,13.000000)
R4	(0,1)	36	r1	(3.000000,14.000000)
R4	(0,1)	37	r1	(4.000000,8.000000)
R4	(0,1)	38	r1	(4.000000,9.000000)
R4	(0,1)	39	r1	(4.000000,10.000000)
R4	(0,1)	40	r1	(4.000000,11.000000)
R4	(0,1)	41	r1	(4.000000,12.000000)
R4	(0,1)	42	r1	(4.000000,13.000000)
R4	(0,1)	43	r1	(4.000000,14.000000)
R4	(0,1)	44	r1	(5.000000,8.000000)
R4	(0,1)	45	r1	(5.000000,9.000000)
R4	(0,1)	46	r1	(5.000000,10.000000)
R4	(0,1)	47	r1	(5.000000,11.000000)
R4	(0,1)	48	r1	(5.000000,12.000000)
R4	(0,1)	49	r1	(5.000000,13.000000)
R4	(0,1)	50	r1	(5.000000,14.000000)
R4	(0,1)	51	r2	(-1.000000,7.000000)
R4	(0,1)	52	r2	(-0.040000,7.280000)
R4	(0,1)	53	r2	(-0.320000,8.240000)
R4	(0,1)	54	r2	(-0.600000,9.200000)
R4	(0,1)	55	r2	(-0.880000,10.160000)
R4	(0,1)	56	r2	(-1.160000,11.120000)
R4	(0,1)	57	r2	(-1.440000,12.080000)
R4	(0,1)	58	r2	(-1.720000,13.040000)
R4	(0,1)	59	r2	(0.920000,7.560000)
R4	(0,1)	60	r2	(0.640000,8.520000)
R4	(0,1)	61	r2	(0.360000,9.480000)
R4	(0,1)	62	r2	(0.080000,10.440000)
R4	(0,1)	63	r2	(-0.200000,11.400000)
R4	(0,1)	64	r2	(-0.480000,12.360000)
R4	(0,1)	65	r2	(-0.760000,13.320000)
R4	(0,1)	66	r2	(1.880000,7.840000)
R4	(0,1)	67	r2	(1.600000,8.800000)
R4	(0,1)	68	r2	(1.320000,9.760000)
R4	(0,1)	69	r2	(1.040000,10.720000)
R4	(0,1)	70	r2	(0.760000,11.680000)
R4	(0,1)	71	r2	(0.480000,12.640000)
R4	(0,1)	72	r2	(0.200000,13.600000)
R4	(0,1)	73	r2	(2.840000,8.120000)
R4	(0,1)	74	r2	(2.560000,9.080000)
R4	(0,1)	75	r2	(2.280000,10.040000)
R4	(0,1)	76	r2	(2.000000,11.000000)
R4	(0,1)	77	r2	(1.720000,11.960000)
R4	(0,1)	78	r2	(1.440000,12.920000)
R4	(0,1)	79	r2	(1.160000,13.880000)
R4	(0,1)	80	r2	(3.800000,8.400000)
R4	(0,1)	81	r2	(3.520000,9.360000)
R4	(0,1)	82	r2	(3.240000,10.320000)
R4	(0,1)	83	r2	(2.960000,11.280000)
R4	(0,1)	84	r2	(2.680000,12.240000)
R4	(0,1)	85	r2	(2.400000,13.200000)
R4	(0,1)	86	r2	(2.120000,14.160000)
R4	(0,1)	87	r2	(4.760000,8.680000)
R4	(0,1)	88	r2	(4.480000,9.640000)
R4	(0,1)	89	r2	(4.200000,10.600000)
R4	(0,1)	90	r2	(3.920000,11.560000)
R4	(0,1)	91	r2	(3.640000,12.520000)
R4	(0,1)	92	r2	(3.360000,13.480000)
R4	(0,1)	93	r2	(3.080000,14.440000)
R4	(0,1)	94	r2	(5.720000,8.960000)
R4	(0,1)	95	r2	(5.440000,9.920000)
R4	(0,1)	96	r2	(5.160000,10.880000)
R4	(0,1)	97	r2	(4.880000,11.840000)
R4	(0,1)	98	r2	(4.600000,12.800000)
R4	(0,1)	99	r2	(4.320000,13.760000)
R4	(0,1)	100	r2	(4.040000,14.720000)
R5	(0,-1)	1	r1	(1.000000,-7.000000)
R5	(0,-1)	2	r1	(1.000000,-6.000000)
R5	(0,-1)	3	r1	(1.000000,-5.000000)
R5	(0,-1)	4	r1	(1.000000,-4.000000)
R5	(0,-1)	5	r1	(1.000000,-3.000000)
R5	(0,-1)	6	r1	(1.000000,-2.000000)
R5	(0,-1)	7	r1	(1.000000,-1.000000)
R5	(0,-1)	8	r1	(1.000000,0.000000)
R5	(0,-1)	9	r1	(2.000000,-6.000000)
R5	(0,-1)	10	r1	(2.000000,-5.000000)
R5	(0,-1)	11	r1	(2.000000,-4.000000)
R5	(0,-1)	12	r1	(2.000000,-3.000000)
R5	(0,-1)	13	r1	(2.000000,-2.000000)
R5	(0,-1)	14	r1	(2.000000,-1.000000)
R5	(0,-1)	15	r1	(2.000000,0.000000)
R5	(0,-1)	16	r1	(3.000000,-6.000000)
R5	(0,-1)	17	r1	(3.000000,-5.000000)
R5	(0,-1)	18	r1	(3.000000,-4.000000)
R5	(0,-1)	19	r1	(3.000000,-3.000000)
R5	(0,-1)	20	r1	(3.000000,-2.000000)
R5	(0,-1)	21	r1	(3.000000,-1.000000)
R5	(0,-1)	22	r1	(3.000000,0.000000)
R5	(0,-1)	23	r1	(4.000000,-6.000000)
R5	(0,-1)	24	r1	(4.000000,-5.000000)
R5	(0,-1)	25	r1	(4.000000,-4.000000)
R5	(0,-1)	26	r1	(4.000000,-3.000000)
R5	(0,-1)	27	r1	(4.000000,-2.000000)
R5	(0,-1)	28	r1	(4.000000,-1.000000)
R5	(0,-1)	29	r1	(4.000000,0.000000)
R5	(0,-1)	30	r1	(5.000000,-6.000000)
R5	(0,-1)	31	r1	(5.000000,-5.000000)
R5	(0,-1)	32	r1	(5.000000,-4.000000)
R5	(0,-1)	33	r1	(5.000000,-3.000000)
R5	(0,-1)	34	r1	(5.000000,-2.000000)
R5	(0,-1)	35	r1	(5.000000,-1.000000)
R5	(0,-1)	36	r1	(5.000000,0.000000)
R5	(0,-1)	37	r1	(6.000000,-6.000000)
R5	(0,-1)	38	r1	(6.000000,-5.000000)
R5	(0,-1)	39	r1	(6.000000,-4.000000)
R5	(0,-1)	40	r1	(6.000000,-3.000000)
R5	(0,-1)	41	r1	(6.000000,-2.000000)
R5	(0,-1)	42	r1	(6.000000,-1.000000)
R5	(0,-1)	43	r1	(6.000000,0.000000)
R5	(0,-1)	44	r1	(7.000000,-6.000000)
R5	(0,-1)	45	r1	(7.000000,-5.000000)
R5	(0,-1)	46	r1	(7.000000,-4.000000)
R5	(0,-1)	47	r1	(7.000000,-3.000000)
R5	(0,-1)	48	r1	(7.000000,-2.000000)
R5	(0,-1)	49	r1	(7.000000,-1.000000)
R5	(0,-1)	50	r1	(7.000000,0.000000)
R5	(0,-1)	51	r2	(1.000000,-7.000000)
R5	(0,-1)	52	r2	(1.960000,-6.720000)
R5	(0,-1)	53	r2	(1.680000,-5.760000)
R5	(0,-1)	54	r2	(1.400000,-4.800000)
R5	(0,-1)	55	r2	(1.120000,-3.840000)
R5	(0,-1)	56	r2	(0.840000,-2.880000)
R5	(0,-1)	57	r2	(0.560000,-1.920000)
R5	(0,-1)	58	r2	(0.280000,-0.960000)
R5	(0,-1)	59	r2	(2.920000,-6.440000)
R5	(0,-1)	60	r2	(2.640000,-5.480000)
R5	(0,-1)	61	r2	(2.360000,-4.520000)
R5	(0,-1)	62	r2	(2.080000,-3.560000)
R5	(0,-1)	63	r2	(1.800000,-2.600000)
R5	(0,-1)	64	r2	(1.520000,-1.640000)
R5	(0,-1)	65	r2	(1.240000,-0.680000)
R5	(0,-1)	66	r2	(3.880000,-6.160000)
R5	(0,-1)	67	r2	(3.600000,-5.200000)
R5	(0,-1)	68	r2	(3.320000,-4.240000)
R5	(0,-1)	69	r2	(3.040000,-3.280000)
R5	(0,-1)	70	r2	(2.760000,-2.320000)
R5	(0,-1)	71	r2	(2.480000,-1.360000)
R5	(0,-1)	72	r2	(2.200000,-0.400000)
R5	(0,-1)	73	r2	(4.840000,-5.880000)
R5	(0,-1)	74	r2	(4.560000,-4.920000)
R5	(0,-1)	75	r2	(4.280000,-3.960000)
R5	(0,-1)	76	r2	(4.000000,-3.000000)
R5	(0,-1)	77	r2	(3.720000,-2.040000)
R5	(0,-1)	78	r2	(3.440000,-1.080000)
R5	(0,-1)	79	r2	(3.160000,-0.120000)
R5	(0,-1)	80	r2	(5.800000,-5.600000)
R5	(0,-1)	81	r2	(5.520000,-4.640000)
R5	(0,-1)	82	r2	(5.240000,-3.680000)
R5	(0,-1)	83	r2	(4.960000,-2.720000)
R5	(0,-1)	84	r2	(4.680000,-1.760000)
R5	(0,-1)	85	r2	(4.400000,-0.800000)
R5	(0,-1)	86	r2	(4.120000,0.160000)
R5	(0,-1)	87	r2	(6.760000,-5.320000)
R5	(0,-1)	88	r2	(6.480000,-4.360000)
R5	(0,-1)	89	r2	(6.200000,-3.400000)
R5	(0,-1)	90	r2	(5.920000,-2.440000)
R5	(0,-1)	91	r2	(5.640000,-1.480000)
R5	(0,-1)	92	r2	(5.360000,-0.520000)
R5	(0,-1)	93	r2	(5.080000,0.440000)
R5	(0,-1)	94	r2	(7.720000,-5.040000)
R5	(0,-1)	95	r2	(7.440000,-4.080000)
R5	(0,-1)	96	r2	(7.160000,-3.120000)
R5	(0,-1)	97	r2	(6.880000,-2.160000)
R5	(0,-1)	98	r2	(6.600000,-1.200000)
R5	(0,-1)	99	r2	(6.320000,-0.240000)
R5	(0,-1)	100	r2	(6.040000,0.720000)
R6	(1,1)	1	r1	(6.000000,8.000000)
R6	(1,1)	2	r1	(6.000000,9.000000)
R6	(1,1)	3	r1	(6.000000,10.000000)
R6	(1,1)	4	r1	(6.000000,11.000000)
R6	(1,1)	5	r1	(6.000000,12.000000)
R6	(1,1)	6	r1	(6.000000,13.000000)
R6	(1,1)	7	r1	(6.000000,14.000000)
R6	(1,1)	8	r1	(6.000000,15.000000)
R6	(1,1)	9	r1	(7.000000,9.000000)
R6	(1,1)	10	r1	(7.000000,10.000000)
R6	(1,1)	11	r1	(7.000000,11.000000)
R6	(1,1)	12	r1	(7.000000,12.000000)
R6	(1,1)	13	r1	(7.000000,13.000000)
R6	(1,1)	14	r1	(7.000000,14.000000)
R6	(1,1)	15	r1	(7.000000,15.000000)
R6	(1,1)	16	r1	(8.000000,9.000000)
R6	(1,1)	17	r1	(8.000000,10.000000)
R6	(1,1)	18	r1	(8.000000,11.000000)
R6	(1,1)	19	r1	(8.000000,12.000000)
R6	(1,1)	20	r1	(8.000000,13.000000)
R6	(1,1)	21	r1	(8.000000,14.000000)
R6	(1,1)	22	r1	(8.000000,15.000000)
R6	(1,1)	23	r1	(9.000000,9.000000)
R6	(1,1)	24	r1	(9.000000,10.000000)
R6	(1,1)	25	r1	(9.000000,11.000000)
R6	(1,1)	26	r1	(9.000000,12.000000)
R6	(1,1)	27	r1	(9.000000,13.000000)
R6	(1,1)	28	r1	(9.000000,14.000000)
R6	(1,1)	29	r1	(9.000000,15.000000)
R6	(1,1)	30	r1	(10.000000,9.000000)
R6	(1,1)	31	r1	(10.000000,10.000000)
R6	(1,1)	32	r1	(10.000000,11.000000)
R6	(1,1)	33	r1	(10.000000,12.000000)
R6	(1,1)	34	r1	(10.000000,13.000000)
R6	(1,1)	35	r1	(10.000000,14.000000)
R6	(1,1)	36	r1	(10.000000,15.000000)
R6	(1,1)	37	r1	(11.000000,9.000000)
R6	(1,1)	38	r1	(11.000000,10.000000)
R6	(1,1)	39	r1	(11.000000,11.000000)
R6	(1,1)	40	r1	(11.000000,12.000000)
R6	(1,1)	41	r1	(11.000000,13.000000)
R6	(1,1)	42	r1	(11.000000,14.000000)
R6	(1,1)	43	r1	(11.000000,15.000000)
R6	(1,1)	44	r1	(12.000000,9.000000)
R6	(1,1)	45	r1	(12.000000,10.000000)
R6	(1,1)	46	r1	(12.000000,11.000000)
R6	(1,1)	47	r1	(12.000000,12.000000)
R6	(1,1)	48	r1	(12.000000,13.000000)
R6	(1,1)	49	r1	(12.000000,14.000000)
R6	(1,1)	50	r1	(12.000000,15.000000)
R6	(1,1)	51	r2	(6.000000,8.000000)
R6	(1,1)	52	r2	(6.960000,8.280000)
R6	(1,1)	53	r2	(6.680000,9.240000)
R6	(1,1)	54	r2	(6.400000,10.200000)
R6	(1,1)	55	r2	(6.120000,11.160000)
R6	(1,1)	56	r2	(5.840000,12.120000)
R6	(1,1)	57	r2	(5.560000,13.080000)
R6	(1,1)	58	r2	(5.280000,14.040000)
R6	(1,1)	59	r2	(7.920000,8.560000)
R6	(1,1)	60	r2	(7.640000,9.520000)
R6	(1,1)	61	r2	(7.360000,10.480000)
R6	(1,1)	62	r2	(7.080000,11.440000)
R6	(1,1)	63	r2	(6.800000,12.400000)
R6	(1,1)	64	r2	(6.520000,13.360000)
R6	(1,1)	65	r2	(6.240000,14.320000)
R6	(1,1)	66	r2	(8.880000,8.840000)
R6	(1,1)	67	r2	(8.600000,9.800000)
R6	(1,1)	68	r2	(8.320000,10.760000)
R6	(1,1)	69	r2	(8.040000,11.720000)
R6	(1,1)	70	r2	(7.760000,12.680000)
R6	(1,1)	71	r2	(7.480000,13.640000)
R6	(1,1)	72	r2	(7.200000,14.600000)
R6	(1,1)	73	r2	(9.840000,9.120000)
R6	(1,1)	74	r2	(9.560000,10.080000)
R6	(1,1)	75	r2	(9.280000,11.040000)
R6	(1,1)	76	r2	(9.000000,12.000000)
R6	(1,1)	77	r2	(8.720000,12.960000)
R6	(1,1)	78	r2	(8.440000,13.920000)
R6	(1,1)	79	r2	(8.160000,14.880000)
R6	(1,1)	80	r2	(10.800000,9.400000)
R6	(1,1)	81	r2	(10.520000,10.360000)
R6	(1,1)	82	r2	(10.240000,11.320000)
R6	(1,1)	83	r2	(9.960000,12.280000)
R6	(1,1)	84	r2	(9.680000,13.240000)
R6	(1,1)	85	r2	(9.400000,14.200000)
R6	(1,1)	86	r2	(9.120000,15.160000)
R6	(1,1)	87	r2	(11.760000,9.680000)
R6	(1,1)	88	r2	(11.480000,10.640000)
R6	(1,1)	89	r2	(11.200000,11.600000)
R6	(1,1)	90	r2	(10.920000,12.560000)
R6	(1,1)	91	r2	(10.640000,13.520000)
R6	(1,1)	92	r2	(10.360000,14.480000)
R6	(1,1)	93	r2	(10.080000,15.440000)
R6	(1,1)	94	r2	(12.720000,9.960000)
R6	(1,1)	95	r2	(12.440000,10.920000)
R6	(1,1)	96	r2	(12.160000,11.880000)
R6	(1,1)	97	r2	(11.880000,12.840000)
R6	(1,1)	98	r2	(11.600000,13.800000)
R6	(1,1)	99	r2	(11.320000,14.760000)
R6	(1,1)	100	r2	(11.040000,15.720000)
R7	(-1,1)	1	r1	(-8.000000,6.000000)
R7	(-1,1)	2	r1	(-8.000000,7.000000)
R7	(-1,1)	3	r1	(-8.000000,8.000000)
R7	(-1,1)	4	r1	(-8.000000,9.000000)
R7	(-1,1)	5	r1	(-8.000000,10.000000)
R7	(-1,1)	6	r1	(-8.000000,11.000000)
R7	(-1,1)	7	r1	(-8.000000,12.000000)
R7	(-1,1)	8	r1	(-8.000000,13.000000)
R7	(-1,1)	9	r1	(-7.000000,7.000000)
R7	(-1,1)	10	r1	(-7.000000,8.000000)
R7	(-1,1)	11	r1	(-7.000000,9.000000)
R7	(-1,1)	12	r1	(-7.000000,10.000000)
R7	(-1,1)	13	r1	(-7.000000,11.000000)
R7	(-1,1)	14	r1	(-7.000000,12.000000)
R7	(-1,1)	15	r1	(-7.000000,13.000000)
R7	(-1,1)	16	r1	(-6.000000,7.000000)
R7	(-1,1)	17	r1	(-6.000000,8.000000)
R7	(-1,1)	18	r1	(-6.000000,9.000000)
R7	(-1,1)	19	r1	(-6.000000,10.000000)
R7	(-1,1)	20	r1	(-6.000000,11.000000)
R7	(-1,1)	21	r1	(-6.000000,12.000000)
R7	(-1,1)	22	r1	(-6.000000,13.000000)
R7	(-1,1)	23	r1	(-5.000000,7.000000)
R7	(-1,1)	24	r1	(-5.000000,8.000000)
R7	(-1,1)	25	r1	(-5.000000,9.000000)
R7	(-1,1)	26	r1	(-5.000000,10.000000)
R7	(-1,1)	27	r1	(-5.000000,11.000000)
R7	(-1,1)	28	r1	(-5.000000,12.000000)
R7	(-1,1)	29	r1	(-5.000000,13.000000)
R7	(-1,1)	30	r1	(-4.000000,7.000000)
R7	(-1,1)	31	r1	(-4.000000,8.000000)
R7	(-1,1)	32	r1	(-4.000000,9.000000)
R7	(-1,1)	33	r1	(-4.000000,10.000000)
R7	(-1,1)	34	r1	(-4.000000,11.000000)
R7	(-1,1)	35	r1	(-4.000000,12.000000)
R7	(-1,1)	36	r1	(-4.000000,13.000000)
R7	(-1,1)	37	r1	(-3.000000,7.000000)
R7	(-1,1)	38	r1	(-3.000000,8.000000)
R7	(-1,1)	39	r1	(-3.000000,9.000000)
R7	(-1,1)	40	r1	(-3.000000,10.000000)
R7	(-1,1)	41	r1	(-3.000000,11.000000)
R7	(-1,1)	42	r1	(-3.000000,12.000000)
R7	(-1,1)	43	r1	(-3.000000,13.000000)
R7	(-1,1)	44	r1	(-2.000000,7.000000)
R7	(-1,1)	45	r1	(-2.000000,8.000000)
R7	(-1,1)	46	r1	(-2.000000,9.000000)
R7	(-1,1)	47	r1	(-2.000000,10.000000)
R7	(-1,1)	48	r1	(-2.000000,11.000000)
R7	(-1,1)	49	r1	(-2.000000,12.000000)
R7	(-1,1)	50	r1	(-2.000000,13.000000)
R7	(-1,1)	51	r2	(-8.000000,6.000000)
R7	(-1,1)	52	r2	(-7.040000,6.280000)
R7	(-1,1)	53	r2	(-7.320000,7.240000)
R7	(-1,1)	54	r2	(-7.600000,8.200000)
R7	(-1,1)	55	r2	(-7.880000,9.160000)
R7	(-1,1)	56	r2	(-8.160000,10.120000)
R7	(-1,1)	57	r2	(-8.440000,11.080000)
R7	(-1,1)	58	r2	(-8.720000,12.040000)
R7	(-1,1)	59	r2	(-6.080000,6.560000)
R7	(-1,1)	60	r2	(-6.360000,7.520000)
R7	(-1,1)	61	r2	(-6.640000,8.480000)
R7	(-1,1)	62	r2	(-6.920000,9.440000)
R7	(-1,1)	63	r2	(-7.200000,10.400000)
R7	(-1,1)	64	r2	(-7.480000,11.360000)
R7	(-1,1)	65	r2	(-7.760000,12.320000)
R7	(-1,1)	66	r2	(-5.120000,6.840000)
R7	(-1,1)	67	r2	(-5.400000,7.800000)
R7	(-1,1)	68	r2	(-5.680000,8.760000)
R7	(-1,1)	69	r2	(-5.960000,9.720000)
R7	(-1,1)	70	r2	(-6.240000,10.680000)
R7	(-1,1)	71	r2	(-6.520000,11.640000)
R7	(-1,1)	72	r2	(-6.800000,12.600000)
R7	(-1,1)	73	r2	(-4.160000,7.120000)
R7	(-1,1)	74	r2	(-4.440000,8.080000)
R7	(-1,1)	75	r2	(-4.720000,9.040000)
R7	(-1,1)	76	r2	(-5.000000,10.000000)
R7	(-1,1)	77	r2	(-5.280000,10.960000)
R7	(-1,1)	78	r2	(-5.560000,11.920000)
R7	(-1,1)	79	r2	(-5.840000,12.880000)
R7	(-1,1)	80	r2	(-3.200000,7.400000)
R7	(-1,1)	81	r2	(-3.480000,8.360000)
R7	(-1,1)	82	r2	(-3.760000,9.320000)
R7	(-1,1)	83	r2	(-4.040000,10.280000)
R7	(-1,1)	84	r2	(-4.320000,11.240000)
R7	(-1,1)	85	r2	(-4.600000,12.200000)
R7	(-1,1)	86	r2	(-4.880000,13.160000)
R7	(-1,1)	87	r2	(-2.240000,7.680000)
R7	(-1,1)	88	r2	(-2.520000,8.640000)
R7	(-1,1)	89	r2	(-2.800000,9.600000)
R7	(-1,1)	90	r2	(-3.080000,10.560000)
R7	(-1,1)	91	r2	(-3.360000,11.520000)
R7	(-1,1)	92	r2	(-3.640000,12.480000)
R7	(-1,1)	93	r2	(-3.920000,13.440000)
R7	(-1,1)	94	r2	(-1.280000,7.960000)
R7	(-1,1)	95	r2	(-1.560000,8.920000)
R7	(-1,1)	96	r2	(-1.840000,9.880000)
R7	(-1,1)	97	r2	(-2.120000,10.840000)
R7	(-1,1)	98	r2	(-2.400000,11.800000)
R7	(-1,1)	99	r2	(-2.680000,12.760000)
R7	(-1,1)	100	r2	(-2.960000,13.720000)
R8	(-1,-1)	1	r1	(-6.000000,-8.000000)
R8	(-1,-1)	2	r1	(-6.000000,-7.000000)
R8	(-1,-1)	3	r1	(-6.000000,-6.000000)
R8	(-1,-1)	4	r1	(-6.000000,-5.000000)
R8	(-1,-1)	5	r1	(-6.000000,-4.000000)
R8	(-1,-1)	6	r1	(-6.000000,-3.000000)
R8	(-1,-1)	7	r1	(-6.000000,-2.000000)
R8	(-1,-1)	8	r1	(-6.000000,-1.000000)
R8	(-1,-1)	9	r1	(-5.000000,-7.000000)
R8	(-1,-1)	10	r1	(-5.000000,-6.000000)
R8	(-1,-1)	11	r1	(-5.000000,-5.000000)
R8	(-1,-1)	12	r1	(-5.000000,-4.000000)
R8	(-1,-1)	13	r1	(-5.000000,-3.000000)
R8	(-1,-1)	14	r1	(-5.000000,-2.000000)
R8	(-1,-1)	15	r1	(-5.000000,-1.000000)
R8	(-1,-1)	16	r1	(-4.000000,-7.000000)
R8	(-1,-1)	17	r1	(-4.000000,-6.000000)
R8	(-1,-1)	18	r1	(-4.000000,-5.000000)
R8	(-1,-1)	19	r1	(-4.000000,-4.000000)
R8	(-1,-1)	20	r1	(-4.000000,-3.000000)
R8	(-1,-1)	21	r1	(-4.000000,-2.000000)
R8	(-1,-1)	22	r1	(-4.000000,-1.000000)
R8	(-1,-1)	23	r1	(-3.000000,-7.000000)
R8	(-1,-1)	24	r1	(-3.000000,-6.000000)
R8	(-1,-1)	25	r1	(-3.000000,-5.000000)
R8	(-1,-1)	26	r1	(-3.000000,-4.000000)
R8	(-1,-1)	27	r1	(-3.000000,-3.000000)
R8	(-1,-1)	28	r1	(-3.000000,-2.000000)
R8	(-1,-1)	29	r1	(-3.000000,-1.000000)
R8	(-1,-1)	30	r1	(-2.000000,-7.000000)
R8	(-1,-1)	31	r1	(-2.000000,-6.000000)
R8	(-1,-1)	32	r1	(-2.000000,-5.000000)
R8	(-1,-1)	33	r1	(-2.000000,-4.000000)
R8	(-1,-1)	34	r1	(-2.000000,-3.000000)
R8	(-1,-1)	35	r1	(-2.000000,-2.000000)
R8	(-1,-1)	36	r1	(-2.000000,-1.000000)
R8	(-1,-1)	37	r1	(-1.000000,-7.000000)
R8	(-1,-1)	38	r1	(-1.000000,-6.000000)
R8	(-1,-1)	39	r1	(-1.000000,-5.000000)
R8	(-1,-1)	40	r1	(-1.000000,-4.000000)
R8	(-1,-1)	41	r1	(-1.000000,-3.000000)
R8	(-1,-1)	42	r1	(-1.000000,-2.000000)
R8	(-1,-1)	43	r1	(-1.000000,-1.000000)
R8	(-1,-1)	44	r1	(0.000000,-7.000000)
R8	(-1,-1)	45	r1	(0.000000,-6.000000)
R8	(-1,-1)	46	r1	(0.000000,-5.000000)
R8	(-1,-1)	47	r1	(0.000000,-4.000000)
R8	(-1,-1)	48	r1	(0.000000,-3.000000)
R8	(-1,-1)	49	r1	(0.000000,-2.000000)
R8	(-1,-1)	50	r1	(0.000000,-1.000000)
R8	(-1,-1)	51	r2	(-6.000000,-8.000000)
R8	(-1,-1)	52	r2	(-5.040000,-7.720000)
R8	(-1,-1)	53	r2	(-5.320000,-6.760000)
R8	(-1,-1)	54	r2	(-5.600000,-5.800000)
R8	(-1,-1)	55	r2	(-5.880000,-4.840000)
R8	(-1,-1)	56	r2	(-6.160000,-3.880000)
R8	(-1,-1)	57	r2	(-6.440000,-2.920000)
R8	(-1,-1)	58	r2	(-6.720000,-1.960000)
R8	(-1,-1)	59	r2	(-4.080000,-7.440000)
R8	(-1,-1)	60	r2	(-4.360000,-6.480000)
R8	(-1,-1)	61	r2	(-4.640000,-5.520000)
R8	(-1,-1)	62	r2	(-4.920000,-4.560000)
R8	(-1,-1)	63	r2	(-5.200000,-3.600000)
R8	(-1,-1)	64	r2	(-5.480000,-2.640000)
R8	(-1,-1)	65	r2	(-5.760000,-1.680000)
R8	(-1,-1)	66	r2	(-3.120000,-7.160000)
R8	(-1,-1)	67	r2	(-3.400000,-6.200000)
R8	(-1,-1)	68	r2	(-3.680000,-5.240000)
R8	(-1,-1)	69	r2	(-3.960000,-4.280000)
R8	(-1,-1)	70	r2	(-4.240000,-3.320000)
R8	(-1,-1)	71	r2	(-4.520000,-2.360000)
R8	(-1,-1)	72	r2	(-4.800000,-1.400000)
R8	(-1,-1)	73	r2	(-2.160000,-6.880000)
R8	(-1,-1)	74	r2	(-2.440000,-5.920000)
R8	(-1,-1)	75	r2	(-2.720000,-4.960000)
R8	(-1,-1)	76	r2	(-3.000000,-4.000000)
R8	(-1,-1)	77	r2	(-3.280000,-3.040000)
R8	(-1,-1)	78	r2	(-3.560000,-2.080000)
R8	(-1,-1)	79	r2	(-3.840000,-1.120000)
R8	(-1,-1)	80	r2	(-1.200000,-6.600000)
R8	(-1,-1)	81	r2	(-1.480000,-5.640000)
R8	(-1,-1)	82	r2	(-1.760000,-4.680000)
R8	(-1,-1)	83	r2	(-2.040000,-3.720000)
R8	(-1,-1)	84	r2	(-2.320000,-2.760000)
R8	(-1,-1)	85	r2	(-2.600000,-1.800000)
R8	(-1,-1)	86	r2	(-2.880000,-0.840000)
R8	(-1,-1)	87	r2	(-0.240000,-6.320000)
R8	(-1,-1)	88	r2	(-0.520000,-5.360000)
R8	(-1,-1)	89	r2	(-0.800000,-4.400000)
R8	(-1,-1)	90	r2	(-1.080000,-3.440000)
R8	(-1,-1)	91	r2	(-1.360000,-2.480000)
R8	(-1,-1)	92	r2	(-1.640000,-1.520000)
R8	(-1,-1)	93	r2	(-1.920000,-0.560000)
R8	(-1,-1)	94	r2	(0.720000,-6.040000)
R8	(-1,-1)	95	r2	(0.440000,-5.080000)
R8	(-1,-1)	96	r2	(0.160000,-4.120000)
R8	(-1,-1)	97	r2	(-0.120000,-3.160000)
R8	(-1,-1)	98	r2	(-0.400000,-2.200000)
R8	(-1,-1)	99	r2	(-0.680000,-1.240000)
R8	(-1,-1)	100	r2	(-0.960000,-0.280000)
R9	(1,-1)	1	r1	(8.000000,-6.000000)
R9	(1,-1)	2	r1	(8.000000,-5.000000)
R9	(1,-1)	3	r1	(8.000000,-4.000000)
R9	(1,-1)	4	r1	(8.000000,-3.000000)
R9	(1,-1)	5	r1	(8.000000,-2.000000)
R9	(1,-1)	6	r1	(8.000000,-1.000000)
R9	(1,-1)	7	r1	(8.000000,0.000000)
R9	(1,-1)	8	r1	(8.000000,1.000000)
R9	(1,-1)	9	r1	(9.000000,-5.000000)
R9	(1,-1)	10	r1	(9.000000,-4.000000)
R9	(1,-1)	11	r1	(9.000000,-3.000000)
R9	(1,-1)	12	r1	(9.000000,-2.000000)
R9	(1,-1)	13	r1	(9.000000,-1.000000)
R9	(1,-1)	14	r1	(9.000000,0.000000)
R9	(1,-1)	15	r1	(9.000000,1.000000)
R9	(1,-1)	16	r1	(10.000000,-5.000000)
R9	(1,-1)	17	r1	(10.000000,-4.000000)
R9	(1,-1)	18	r1	(10.000000,-3.000000)
R9	(1,-1)	19	r1	(10.000000,-2.000000)
R9	(1,-1)	20	r1	(10.000000,-1.000000)
R9	(1,-1)	21	r1	(10.000000,0.000000)
R9	(1,-1)	22	r1	(10.000000,1.000000)
R9	(1,-1)	23	r1	(11.000000,-5.000000)
R9	(1,-1)	24	r1	(11.000000,-4.000000)
R9	(1,-1)	25	r1	(11.000000,-3.000000)
R9	(1,-1)	26	r1	(11.000000,-2.000000)
R9	(1,-1)	27	r1	(11.000000,-1.000000)
R9	(1,-1)	28	r1	(11.000000,0.000000)
R9	(1,-1)	29	r1	(11.000000,1.000000)
R9	(1,-1)	30	r1	(12.000000,-5.000000)
R9	(1,-1)	31	r1	(12.000000,-4.000000)
R9	(1,-1)	32	r1	(12.000000,-3.000000)
R9	(1,-1)	33	r1	(12.000000,-2.000000)
R9	(1,-1)	34	r1	(12.000000,-1.000000)
R9	(1,-1)	35	r1	(12.000000,0.000000)
R9	(1,-1)	36	r1	(12.000000,1.000000)
R9	(1,-1)	37	r1	(13.000000,-5.000000)
R9	(1,-1)	38	r1	(13.000000,-4.000000)
R9	(1,-1)	39	r1	(13.000000,-3.000000)
R9	(1,-1)	40	r1	(13.000000,-2.000000)
R9	(1,-1)	41	r1	(13.000000,-1.000000)
R9	(1,-1)	42	r1	(13.000000,0.000000)
R9	(1,-1)	43	r1	(13.000000,1.000000)
R9	(1,-1)	44	r1	(14.000000,-5.000000)
R9	(1,-1)	45	r1	(14.000000,-4.000000)
R9	(1,-1)	46	r1	(14.000000,-3.000000)
R9	(1,-1)	47	r1	(14.000000,-2.000000)
R9	(1,-1)	48	r1	(14.000000,-1.000000)
R9	(1,-1)	49	r1	(14.000000,0.000000)
R9	(1,-1)	50	r1	(14.000000,1.000000)
R9	(1,-1)	51	r2	(8.000000,-6.000000)
R9	(1,-1)	52	r2	(8.960000,-5.720000)
R9	(1,-1)	53	r2	(8.680000,-4.760000)
R9	(1,-1)	54	r2	(8.400000,-3.800000)
R9	(1,-1)	55	r2	(8.120000,-2.840000)
R9	(1,-1)	56	r2	(7.840000,-1.880000)
R9	(1,-1)	57	r2	(7.560000,-0.920000)
R9	(1,-1)	58	r2	(7.280000,0.040000)
R9	(1,-1)	59	r2	(9.920000,-5.440000)
R9	(1,-1)	60	r2	(9.640000,-4.480000)
R9	(1,-1)	61	r2	(9.360000,-3.520000)
R9	(1,-1)	62	r2	(9.080000,-2.560000)
R9	(1,-1)	63	r2	(8.800000,-1.600000)
R9	(1,-1)	64	r2	(8.520000,-0.640000)
R9	(1,-1)	65	r2	(8.240000,0.320000)
R9	(1,-1)	66	r2	(10.880000,-5.160000)
R9	(1,-1)	67	r2	(10.600000,-4.200000)
R9	(1,-1)	68	r2	(10.320000,-3.240000)
R9	(1,-1)	69	r2	(10.040000,-2.280000)
R9	(1,-1)	70	r2	(9.760000,-1.320000)
R9	(1,-1)	71	r2	(9.480000,-0.360000)
R9	(1,-1)	72	r2	(9.200000,0.600000)
R9	(1,-1)	73	r2	(11.840000,-4.880000)
R9	(1,-1)	74	r2	(11.560000,-3.920000)
R9	(1,-1)	75	r2	(11.280000,-2.960000)
R9	(1,-1)	76	r2	(11.000000,-2.000000)
R9	(1,-1)	77	r2	(10.720000,-1.040000)
R9	(1,-1)	78	r2	(10.440000,-0.080000)
R9	(1,-1)	79	r2	(10.160000,0.880000)
R9	(1,-1)	80	r2	(12.800000,-4.600000)
R9	(1,-1)	81	r2	(12.520000,-3.640000)
R9	(1,-1)	82	r2	(12.240000,-2.680000)
R9	(1,-1)	83	r2	(11.960000,-1.720000)
R9	(1,-1)	84	r2	(11.680000,-0.760000)
R9	(1,-1)	85	r2	(11.400000,0.200000)
R9	(1,-1)	86	r2	(11.120000,1.160000)
R9	(1,-1)	87	r2	(13.760000,-4.320000)
R9	(1,-1)	88	r2	(13.480000,-3.360000)
R9	(1,-1)	89	r2	(13.200000,-2.400000)
R9	(1,-1)	90	r2	(12.920000,-1.440000)
R9	(1,-1)	91	r2	(12.640000,-0.480000)
R9	(1,-1)	92	r2	(12.360000,0.480000)
R9	(1,-1)	93	r2	(12.080000,1.440000)
R9	(1,-1)	94	r2	(14.720000,-4.040000)
R9	(1,-1)	95	r2	(14.440000,-3.080000)
R9	(1,-1)	96	r2	(14.160000,-2.120000)
R9	(1,-1)	97	r2	(13.880000,-1.160000)
R9	(1,-1)	98	r2	(13.600000,-0.200000)
R9	(1,-1)	99	r2	(13.320000,0.760000)
R9	(1,-1)	100	r2	(13.040000,1.720000)
