SINGLE-ORBITAL NN+NNN EFFECTIVE MODEL FIT

m=2
eon=0.0
t0=1.0
l_decay=1.0
dl=0.1
pairing=./m=2/pairing.txt
microscopic_orbitals=10

E_eff(k) = eps0 + 2*t1[cos(k.u1)+cos(k.u2)] + 4*t2*cos(k.u1)*cos(k.u2)

eps0     = -1.03691437265428e+01
t1       = -3.24862038808256e+00
t2       = -1.14105695716132e+00

RMSE=5.07877727262760e-01
MAE=4.35178882959763e-01
max_abs_error=1.04983510491766e+00
optimizer_success=True
optimizer_message=Linear least-squares solution
minimum_tracking_continuity=1.0000000000
mean_tracking_continuity=1.0000000000

# k_index idx continuity target fit\n    0    0 1.0000000000 -2.7470880521e+01 -2.7927853108e+01\n    1    0 1.0000000000 -2.7465841652e+01 -2.7922284127e+01\n    2    0 1.0000000000 -2.7450729856e+01 -2.7905582793e+01\n    3    0 1.0000000000 -2.7425559568e+01 -2.7877765921e+01\n    4    0 1.0000000000 -2.7390354821e+01 -2.7838861522e+01\n    5    0 1.0000000000 -2.7345149229e+01 -2.7788908769e+01\n    6    0 1.0000000000 -2.7289985945e+01 -2.7727957960e+01\n    7    0 1.0000000000 -2.7224917613e+01 -2.7656070467e+01\n    8    0 1.0000000000 -2.7150006312e+01 -2.7573318674e+01\n    9    0 1.0000000000 -2.7065323483e+01 -2.7479785907e+01\n   10    0 1.0000000000 -2.6970949856e+01 -2.7375566344e+01\n   11    0 1.0000000000 -2.6866975352e+01 -2.7260764926e+01\n   12    0 1.0000000000 -2.6753498990e+01 -2.7135497247e+01\n   13    0 1.0000000000 -2.6630628774e+01 -2.6999889443e+01\n   14    0 1.0000000000 -2.6498481570e+01 -2.6854078058e+01\n   15    0 1.0000000000 -2.6357182981e+01 -2.6698209913e+01\n   16    0 1.0000000000 -2.6206867199e+01 -2.6532441952e+01\n   17    0 1.0000000000 -2.6047676861e+01 -2.6356941092e+01\n   18    0 1.0000000000 -2.5879762886e+01 -2.6171884045e+01\n   19    0 1.0000000000 -2.5703284303e+01 -2.5977457149e+01\n   20    0 1.0000000000 -2.5518408077e+01 -2.5773856175e+01\n   21    0 1.0000000000 -2.5325308914e+01 -2.5561286132e+01\n   22    0 1.0000000000 -2.5124169066e+01 -2.5339961060e+01\n   23    0 1.0000000000 -2.4915178126e+01 -2.5110103815e+01\n   24    0 1.0000000000 -2.4698532806e+01 -2.4871945843e+01\n   25    0 1.0000000000 -2.4474436718e+01 -2.4625726950e+01\n   26    0 1.0000000000 -2.4243100135e+01 -2.4371695057e+01\n   27    0 1.0000000000 -2.4004739755e+01 -2.4110105952e+01\n   28    0 1.0000000000 -2.3759578444e+01 -2.3841223033e+01\n   29    0 1.0000000000 -2.3507844983e+01 -2.3565317044e+01\n   30    0 1.0000000000 -2.3249773800e+01 -2.3282665797e+01\n   31    0 1.0000000000 -2.2985604694e+01 -2.2993553899e+01\n   32    0 1.0000000000 -2.2715582555e+01 -2.2698272460e+01\n   33    0 1.0000000000 -2.2439957076e+01 -2.2397118805e+01\n   34    0 1.0000000000 -2.2158982457e+01 -2.2090396169e+01\n   35    0 1.0000000000 -2.1872917099e+01 -2.1778413396e+01\n   36    0 1.0000000000 -2.1582023300e+01 -2.1461484627e+01\n   37    0 1.0000000000 -2.1286566934e+01 -2.1139928981e+01\n   38    0 1.0000000000 -2.0986817132e+01 -2.0814070238e+01\n   39    0 1.0000000000 -2.0683045954e+01 -2.0484236511e+01\n   40    0 1.0000000000 -2.0375528056e+01 -2.0150759913e+01\n   41    0 1.0000000000 -2.0064540349e+01 -1.9813976227e+01\n   42    0 1.0000000000 -1.9750361659e+01 -1.9474224566e+01\n   43    0 1.0000000000 -1.9433272376e+01 -1.9131847032e+01\n   44    0 1.0000000000 -1.9113554102e+01 -1.8787188368e+01\n   45    0 1.0000000000 -1.8791489297e+01 -1.8440595618e+01\n   46    0 1.0000000000 -1.8467360917e+01 -1.8092417771e+01\n   47    0 1.0000000000 -1.8141452048e+01 -1.7743005412e+01\n   48    0 1.0000000000 -1.7814045549e+01 -1.7392710371e+01\n   49    0 1.0000000000 -1.7485423674e+01 -1.7041885364e+01\n   50    0 1.0000000000 -1.7155867712e+01 -1.6690883642e+01\n   51    0 1.0000000000 -1.6825657610e+01 -1.6340058635e+01\n   52    0 1.0000000000 -1.6495071608e+01 -1.5989763593e+01\n   53    0 1.0000000000 -1.6164385864e+01 -1.5640351234e+01\n   54    0 1.0000000000 -1.5833874092e+01 -1.5292173387e+01\n   55    0 1.0000000000 -1.5503807192e+01 -1.4945580637e+01\n   56    0 1.0000000000 -1.5174452887e+01 -1.4600921974e+01\n   57    0 1.0000000000 -1.4846075370e+01 -1.4258544439e+01\n   58    0 1.0000000000 -1.4518934948e+01 -1.3918792779e+01\n   59    0 1.0000000000 -1.4193287700e+01 -1.3582009093e+01\n   60    0 1.0000000000 -1.3869385145e+01 -1.3248532495e+01\n   61    0 1.0000000000 -1.3547473912e+01 -1.2918698767e+01\n   62    0 1.0000000000 -1.3227795442e+01 -1.2592840024e+01\n   63    0 1.0000000000 -1.2910585686e+01 -1.2271284378e+01\n   64    0 1.0000000000 -1.2596074840e+01 -1.1954355609e+01\n   65    0 1.0000000000 -1.2284487093e+01 -1.1642372836e+01\n   66    0 1.0000000000 -1.1976040407e+01 -1.1335650200e+01\n   67    0 1.0000000000 -1.1670946333e+01 -1.1034496545e+01\n   68    0 1.0000000000 -1.1369409863e+01 -1.0739215107e+01\n   69    0 1.0000000000 -1.1071629327e+01 -1.0450103208e+01\n   70    0 1.0000000000 -1.0777796358e+01 -1.0167451962e+01\n   71    0 1.0000000000 -1.0488095908e+01 -9.8915459721e+00\n   72    0 1.0000000000 -1.0202706362e+01 -9.6226630536e+00\n   73    0 1.0000000000 -9.9217997405e+00 -9.3610739487e+00\n   74    0 1.0000000000 -9.6455420280e+00 -9.1070420553e+00\n   75    0 1.0000000000 -9.3740936481e+00 -8.8608231620e+00\n   76    0 1.0000000000 -9.1076101263e+00 -8.6226651903e+00\n   77    0 1.0000000000 -8.8462429822e+00 -8.3928079453e+00\n   78    0 1.0000000000 -8.5901409172e+00 -8.1714828735e+00\n   79    0 1.0000000000 -8.3394513765e+00 -7.9589128306e+00\n   80    0 1.0000000000 -8.0943225970e+00 -7.7553118567e+00\n   81    0 1.0000000000 -7.8549062905e+00 -7.5608849606e+00\n   82    0 1.0000000000 -7.6213611672e+00 -7.3758279138e+00\n   83    0 1.0000000000 -7.3938575848e+00 -7.2003270529e+00\n   84    0 1.0000000000 -7.1725837203e+00 -7.0345590926e+00\n   85    0 1.0000000000 -6.9577538290e+00 -6.8786909470e+00\n   86    0 1.0000000000 -6.7496193876e+00 -6.7328795622e+00\n   87    0 1.0000000000 -6.5484842626e+00 -6.5972717579e+00\n   88    0 1.0000000000 -6.3547255277e+00 -6.4720040797e+00\n   89    0 1.0000000000 -6.1688222223e+00 -6.3572026615e+00\n   90    0 1.0000000000 -5.9913952082e+00 -6.2529830985e+00\n   91    0 1.0000000000 -5.8232622379e+00 -6.1594503311e+00\n   92    0 1.0000000000 -5.6655129313e+00 -6.0766985389e+00\n   93    0 1.0000000000 -5.5196072181e+00 -6.0048110458e+00\n   94    0 1.0000000000 -5.3874945330e+00 -5.9438602364e+00\n   95    0 1.0000000000 -5.2717326809e+00 -5.8939074832e+00\n   96    0 1.0000000000 -5.1755446927e+00 -5.8550030842e+00\n   97    0 1.0000000000 -5.1026878964e+00 -5.8271862129e+00\n   98    0 1.0000000000 -5.0569684609e+00 -5.8104848785e+00\n   99    0 1.0000000000 -5.0413498563e+00 -5.8049158979e+00\n  100    0 1.0000000000 -5.0406771508e+00 -5.8039427078e+00\n  101    0 1.0000000000 -5.0386595350e+00 -5.8010241175e+00\n  102    0 1.0000000000 -5.0352985107e+00 -5.7961630656e+00\n  103    0 1.0000000000 -5.0305965787e+00 -5.7893644469e+00\n  104    0 1.0000000000 -5.0245572366e+00 -5.7806351071e+00\n  105    0 1.0000000000 -5.0171849741e+00 -5.7699838357e+00\n  106    0 1.0000000000 -5.0084852684e+00 -5.7574213578e+00\n  107    0 1.0000000000 -4.9984645780e+00 -5.7429603227e+00\n  108    0 1.0000000000 -4.9871303351e+00 -5.7266152914e+00\n  109    0 1.0000000000 -4.9744909374e+00 -5.7084027220e+00\n  110    0 1.0000000000 -4.9605557387e+00 -5.6883409530e+00\n  111    0 1.0000000000 -4.9453350379e+00 -5.6664501850e+00\n  112    0 1.0000000000 -4.9288400681e+00 -5.6427524599e+00\n  113    0 1.0000000000 -4.9110829831e+00 -5.6172716395e+00\n  114    0 1.0000000000 -4.8920768444e+00 -5.5900333808e+00\n  115    0 1.0000000000 -4.8718356059e+00 -5.5610651104e+00\n  116    0 1.0000000000 -4.8503740988e+00 -5.5303959969e+00\n  117    0 1.0000000000 -4.8277080141e+00 -5.4980569215e+00\n  118    0 1.0000000000 -4.8038538860e+00 -5.4640804469e+00\n  119    0 1.0000000000 -4.7788290724e+00 -5.4285007844e+00\n  120    0 1.0000000000 -4.7526517362e+00 -5.3913537600e+00\n  121    0 1.0000000000 -4.7253408243e+00 -5.3526767773e+00\n  122    0 1.0000000000 -4.6969160472e+00 -5.3125087809e+00\n  123    0 1.0000000000 -4.6673978562e+00 -5.2708902166e+00\n  124    0 1.0000000000 -4.6368074213e+00 -5.2278629907e+00\n  125    0 1.0000000000 -4.6051666076e+00 -5.1834704279e+00\n  126    0 1.0000000000 -4.5724979506e+00 -5.1377572279e+00\n  127    0 1.0000000000 -4.5388246321e+00 -5.0907694199e+00\n  128    0 1.0000000000 -4.5041704539e+00 -5.0425543168e+00\n  129    0 1.0000000000 -4.4685598122e+00 -4.9931604669e+00\n  130    0 1.0000000000 -4.4320176709e+00 -4.9426376057e+00\n  131    0 1.0000000000 -4.3945695338e+00 -4.8910366055e+00\n  132    0 1.0000000000 -4.3562414180e+00 -4.8384094241e+00\n  133    0 1.0000000000 -4.3170598247e+00 -4.7848090527e+00\n  134    0 1.0000000000 -4.2770517116e+00 -4.7302894621e+00\n  135    0 1.0000000000 -4.2362444634e+00 -4.6749055491e+00\n  136    0 1.0000000000 -4.1946658635e+00 -4.6187130806e+00\n  137    0 1.0000000000 -4.1523440641e+00 -4.5617686375e+00\n  138    0 1.0000000000 -4.1093075568e+00 -4.5041295582e+00\n  139    0 1.0000000000 -4.0655851434e+00 -4.4458538803e+00\n  140    0 1.0000000000 -4.0212059062e+00 -4.3870002824e+00\n  141    0 1.0000000000 -3.9761991780e+00 -4.3276280252e+00\n  142    0 1.0000000000 -3.9305945131e+00 -4.2677968915e+00\n  143    0 1.0000000000 -3.8844216577e+00 -4.2075671261e+00\n  144    0 1.0000000000 -3.8377105210e+00 -4.1469993754e+00\n  145    0 1.0000000000 -3.7904911459e+00 -4.0861546259e+00\n  146    0 1.0000000000 -3.7427936810e+00 -4.0250941431e+00\n  147    0 1.0000000000 -3.6946483526e+00 -3.9638794097e+00\n  148    0 1.0000000000 -3.6460854371e+00 -3.9025720639e+00\n  149    0 1.0000000000 -3.5971352340e+00 -3.8412338369e+00\n  150    0 1.0000000000 -3.5478280405e+00 -3.7799264910e+00\n  151    0 1.0000000000 -3.4981941259e+00 -3.7187117577e+00\n  152    0 1.0000000000 -3.4482637074e+00 -3.6576512749e+00\n  153    0 1.0000000000 -3.3980669273e+00 -3.5968065254e+00\n  154    0 1.0000000000 -3.3476338313e+00 -3.5362387746e+00\n  155    0 1.0000000000 -3.2969943477e+00 -3.4760090093e+00\n  156    0 1.0000000000 -3.2461782691e+00 -3.4161778755e+00\n  157    0 1.0000000000 -3.1952152356e+00 -3.3568056183e+00\n  158    0 1.0000000000 -3.1441347197e+00 -3.2979520205e+00\n  159    0 1.0000000000 -3.0929660138e+00 -3.2396763426e+00\n  160    0 1.0000000000 -3.0417382212e+00 -3.1820372632e+00\n  161    0 1.0000000000 -2.9904802484e+00 -3.1250928202e+00\n  162    0 1.0000000000 -2.9392208030e+00 -3.0689003517e+00\n  163    0 1.0000000000 -2.8879883940e+00 -3.0135164386e+00\n  164    0 1.0000000000 -2.8368113381e+00 -2.9589968481e+00\n  165    0 1.0000000000 -2.7857177711e+00 -2.9053964766e+00\n  166    0 1.0000000000 -2.7347356660e+00 -2.8527692952e+00\n  167    0 1.0000000000 -2.6838928593e+00 -2.8011682950e+00\n  168    0 1.0000000000 -2.6332170869e+00 -2.7506454339e+00\n  169    0 1.0000000000 -2.5827360316e+00 -2.7012515840e+00\n  170    0 1.0000000000 -2.5324773848e+00 -2.6530364808e+00\n  171    0 1.0000000000 -2.4824689262e+00 -2.6060486728e+00\n  172    0 1.0000000000 -2.4327386252e+00 -2.5603354728e+00\n  173    0 1.0000000000 -2.3833147703e+00 -2.5159429101e+00\n  174    0 1.0000000000 -2.3342261326e+00 -2.4729156842e+00\n  175    0 1.0000000000 -2.2855021747e+00 -2.4312971198e+00\n  176    0 1.0000000000 -2.2371733163e+00 -2.3911291235e+00\n  177    0 1.0000000000 -2.1892712737e+00 -2.3524521408e+00\n  178    0 1.0000000000 -2.1418294963e+00 -2.3153051163e+00\n  179    0 1.0000000000 -2.0948837296e+00 -2.2797254539e+00\n  180    0 1.0000000000 -2.0484727472e+00 -2.2457489793e+00\n  181    0 1.0000000000 -2.0026393070e+00 -2.2134099038e+00\n  182    0 1.0000000000 -1.9574314109e+00 -2.1827407903e+00\n  183    0 1.0000000000 -1.9129039756e+00 -2.1537725199e+00\n  184    0 1.0000000000 -1.8691210653e+00 -2.1265342612e+00\n  185    0 1.0000000000 -1.8261588981e+00 -2.1010534408e+00\n  186    0 1.0000000000 -1.7841099231e+00 -2.0773557158e+00\n  187    0 1.0000000000 -1.7430883787e+00 -2.0554649477e+00\n  188    0 1.0000000000 -1.7032378999e+00 -2.0354031787e+00\n  189    0 1.0000000000 -1.6647419174e+00 -2.0171906093e+00\n  190    0 1.0000000000 -1.6278377596e+00 -2.0008455780e+00\n  191    0 1.0000000000 -1.5928353600e+00 -1.9863845429e+00\n  192    0 1.0000000000 -1.5601409310e+00 -1.9738220650e+00\n  193    0 1.0000000000 -1.5302840290e+00 -1.9631707937e+00\n  194    0 1.0000000000 -1.5039416032e+00 -1.9544414538e+00\n  195    0 1.0000000000 -1.4819431438e+00 -1.9476428352e+00\n  196    0 1.0000000000 -1.4652281406e+00 -1.9427817833e+00\n  197    0 1.0000000000 -1.4547225891e+00 -1.9398631929e+00\n  198    0 1.0000000000 -1.4511317160e+00 -1.9388900029e+00\n  199    0 1.0000000000 -1.4559952941e+00 -1.9408375399e+00\n  200    0 1.0000000000 -1.4715356080e+00 -1.9466920647e+00\n  201    0 1.0000000000 -1.5000600563e+00 -1.9564892500e+00\n  202    0 1.0000000000 -1.5435436087e+00 -1.9702883246e+00\n  203    0 1.0000000000 -1.6018401455e+00 -1.9881717353e+00\n  204    0 1.0000000000 -1.6728111127e+00 -2.0102446761e+00\n  205    0 1.0000000000 -1.7538636377e+00 -2.0366344862e+00\n  206    0 1.0000000000 -1.8429570119e+00 -2.0674899194e+00\n  207    0 1.0000000000 -1.9387547800e+00 -2.1029802884e+00\n  208    0 1.0000000000 -2.0404537589e+00 -2.1432944875e+00\n  209    0 1.0000000000 -2.1475989621e+00 -2.1886398978e+00\n  210    0 1.0000000000 -2.2599542939e+00 -2.2392411801e+00\n  211    0 1.0000000000 -2.3774220490e+00 -2.2953389599e+00\n  212    0 1.0000000000 -2.4999941264e+00 -2.3571884113e+00\n  213    0 1.0000000000 -2.6277222546e+00 -2.4250577447e+00\n  214    0 1.0000000000 -2.7606994177e+00 -2.4992266066e+00\n  215    0 1.0000000000 -2.8990479237e+00 -2.5799843964e+00\n  216    0 1.0000000000 -3.0429114723e+00 -2.6676285090e+00\n  217    0 1.0000000000 -3.1924496704e+00 -2.7624625105e+00\n  218    0 1.0000000000 -3.3478340685e+00 -2.8647942547e+00\n  219    0 1.0000000000 -3.5092451541e+00 -2.9749339492e+00\n  220    0 1.0000000000 -3.6768699444e+00 -3.0931921789e+00\n  221    0 1.0000000000 -3.8508999574e+00 -3.2198778962e+00\n  222    0 1.0000000000 -4.0315294123e+00 -3.3552963861e+00\n  223    0 1.0000000000 -4.2189535631e+00 -3.4997472163e+00\n  224    0 1.0000000000 -4.4133671036e+00 -3.6535221801e+00\n  225    0 1.0000000000 -4.6149625989e+00 -3.8169032416e+00\n  226    0 1.0000000000 -4.8239289189e+00 -3.9901604937e+00\n  227    0 1.0000000000 -5.0404496544e+00 -4.1735501354e+00\n  228    0 1.0000000000 -5.2647015090e+00 -4.3673124801e+00\n  229    0 1.0000000000 -5.4968526608e+00 -4.5716700024e+00\n  230    0 1.0000000000 -5.7370610983e+00 -4.7868254326e+00\n  231    0 1.0000000000 -5.9854729310e+00 -5.0129599075e+00\n  232    0 1.0000000000 -6.2422206853e+00 -5.2502311869e+00\n  233    0 1.0000000000 -6.5074215928e+00 -5.4987719417e+00\n  234    0 1.0000000000 -6.7811758828e+00 -5.7586881250e+00\n  235    0 1.0000000000 -7.0635650917e+00 -6.0300574304e+00\n  236    0 1.0000000000 -7.3546504008e+00 -6.3129278477e+00\n  237    0 1.0000000000 -7.6544710185e+00 -6.6073163203e+00\n  238    0 1.0000000000 -7.9630426187e+00 -6.9132075138e+00\n  239    0 1.0000000000 -8.2803558504e+00 -7.2305526991e+00\n  240    0 1.0000000000 -8.6063749319e+00 -7.5592687577e+00\n  241    0 1.0000000000 -8.9410363417e+00 -7.8992373132e+00\n  242    0 1.0000000000 -9.2842476203e+00 -8.2503039945e+00\n  243    0 1.0000000000 -9.6358862913e+00 -8.6122778345e+00\n  244    0 1.0000000000 -9.9957989149e+00 -8.9849308079e+00\n  245    0 1.0000000000 -1.0363800281e+01 -9.3679975111e+00\n  246    0 1.0000000000 -1.0739672751e+01 -9.7611749876e+00\n  247    0 1.0000000000 -1.1123165751e+01 -1.0164122700e+01\n  248    0 1.0000000000 -1.1513995430e+01 -1.0576462649e+01\n  249    0 1.0000000000 -1.1911844476e+01 -1.0997779642e+01\n  250    0 1.0000000000 -1.2316362102e+01 -1.1427621716e+01\n  251    0 1.0000000000 -1.2727164197e+01 -1.1865500696e+01\n  252    0 1.0000000000 -1.3143833645e+01 -1.2310892916e+01\n  253    0 1.0000000000 -1.3565920811e+01 -1.2763240077e+01\n  254    0 1.0000000000 -1.3992944187e+01 -1.3221950253e+01\n  255    0 1.0000000000 -1.4424391211e+01 -1.3686399034e+01\n  256    0 1.0000000000 -1.4859719225e+01 -1.4155930811e+01\n  257    0 1.0000000000 -1.5298356602e+01 -1.4629860193e+01\n  258    0 1.0000000000 -1.5739704012e+01 -1.5107473552e+01\n  259    0 1.0000000000 -1.6183135828e+01 -1.5588030693e+01\n  260    0 1.0000000000 -1.6628001671e+01 -1.6070766648e+01\n  261    0 1.0000000000 -1.7073628076e+01 -1.6554893571e+01\n  262    0 1.0000000000 -1.7519320280e+01 -1.7039602753e+01\n  263    0 1.0000000000 -1.7964364122e+01 -1.7524066725e+01\n  264    0 1.0000000000 -1.8408028042e+01 -1.8007441460e+01\n  265    0 1.0000000000 -1.8849565174e+01 -1.8488868658e+01\n  266    0 1.0000000000 -1.9288215525e+01 -1.8967478105e+01\n  267    0 1.0000000000 -1.9723208226e+01 -1.9442390102e+01\n  268    0 1.0000000000 -2.0153763851e+01 -1.9912717950e+01\n  269    0 1.0000000000 -2.0579096792e+01 -2.0377570494e+01\n  270    0 1.0000000000 -2.0998417673e+01 -2.0836054695e+01\n  271    0 1.0000000000 -2.1410935811e+01 -2.1287278243e+01\n  272    0 1.0000000000 -2.1815861692e+01 -2.1730352192e+01\n  273    0 1.0000000000 -2.2212409472e+01 -2.2164393600e+01\n  274    0 1.0000000000 -2.2599799479e+01 -2.2588528182e+01\n  275    0 1.0000000000 -2.2977260711e+01 -2.3001892948e+01\n  276    0 1.0000000000 -2.3344033323e+01 -2.3403638827e+01\n  277    0 1.0000000000 -2.3699371091e+01 -2.3792933267e+01\n  278    0 1.0000000000 -2.4042543842e+01 -2.4168962795e+01\n  279    0 1.0000000000 -2.4372839840e+01 -2.4530935535e+01\n  280    0 1.0000000000 -2.4689568123e+01 -2.4878083667e+01\n  281    0 1.0000000000 -2.4992060783e+01 -2.5209665826e+01\n  282    0 1.0000000000 -2.5279675169e+01 -2.5524969426e+01\n  283    0 1.0000000000 -2.5551796020e+01 -2.5823312901e+01\n  284    0 1.0000000000 -2.5807837509e+01 -2.6104047860e+01\n  285    0 1.0000000000 -2.6047245197e+01 -2.6366561139e+01\n  286    0 1.0000000000 -2.6269497877e+01 -2.6610276749e+01\n  287    0 1.0000000000 -2.6474109327e+01 -2.6834657713e+01\n  288    0 1.0000000000 -2.6660629933e+01 -2.7039207779e+01\n  289    0 1.0000000000 -2.6828648199e+01 -2.7223473007e+01\n  290    0 1.0000000000 -2.6977792133e+01 -2.7387043229e+01\n  291    0 1.0000000000 -2.7107730494e+01 -2.7529553361e+01\n  292    0 1.0000000000 -2.7218173913e+01 -2.7650684581e+01\n  293    0 1.0000000000 -2.7308875864e+01 -2.7750165357e+01\n  294    0 1.0000000000 -2.7379633499e+01 -2.7827772318e+01\n  295    0 1.0000000000 -2.7430288332e+01 -2.7883330978e+01\n  296    0 1.0000000000 -2.7460726775e+01 -2.7916716303e+01\n  297    0 1.0000000000 -2.7470880521e+01 -2.7927853108e+01\n