SINGLE-ORBITAL NN+NNN EFFECTIVE MODEL FIT

m=5
eon=0.0
t0=1.0
l_decay=1.0
dl=0.1
pairing=./m=5/pairing.txt
microscopic_orbitals=52

E_eff(k) = eps0 + 2*t1[cos(k.u1)+cos(k.u2)] + 4*t2*cos(k.u1)*cos(k.u2)

eps0     = -2.21010271748773e+01
t1       = -2.31879345937670e+00
t2       = -3.53025346172270e-01

RMSE=1.11782798250106e+00
MAE=9.47242076199899e-01
max_abs_error=2.31644166590671e+00
optimizer_success=True
optimizer_message=Linear least-squares solution
minimum_tracking_continuity=1.0000000000
mean_tracking_continuity=1.0000000000

# k_index idx continuity target fit\n    0    0 1.0000000000 -3.1797192420e+01 -3.2788302397e+01\n    1    0 1.0000000000 -3.1795317263e+01 -3.2785256635e+01\n    2    0 1.0000000000 -3.1789692699e+01 -3.2776122417e+01\n    3    0 1.0000000000 -3.1780321455e+01 -3.2760908940e+01\n    4    0 1.0000000000 -3.1767208069e+01 -3.2739631522e+01\n    5    0 1.0000000000 -3.1750358891e+01 -3.2712311589e+01\n    6    0 1.0000000000 -3.1729782074e+01 -3.2678976648e+01\n    7    0 1.0000000000 -3.1705487568e+01 -3.2639660266e+01\n    8    0 1.0000000000 -3.1677487110e+01 -3.2594402031e+01\n    9    0 1.0000000000 -3.1645794214e+01 -3.2543247513e+01\n   10    0 1.0000000000 -3.1610424159e+01 -3.2486248222e+01\n   11    0 1.0000000000 -3.1571393971e+01 -3.2423461550e+01\n   12    0 1.0000000000 -3.1528722416e+01 -3.2354950719e+01\n   13    0 1.0000000000 -3.1482429972e+01 -3.2280784713e+01\n   14    0 1.0000000000 -3.1432538819e+01 -3.2201038211e+01\n   15    0 1.0000000000 -3.1379072815e+01 -3.2115791511e+01\n   16    0 1.0000000000 -3.1322057473e+01 -3.2025130449e+01\n   17    0 1.0000000000 -3.1261519943e+01 -3.1929146313e+01\n   18    0 1.0000000000 -3.1197488980e+01 -3.1827935751e+01\n   19    0 1.0000000000 -3.1129994925e+01 -3.1721600674e+01\n   20    0 1.0000000000 -3.1059069673e+01 -3.1610248152e+01\n   21    0 1.0000000000 -3.0984746645e+01 -3.1493990307e+01\n   22    0 1.0000000000 -3.0907060761e+01 -3.1372944201e+01\n   23    0 1.0000000000 -3.0826048405e+01 -3.1247231718e+01\n   24    0 1.0000000000 -3.0741747392e+01 -3.1116979439e+01\n   25    0 1.0000000000 -3.0654196940e+01 -3.0982318517e+01\n   26    0 1.0000000000 -3.0563437627e+01 -3.0843384545e+01\n   27    0 1.0000000000 -3.0469511363e+01 -3.0700317416e+01\n   28    0 1.0000000000 -3.0372461345e+01 -3.0553261188e+01\n   29    0 1.0000000000 -3.0272332026e+01 -3.0402363934e+01\n   30    0 1.0000000000 -3.0169169073e+01 -3.0247777595e+01\n   31    0 1.0000000000 -3.0063019327e+01 -3.0089657825e+01\n   32    0 1.0000000000 -2.9953930760e+01 -2.9928163838e+01\n   33    0 1.0000000000 -2.9841952440e+01 -2.9763458245e+01\n   34    0 1.0000000000 -2.9727134482e+01 -2.9595706891e+01\n   35    0 1.0000000000 -2.9609528007e+01 -2.9425078686e+01\n   36    0 1.0000000000 -2.9489185101e+01 -2.9251745439e+01\n   37    0 1.0000000000 -2.9366158766e+01 -2.9075881682e+01\n   38    0 1.0000000000 -2.9240502880e+01 -2.8897664494e+01\n   39    0 1.0000000000 -2.9112272149e+01 -2.8717273326e+01\n   40    0 1.0000000000 -2.8981522061e+01 -2.8534889815e+01\n   41    0 1.0000000000 -2.8848308842e+01 -2.8350697607e+01\n   42    0 1.0000000000 -2.8712689405e+01 -2.8164882168e+01\n   43    0 1.0000000000 -2.8574721310e+01 -2.7977630598e+01\n   44    0 1.0000000000 -2.8434462713e+01 -2.7789131443e+01\n   45    0 1.0000000000 -2.8291972319e+01 -2.7599574506e+01\n   46    0 1.0000000000 -2.8147309335e+01 -2.7409150655e+01\n   47    0 1.0000000000 -2.8000533425e+01 -2.7218051631e+01\n   48    0 1.0000000000 -2.7851704660e+01 -2.7026469853e+01\n   49    0 1.0000000000 -2.7700883472e+01 -2.6834598229e+01\n   50    0 1.0000000000 -2.7548130610e+01 -2.6642629958e+01\n   51    0 1.0000000000 -2.7393507087e+01 -2.6450758334e+01\n   52    0 1.0000000000 -2.7237074140e+01 -2.6259176557e+01\n   53    0 1.0000000000 -2.7078893179e+01 -2.6068077532e+01\n   54    0 1.0000000000 -2.6919025746e+01 -2.5877653681e+01\n   55    0 1.0000000000 -2.6757533463e+01 -2.5688096744e+01\n   56    0 1.0000000000 -2.6594477994e+01 -2.5499597589e+01\n   57    0 1.0000000000 -2.6429920996e+01 -2.5312346019e+01\n   58    0 1.0000000000 -2.6263924079e+01 -2.5126530580e+01\n   59    0 1.0000000000 -2.6096548756e+01 -2.4942338372e+01\n   60    0 1.0000000000 -2.5927856409e+01 -2.4759954862e+01\n   61    0 1.0000000000 -2.5757908241e+01 -2.4579563693e+01\n   62    0 1.0000000000 -2.5586765239e+01 -2.4401346506e+01\n   63    0 1.0000000000 -2.5414488128e+01 -2.4225482748e+01\n   64    0 1.0000000000 -2.5241137339e+01 -2.4052149501e+01\n   65    0 1.0000000000 -2.5066772965e+01 -2.3881521297e+01\n   66    0 1.0000000000 -2.4891454727e+01 -2.3713769942e+01\n   67    0 1.0000000000 -2.4715241934e+01 -2.3549064349e+01\n   68    0 1.0000000000 -2.4538193450e+01 -2.3387570362e+01\n   69    0 1.0000000000 -2.4360367663e+01 -2.3229450592e+01\n   70    0 1.0000000000 -2.4181822444e+01 -2.3074864253e+01\n   71    0 1.0000000000 -2.4002615122e+01 -2.2923966999e+01\n   72    0 1.0000000000 -2.3822802452e+01 -2.2776910771e+01\n   73    0 1.0000000000 -2.3642440587e+01 -2.2633843643e+01\n   74    0 1.0000000000 -2.3461585048e+01 -2.2494909670e+01\n   75    0 1.0000000000 -2.3280290705e+01 -2.2360248749e+01\n   76    0 1.0000000000 -2.3098611745e+01 -2.2229996469e+01\n   77    0 1.0000000000 -2.2916601663e+01 -2.2104283986e+01\n   78    0 1.0000000000 -2.2734313233e+01 -2.1983237880e+01\n   79    0 1.0000000000 -2.2551798503e+01 -2.1866980036e+01\n   80    0 1.0000000000 -2.2369108779e+01 -2.1755627513e+01\n   81    0 1.0000000000 -2.2186294628e+01 -2.1649292436e+01\n   82    0 1.0000000000 -2.2003405871e+01 -2.1548081874e+01\n   83    0 1.0000000000 -2.1820491609e+01 -2.1452097738e+01\n   84    0 1.0000000000 -2.1637600240e+01 -2.1361436676e+01\n   85    0 1.0000000000 -2.1454779517e+01 -2.1276189976e+01\n   86    0 1.0000000000 -2.1272076623e+01 -2.1196443474e+01\n   87    0 1.0000000000 -2.1089538303e+01 -2.1122277468e+01\n   88    0 1.0000000000 -2.0907211072e+01 -2.1053766637e+01\n   89    0 1.0000000000 -2.0725141563e+01 -2.0990979965e+01\n   90    0 1.0000000000 -2.0543377107e+01 -2.0933980674e+01\n   91    0 1.0000000000 -2.0361966763e+01 -2.0882826156e+01\n   92    0 1.0000000000 -2.0180963229e+01 -2.0837567921e+01\n   93    0 1.0000000000 -2.0000426679e+01 -2.0798251539e+01\n   94    0 1.0000000000 -1.9820433170e+01 -2.0764916598e+01\n   95    0 1.0000000000 -1.9641095565e+01 -2.0737596665e+01\n   96    0 1.0000000000 -1.9462625721e+01 -2.0716319247e+01\n   97    0 1.0000000000 -1.9285578241e+01 -2.0701105770e+01\n   98    0 1.0000000000 -1.9112446524e+01 -2.0691971552e+01\n   99    0 1.0000000000 -1.8985705955e+01 -2.0688925790e+01\n  100    0 1.0000000000 -1.8984818914e+01 -2.0687301895e+01\n  101    0 1.0000000000 -1.8982177848e+01 -2.0682431844e+01\n  102    0 1.0000000000 -1.8977783774e+01 -2.0674320542e+01\n  103    0 1.0000000000 -1.8971638386e+01 -2.0662976155e+01\n  104    0 1.0000000000 -1.8963744054e+01 -2.0648410107e+01\n  105    0 1.0000000000 -1.8954103821e+01 -2.0630637065e+01\n  106    0 1.0000000000 -1.8942721403e+01 -2.0609674923e+01\n  107    0 1.0000000000 -1.8929601184e+01 -2.0585544790e+01\n  108    0 1.0000000000 -1.8914748213e+01 -2.0558270963e+01\n  109    0 1.0000000000 -1.8898168200e+01 -2.0527880903e+01\n  110    0 1.0000000000 -1.8879867514e+01 -2.0494405211e+01\n  111    0 1.0000000000 -1.8859853175e+01 -2.0457877594e+01\n  112    0 1.0000000000 -1.8838132847e+01 -2.0418334833e+01\n  113    0 1.0000000000 -1.8814714837e+01 -2.0375816744e+01\n  114    0 1.0000000000 -1.8789608087e+01 -2.0330366138e+01\n  115    0 1.0000000000 -1.8762822163e+01 -2.0282028781e+01\n  116    0 1.0000000000 -1.8734367253e+01 -2.0230853344e+01\n  117    0 1.0000000000 -1.8704254157e+01 -2.0176891357e+01\n  118    0 1.0000000000 -1.8672494277e+01 -2.0120197154e+01\n  119    0 1.0000000000 -1.8639099612e+01 -2.0060827823e+01\n  120    0 1.0000000000 -1.8604082744e+01 -1.9998843142e+01\n  121    0 1.0000000000 -1.8567456833e+01 -1.9934305526e+01\n  122    0 1.0000000000 -1.8529235604e+01 -1.9867279958e+01\n  123    0 1.0000000000 -1.8489433339e+01 -1.9797833927e+01\n  124    0 1.0000000000 -1.8448064863e+01 -1.9726037359e+01\n  125    0 1.0000000000 -1.8405145535e+01 -1.9651962548e+01\n  126    0 1.0000000000 -1.8360691237e+01 -1.9575684080e+01\n  127    0 1.0000000000 -1.8314718360e+01 -1.9497278762e+01\n  128    0 1.0000000000 -1.8267243793e+01 -1.9416825541e+01\n  129    0 1.0000000000 -1.8218284911e+01 -1.9334405427e+01\n  130    0 1.0000000000 -1.8167859559e+01 -1.9250101409e+01\n  131    0 1.0000000000 -1.8115986046e+01 -1.9163998375e+01\n  132    0 1.0000000000 -1.8062683121e+01 -1.9076183023e+01\n  133    0 1.0000000000 -1.8007969970e+01 -1.8986743776e+01\n  134    0 1.0000000000 -1.7951866193e+01 -1.8895770691e+01\n  135    0 1.0000000000 -1.7894391798e+01 -1.8803355371e+01\n  136    0 1.0000000000 -1.7835567178e+01 -1.8709590870e+01\n  137    0 1.0000000000 -1.7775413104e+01 -1.8614571601e+01\n  138    0 1.0000000000 -1.7713950707e+01 -1.8518393240e+01\n  139    0 1.0000000000 -1.7651201461e+01 -1.8421152632e+01\n  140    0 1.0000000000 -1.7587187172e+01 -1.8322947687e+01\n  141    0 1.0000000000 -1.7521929959e+01 -1.8223877292e+01\n  142    0 1.0000000000 -1.7455452241e+01 -1.8124041201e+01\n  143    0 1.0000000000 -1.7387776721e+01 -1.8023539941e+01\n  144    0 1.0000000000 -1.7318926371e+01 -1.7922474708e+01\n  145    0 1.0000000000 -1.7248924413e+01 -1.7820947267e+01\n  146    0 1.0000000000 -1.7177794308e+01 -1.7719059846e+01\n  147    0 1.0000000000 -1.7105559738e+01 -1.7616915037e+01\n  148    0 1.0000000000 -1.7032244590e+01 -1.7514615693e+01\n  149    0 1.0000000000 -1.6957872940e+01 -1.7412264819e+01\n  150    0 1.0000000000 -1.6882469038e+01 -1.7309965475e+01\n  151    0 1.0000000000 -1.6806057294e+01 -1.7207820667e+01\n  152    0 1.0000000000 -1.6728662258e+01 -1.7105933246e+01\n  153    0 1.0000000000 -1.6650308608e+01 -1.7004405804e+01\n  154    0 1.0000000000 -1.6571021134e+01 -1.6903340571e+01\n  155    0 1.0000000000 -1.6490824720e+01 -1.6802839311e+01\n  156    0 1.0000000000 -1.6409744333e+01 -1.6703003220e+01\n  157    0 1.0000000000 -1.6327805004e+01 -1.6603932825e+01\n  158    0 1.0000000000 -1.6245031814e+01 -1.6505727881e+01\n  159    0 1.0000000000 -1.6161449880e+01 -1.6408487272e+01\n  160    0 1.0000000000 -1.6077084342e+01 -1.6312308911e+01\n  161    0 1.0000000000 -1.5991960342e+01 -1.6217289642e+01\n  162    0 1.0000000000 -1.5906103017e+01 -1.6123525141e+01\n  163    0 1.0000000000 -1.5819537482e+01 -1.6031109821e+01\n  164    0 1.0000000000 -1.5732288815e+01 -1.5940136736e+01\n  165    0 1.0000000000 -1.5644382045e+01 -1.5850697489e+01\n  166    0 1.0000000000 -1.5555842140e+01 -1.5762882137e+01\n  167    0 1.0000000000 -1.5466693990e+01 -1.5676779103e+01\n  168    0 1.0000000000 -1.5376962399e+01 -1.5592475085e+01\n  169    0 1.0000000000 -1.5286672072e+01 -1.5510054971e+01\n  170    0 1.0000000000 -1.5195847599e+01 -1.5429601750e+01\n  171    0 1.0000000000 -1.5104513450e+01 -1.5351196432e+01\n  172    0 1.0000000000 -1.5012693962e+01 -1.5274917964e+01\n  173    0 1.0000000000 -1.4920413325e+01 -1.5200843153e+01\n  174    0 1.0000000000 -1.4827695580e+01 -1.5129046586e+01\n  175    0 1.0000000000 -1.4734564606e+01 -1.5059600555e+01\n  176    0 1.0000000000 -1.4641044114e+01 -1.4992574986e+01\n  177    0 1.0000000000 -1.4547157640e+01 -1.4928037370e+01\n  178    0 1.0000000000 -1.4452928543e+01 -1.4866052689e+01\n  179    0 1.0000000000 -1.4358380002e+01 -1.4806683358e+01\n  180    0 1.0000000000 -1.4263535017e+01 -1.4749989155e+01\n  181    0 1.0000000000 -1.4168416415e+01 -1.4696027168e+01\n  182    0 1.0000000000 -1.4073046858e+01 -1.4644851731e+01\n  183    0 1.0000000000 -1.3977448867e+01 -1.4596514374e+01\n  184    0 1.0000000000 -1.3881644850e+01 -1.4551063769e+01\n  185    0 1.0000000000 -1.3785657152e+01 -1.4508545679e+01\n  186    0 1.0000000000 -1.3689508135e+01 -1.4469002918e+01\n  187    0 1.0000000000 -1.3593220305e+01 -1.4432475301e+01\n  188    0 1.0000000000 -1.3496816516e+01 -1.4398999610e+01\n  189    0 1.0000000000 -1.3400320325e+01 -1.4368609550e+01\n  190    0 1.0000000000 -1.3303756602e+01 -1.4341335722e+01\n  191    0 1.0000000000 -1.3207152679e+01 -1.4317205589e+01\n  192    0 1.0000000000 -1.3110540653e+01 -1.4296243448e+01\n  193    0 1.0000000000 -1.3013962426e+01 -1.4278470405e+01\n  194    0 1.0000000000 -1.2917482278e+01 -1.4263904357e+01\n  195    0 1.0000000000 -1.2821224255e+01 -1.4252559970e+01\n  196    0 1.0000000000 -1.2725518910e+01 -1.4244448668e+01\n  197    0 1.0000000000 -1.2631864434e+01 -1.4239578617e+01\n  198    0 1.0000000000 -1.2564736829e+01 -1.4237954722e+01\n  199    0 1.0000000000 -1.2711392952e+01 -1.4241202871e+01\n  200    0 1.0000000000 -1.2904850813e+01 -1.4250948338e+01\n  201    0 1.0000000000 -1.3102207114e+01 -1.4267194172e+01\n  202    0 1.0000000000 -1.3302221716e+01 -1.4289945390e+01\n  203    0 1.0000000000 -1.3504660639e+01 -1.4319208891e+01\n  204    0 1.0000000000 -1.3709442353e+01 -1.4354993326e+01\n  205    0 1.0000000000 -1.3916525537e+01 -1.4397308935e+01\n  206    0 1.0000000000 -1.4125882122e+01 -1.4446167354e+01\n  207    0 1.0000000000 -1.4337488485e+01 -1.4501581380e+01\n  208    0 1.0000000000 -1.4551321936e+01 -1.4563564715e+01\n  209    0 1.0000000000 -1.4767359098e+01 -1.4632131665e+01\n  210    0 1.0000000000 -1.4985575052e+01 -1.4707296822e+01\n  211    0 1.0000000000 -1.5205942850e+01 -1.4789074710e+01\n  212    0 1.0000000000 -1.5428433191e+01 -1.4877479409e+01\n  213    0 1.0000000000 -1.5653014198e+01 -1.4972524151e+01\n  214    0 1.0000000000 -1.5879651246e+01 -1.5074220894e+01\n  215    0 1.0000000000 -1.6108306824e+01 -1.5182579879e+01\n  216    0 1.0000000000 -1.6338940412e+01 -1.5297609166e+01\n  217    0 1.0000000000 -1.6571508379e+01 -1.5419314152e+01\n  218    0 1.0000000000 -1.6805963885e+01 -1.5547697079e+01\n  219    0 1.0000000000 -1.7042256792e+01 -1.5682756528e+01\n  220    0 1.0000000000 -1.7280333586e+01 -1.5824486906e+01\n  221    0 1.0000000000 -1.7520137298e+01 -1.5972877929e+01\n  222    0 1.0000000000 -1.7761607437e+01 -1.6127914096e+01\n  223    0 1.0000000000 -1.8004679923e+01 -1.6289574166e+01\n  224    0 1.0000000000 -1.8249287030e+01 -1.6457830638e+01\n  225    0 1.0000000000 -1.8495357330e+01 -1.6632649230e+01\n  226    0 1.0000000000 -1.8742815650e+01 -1.6813988377e+01\n  227    0 1.0000000000 -1.8991583024e+01 -1.7001798721e+01\n  228    0 1.0000000000 -1.9241576663e+01 -1.7196022633e+01\n  229    0 1.0000000000 -1.9492709925e+01 -1.7396593739e+01\n  230    0 1.0000000000 -1.9744892293e+01 -1.7603436464e+01\n  231    0 1.0000000000 -1.9998029359e+01 -1.7816465602e+01\n  232    0 1.0000000000 -2.0252022821e+01 -1.8035585906e+01\n  233    0 1.0000000000 -2.0506770481e+01 -1.8260691701e+01\n  234    0 1.0000000000 -2.0762166254e+01 -1.8491666532e+01\n  235    0 1.0000000000 -2.1018100188e+01 -1.8728382835e+01\n  236    0 1.0000000000 -2.1274458488e+01 -1.8970701641e+01\n  237    0 1.0000000000 -2.1531123552e+01 -1.9218472319e+01\n  238    0 1.0000000000 -2.1787974015e+01 -1.9471532350e+01\n  239    0 1.0000000000 -2.2044884804e+01 -1.9729707139e+01\n  240    0 1.0000000000 -2.2301727199e+01 -1.9992809873e+01\n  241    0 1.0000000000 -2.2558368907e+01 -2.0260641407e+01\n  242    0 1.0000000000 -2.2814674147e+01 -2.0532990207e+01\n  243    0 1.0000000000 -2.3070503738e+01 -2.0809632324e+01\n  244    0 1.0000000000 -2.3325715207e+01 -2.1090331419e+01\n  245    0 1.0000000000 -2.3580162897e+01 -2.1374838830e+01\n  246    0 1.0000000000 -2.3833698096e+01 -2.1662893686e+01\n  247    0 1.0000000000 -2.4086169162e+01 -2.1954223069e+01\n  248    0 1.0000000000 -2.4337421674e+01 -2.2248542214e+01\n  249    0 1.0000000000 -2.4587298581e+01 -2.2545554768e+01\n  250    0 1.0000000000 -2.4835640364e+01 -2.2844953083e+01\n  251    0 1.0000000000 -2.5082285212e+01 -2.3146418563e+01\n  252    0 1.0000000000 -2.5327069199e+01 -2.3449622054e+01\n  253    0 1.0000000000 -2.5569826481e+01 -2.3754224276e+01\n  254    0 1.0000000000 -2.5810389492e+01 -2.4059876306e+01\n  255    0 1.0000000000 -2.6048589152e+01 -2.4366220094e+01\n  256    0 1.0000000000 -2.6284255090e+01 -2.4672889029e+01\n  257    0 1.0000000000 -2.6517215861e+01 -2.4979508544e+01\n  258    0 1.0000000000 -2.6747299186e+01 -2.5285696752e+01\n  259    0 1.0000000000 -2.6974332186e+01 -2.5591065132e+01\n  260    0 1.0000000000 -2.7198141631e+01 -2.5895219239e+01\n  261    0 1.0000000000 -2.7418554192e+01 -2.6197759453e+01\n  262    0 1.0000000000 -2.7635396700e+01 -2.6498281756e+01\n  263    0 1.0000000000 -2.7848496406e+01 -2.6796378540e+01\n  264    0 1.0000000000 -2.8057681251e+01 -2.7091639440e+01\n  265    0 1.0000000000 -2.8262780137e+01 -2.7383652192e+01\n  266    0 1.0000000000 -2.8463623198e+01 -2.7672003508e+01\n  267    0 1.0000000000 -2.8660042082e+01 -2.7956279977e+01\n  268    0 1.0000000000 -2.8851870224e+01 -2.8236068972e+01\n  269    0 1.0000000000 -2.9038943131e+01 -2.8510959578e+01\n  270    0 1.0000000000 -2.9221098656e+01 -2.8780543524e+01\n  271    0 1.0000000000 -2.9398177284e+01 -2.9044416123e+01\n  272    0 1.0000000000 -2.9570022404e+01 -2.9302177219e+01\n  273    0 1.0000000000 -2.9736480593e+01 -2.9553432127e+01\n  274    0 1.0000000000 -2.9897401881e+01 -2.9797792581e+01\n  275    0 1.0000000000 -3.0052640031e+01 -3.0034877660e+01\n  276    0 1.0000000000 -3.0202052800e+01 -3.0264314726e+01\n  277    0 1.0000000000 -3.0345502202e+01 -3.0485740329e+01\n  278    0 1.0000000000 -3.0482854763e+01 -3.0698801110e+01\n  279    0 1.0000000000 -3.0613981776e+01 -3.0903154683e+01\n  280    0 1.0000000000 -3.0738759537e+01 -3.1098470494e+01\n  281    0 1.0000000000 -3.0857069585e+01 -3.1284430654e+01\n  282    0 1.0000000000 -3.0968798928e+01 -3.1460730749e+01\n  283    0 1.0000000000 -3.1073840258e+01 -3.1627080619e+01\n  284    0 1.0000000000 -3.1172092164e+01 -3.1783205104e+01\n  285    0 1.0000000000 -3.1263459325e+01 -3.1928844750e+01\n  286    0 1.0000000000 -3.1347852699e+01 -3.2063756488e+01\n  287    0 1.0000000000 -3.1425189697e+01 -3.2187714265e+01\n  288    0 1.0000000000 -3.1495394350e+01 -3.2300509633e+01\n  289    0 1.0000000000 -3.1558397456e+01 -3.2401952296e+01\n  290    0 1.0000000000 -3.1614136717e+01 -3.2491870614e+01\n  291    0 1.0000000000 -3.1662556870e+01 -3.2570112052e+01\n  292    0 1.0000000000 -3.1703609789e+01 -3.2636543584e+01\n  293    0 1.0000000000 -3.1737254588e+01 -3.2691052046e+01\n  294    0 1.0000000000 -3.1763457704e+01 -3.2733544436e+01\n  295    0 1.0000000000 -3.1782192958e+01 -3.2763948161e+01\n  296    0 1.0000000000 -3.1793441616e+01 -3.2782211232e+01\n  297    0 1.0000000000 -3.1797192420e+01 -3.2788302397e+01\n