SINGLE-ORBITAL NN+NNN EFFECTIVE MODEL FIT

m=6
eon=0.0
t0=1.0
l_decay=1.0
dl=0.1
pairing=./m=6/pairing.txt
microscopic_orbitals=74

E_eff(k) = eps0 + 2*t1[cos(k.u1)+cos(k.u2)] + 4*t2*cos(k.u1)*cos(k.u2)

eps0     = -2.42443687582251e+01
t1       = -1.90723914301805e+00
t2       = -2.25985759241931e-01

RMSE=1.00976740251067e+00
MAE=8.47699625636400e-01
max_abs_error=2.12337169091940e+00
optimizer_success=True
optimizer_message=Linear least-squares solution
minimum_tracking_continuity=1.0000000000
mean_tracking_continuity=1.0000000000

# k_index idx continuity target fit\n    0    0 1.0000000000 -3.1911123528e+01 -3.2777268367e+01\n    1    0 1.0000000000 -3.1909762675e+01 -3.2774892842e+01\n    2    0 1.0000000000 -3.1905680621e+01 -3.2767768659e+01\n    3    0 1.0000000000 -3.1898878882e+01 -3.2755902990e+01\n    4    0 1.0000000000 -3.1889359983e+01 -3.2739307785e+01\n    5    0 1.0000000000 -3.1877127454e+01 -3.2717999752e+01\n    6    0 1.0000000000 -3.1862185832e+01 -3.2692000347e+01\n    7    0 1.0000000000 -3.1844540654e+01 -3.2661335750e+01\n    8    0 1.0000000000 -3.1824198454e+01 -3.2626036837e+01\n    9    0 1.0000000000 -3.1801166757e+01 -3.2586139150e+01\n   10    0 1.0000000000 -3.1775454075e+01 -3.2541682865e+01\n   11    0 1.0000000000 -3.1747069901e+01 -3.2492712743e+01\n   12    0 1.0000000000 -3.1716024699e+01 -3.2439278095e+01\n   13    0 1.0000000000 -3.1682329898e+01 -3.2381432724e+01\n   14    0 1.0000000000 -3.1645997884e+01 -3.2319234876e+01\n   15    0 1.0000000000 -3.1607041989e+01 -3.2252747178e+01\n   16    0 1.0000000000 -3.1565476485e+01 -3.2182036578e+01\n   17    0 1.0000000000 -3.1521316566e+01 -3.2107174276e+01\n   18    0 1.0000000000 -3.1474578344e+01 -3.2028235652e+01\n   19    0 1.0000000000 -3.1425278833e+01 -3.1945300189e+01\n   20    0 1.0000000000 -3.1373435939e+01 -3.1858451398e+01\n   21    0 1.0000000000 -3.1319068444e+01 -3.1767776728e+01\n   22    0 1.0000000000 -3.1262195994e+01 -3.1673367479e+01\n   23    0 1.0000000000 -3.1202839083e+01 -3.1575318715e+01\n   24    0 1.0000000000 -3.1141019040e+01 -3.1473729162e+01\n   25    0 1.0000000000 -3.1076758013e+01 -3.1368701112e+01\n   26    0 1.0000000000 -3.1010078950e+01 -3.1260340320e+01\n   27    0 1.0000000000 -3.0941005586e+01 -3.1148755895e+01\n   28    0 1.0000000000 -3.0869562426e+01 -3.1034060194e+01\n   29    0 1.0000000000 -3.0795774723e+01 -3.0916368705e+01\n   30    0 1.0000000000 -3.0719668463e+01 -3.0795799935e+01\n   31    0 1.0000000000 -3.0641270347e+01 -3.0672475285e+01\n   32    0 1.0000000000 -3.0560607770e+01 -3.0546518933e+01\n   33    0 1.0000000000 -3.0477708805e+01 -3.0418057706e+01\n   34    0 1.0000000000 -3.0392602176e+01 -3.0287220954e+01\n   35    0 1.0000000000 -3.0305317246e+01 -3.0154140418e+01\n   36    0 1.0000000000 -3.0215883992e+01 -3.0018950100e+01\n   37    0 1.0000000000 -3.0124332985e+01 -2.9881786123e+01\n   38    0 1.0000000000 -3.0030695368e+01 -2.9742786602e+01\n   39    0 1.0000000000 -2.9935002836e+01 -2.9602091496e+01\n   40    0 1.0000000000 -2.9837287614e+01 -2.9459842474e+01\n   41    0 1.0000000000 -2.9737582434e+01 -2.9316182769e+01\n   42    0 1.0000000000 -2.9635920513e+01 -2.9171257033e+01\n   43    0 1.0000000000 -2.9532335533e+01 -2.9025211194e+01\n   44    0 1.0000000000 -2.9426861613e+01 -2.8878192308e+01\n   45    0 1.0000000000 -2.9319533294e+01 -2.8730348412e+01\n   46    0 1.0000000000 -2.9210385510e+01 -2.8581828370e+01\n   47    0 1.0000000000 -2.9099453566e+01 -2.8432781731e+01\n   48    0 1.0000000000 -2.8986773119e+01 -2.8283358570e+01\n   49    0 1.0000000000 -2.8872380150e+01 -2.8133709346e+01\n   50    0 1.0000000000 -2.8756310944e+01 -2.7983984742e+01\n   51    0 1.0000000000 -2.8638602067e+01 -2.7834335518e+01\n   52    0 1.0000000000 -2.8519290339e+01 -2.7684912358e+01\n   53    0 1.0000000000 -2.8398412818e+01 -2.7535865718e+01\n   54    0 1.0000000000 -2.8276006770e+01 -2.7387345677e+01\n   55    0 1.0000000000 -2.8152109651e+01 -2.7239501780e+01\n   56    0 1.0000000000 -2.8026759083e+01 -2.7092482895e+01\n   57    0 1.0000000000 -2.7899992829e+01 -2.6946437056e+01\n   58    0 1.0000000000 -2.7771848774e+01 -2.6801511320e+01\n   59    0 1.0000000000 -2.7642364901e+01 -2.6657851614e+01\n   60    0 1.0000000000 -2.7511579268e+01 -2.6515602592e+01\n   61    0 1.0000000000 -2.7379529989e+01 -2.6374907486e+01\n   62    0 1.0000000000 -2.7246255210e+01 -2.6235907965e+01\n   63    0 1.0000000000 -2.7111793086e+01 -2.6098743989e+01\n   64    0 1.0000000000 -2.6976181767e+01 -2.5963553671e+01\n   65    0 1.0000000000 -2.6839459366e+01 -2.5830473135e+01\n   66    0 1.0000000000 -2.6701663950e+01 -2.5699636383e+01\n   67    0 1.0000000000 -2.6562833512e+01 -2.5571175156e+01\n   68    0 1.0000000000 -2.6423005953e+01 -2.5445218804e+01\n   69    0 1.0000000000 -2.6282219066e+01 -2.5321894154e+01\n   70    0 1.0000000000 -2.6140510512e+01 -2.5201325383e+01\n   71    0 1.0000000000 -2.5997917804e+01 -2.5083633895e+01\n   72    0 1.0000000000 -2.5854478288e+01 -2.4968938194e+01\n   73    0 1.0000000000 -2.5710229129e+01 -2.4857353769e+01\n   74    0 1.0000000000 -2.5565207285e+01 -2.4748992977e+01\n   75    0 1.0000000000 -2.5419449502e+01 -2.4643964927e+01\n   76    0 1.0000000000 -2.5272992288e+01 -2.4542375374e+01\n   77    0 1.0000000000 -2.5125871903e+01 -2.4444326609e+01\n   78    0 1.0000000000 -2.4978124345e+01 -2.4349917361e+01\n   79    0 1.0000000000 -2.4829785332e+01 -2.4259242690e+01\n   80    0 1.0000000000 -2.4680890296e+01 -2.4172393899e+01\n   81    0 1.0000000000 -2.4531474365e+01 -2.4089458437e+01\n   82    0 1.0000000000 -2.4381572359e+01 -2.4010519812e+01\n   83    0 1.0000000000 -2.4231218780e+01 -2.3935657510e+01\n   84    0 1.0000000000 -2.4080447810e+01 -2.3864946911e+01\n   85    0 1.0000000000 -2.3929293310e+01 -2.3798459213e+01\n   86    0 1.0000000000 -2.3777788826e+01 -2.3736261365e+01\n   87    0 1.0000000000 -2.3625967610e+01 -2.3678415994e+01\n   88    0 1.0000000000 -2.3473862647e+01 -2.3624981345e+01\n   89    0 1.0000000000 -2.3321506722e+01 -2.3576011224e+01\n   90    0 1.0000000000 -2.3168932521e+01 -2.3531554938e+01\n   91    0 1.0000000000 -2.3016172835e+01 -2.3491657252e+01\n   92    0 1.0000000000 -2.2863260928e+01 -2.3456358339e+01\n   93    0 1.0000000000 -2.2710231295e+01 -2.3425693741e+01\n   94    0 1.0000000000 -2.2557121340e+01 -2.3399694337e+01\n   95    0 1.0000000000 -2.2403975572e+01 -2.3378386304e+01\n   96    0 1.0000000000 -2.2250858179e+01 -2.3361791098e+01\n   97    0 1.0000000000 -2.2097903148e+01 -2.3349925430e+01\n   98    0 1.0000000000 -2.1945659790e+01 -2.3342801246e+01\n   99    0 1.0000000000 -2.1815837067e+01 -2.3340425721e+01\n  100    0 1.0000000000 -2.1815055870e+01 -2.3338960390e+01\n  101    0 1.0000000000 -2.1812741931e+01 -2.3334565872e+01\n  102    0 1.0000000000 -2.1808895955e+01 -2.3327246592e+01\n  103    0 1.0000000000 -2.1803519117e+01 -2.3317009920e+01\n  104    0 1.0000000000 -2.1796613060e+01 -2.3303866164e+01\n  105    0 1.0000000000 -2.1788179896e+01 -2.3287828558e+01\n  106    0 1.0000000000 -2.1778222202e+01 -2.3268913250e+01\n  107    0 1.0000000000 -2.1766743021e+01 -2.3247139287e+01\n  108    0 1.0000000000 -2.1753745859e+01 -2.3222528593e+01\n  109    0 1.0000000000 -2.1739234680e+01 -2.3195105949e+01\n  110    0 1.0000000000 -2.1723213910e+01 -2.3164898968e+01\n  111    0 1.0000000000 -2.1705688428e+01 -2.3131938065e+01\n  112    0 1.0000000000 -2.1686663563e+01 -2.3096256430e+01\n  113    0 1.0000000000 -2.1666145097e+01 -2.3057889989e+01\n  114    0 1.0000000000 -2.1644139253e+01 -2.3016877376e+01\n  115    0 1.0000000000 -2.1620652697e+01 -2.2973259887e+01\n  116    0 1.0000000000 -2.1595692530e+01 -2.2927081440e+01\n  117    0 1.0000000000 -2.1569266287e+01 -2.2878388533e+01\n  118    0 1.0000000000 -2.1541381928e+01 -2.2827230196e+01\n  119    0 1.0000000000 -2.1512047836e+01 -2.2773657942e+01\n  120    0 1.0000000000 -2.1481272811e+01 -2.2717725712e+01\n  121    0 1.0000000000 -2.1449066065e+01 -2.2659489826e+01\n  122    0 1.0000000000 -2.1415437213e+01 -2.2599008923e+01\n  123    0 1.0000000000 -2.1380396272e+01 -2.2536343901e+01\n  124    0 1.0000000000 -2.1343953651e+01 -2.2471557859e+01\n  125    0 1.0000000000 -2.1306120144e+01 -2.2404716031e+01\n  126    0 1.0000000000 -2.1266906927e+01 -2.2335885722e+01\n  127    0 1.0000000000 -2.1226325547e+01 -2.2265136236e+01\n  128    0 1.0000000000 -2.1184387918e+01 -2.2192538814e+01\n  129    0 1.0000000000 -2.1141106310e+01 -2.2118166554e+01\n  130    0 1.0000000000 -2.1096493347e+01 -2.2042094343e+01\n  131    0 1.0000000000 -2.1050561994e+01 -2.1964398780e+01\n  132    0 1.0000000000 -2.1003325549e+01 -2.1885158097e+01\n  133    0 1.0000000000 -2.0954797641e+01 -2.1804452082e+01\n  134    0 1.0000000000 -2.0904992214e+01 -2.1722362001e+01\n  135    0 1.0000000000 -2.0853923523e+01 -2.1638970511e+01\n  136    0 1.0000000000 -2.0801606127e+01 -2.1554361579e+01\n  137    0 1.0000000000 -2.0748054875e+01 -2.1468620400e+01\n  138    0 1.0000000000 -2.0693284901e+01 -2.1381833308e+01\n  139    0 1.0000000000 -2.0637311613e+01 -2.1294087691e+01\n  140    0 1.0000000000 -2.0580150688e+01 -2.1205471900e+01\n  141    0 1.0000000000 -2.0521818057e+01 -2.1116075164e+01\n  142    0 1.0000000000 -2.0462329899e+01 -2.1025987499e+01\n  143    0 1.0000000000 -2.0401702633e+01 -2.0935299614e+01\n  144    0 1.0000000000 -2.0339952903e+01 -2.0844102825e+01\n  145    0 1.0000000000 -2.0277097577e+01 -2.0752488960e+01\n  146    0 1.0000000000 -2.0213153728e+01 -2.0660550265e+01\n  147    0 1.0000000000 -2.0148138633e+01 -2.0568379315e+01\n  148    0 1.0000000000 -2.0082069756e+01 -2.0476068919e+01\n  149    0 1.0000000000 -2.0014964744e+01 -2.0383712025e+01\n  150    0 1.0000000000 -1.9946841413e+01 -2.0291401629e+01\n  151    0 1.0000000000 -1.9877717742e+01 -2.0199230679e+01\n  152    0 1.0000000000 -1.9807611859e+01 -2.0107291984e+01\n  153    0 1.0000000000 -1.9736542036e+01 -2.0015678119e+01\n  154    0 1.0000000000 -1.9664526675e+01 -1.9924481330e+01\n  155    0 1.0000000000 -1.9591584301e+01 -1.9833793446e+01\n  156    0 1.0000000000 -1.9517733551e+01 -1.9743705780e+01\n  157    0 1.0000000000 -1.9442993165e+01 -1.9654309044e+01\n  158    0 1.0000000000 -1.9367381974e+01 -1.9565693254e+01\n  159    0 1.0000000000 -1.9290918895e+01 -1.9477947636e+01\n  160    0 1.0000000000 -1.9213622917e+01 -1.9391160544e+01\n  161    0 1.0000000000 -1.9135513094e+01 -1.9305419366e+01\n  162    0 1.0000000000 -1.9056608535e+01 -1.9220810434e+01\n  163    0 1.0000000000 -1.8976928394e+01 -1.9137418943e+01\n  164    0 1.0000000000 -1.8896491861e+01 -1.9055328862e+01\n  165    0 1.0000000000 -1.8815318155e+01 -1.8974622848e+01\n  166    0 1.0000000000 -1.8733426511e+01 -1.8895382165e+01\n  167    0 1.0000000000 -1.8650836175e+01 -1.8817686601e+01\n  168    0 1.0000000000 -1.8567566391e+01 -1.8741614390e+01\n  169    0 1.0000000000 -1.8483636398e+01 -1.8667242131e+01\n  170    0 1.0000000000 -1.8399065415e+01 -1.8594644708e+01\n  171    0 1.0000000000 -1.8313872639e+01 -1.8523895223e+01\n  172    0 1.0000000000 -1.8228077233e+01 -1.8455064913e+01\n  173    0 1.0000000000 -1.8141698318e+01 -1.8388223085e+01\n  174    0 1.0000000000 -1.8054754966e+01 -1.8323437043e+01\n  175    0 1.0000000000 -1.7967266195e+01 -1.8260772022e+01\n  176    0 1.0000000000 -1.7879250958e+01 -1.8200291118e+01\n  177    0 1.0000000000 -1.7790728139e+01 -1.8142055232e+01\n  178    0 1.0000000000 -1.7701716545e+01 -1.8086123003e+01\n  179    0 1.0000000000 -1.7612234902e+01 -1.8032550748e+01\n  180    0 1.0000000000 -1.7522301848e+01 -1.7981392411e+01\n  181    0 1.0000000000 -1.7431935931e+01 -1.7932699505e+01\n  182    0 1.0000000000 -1.7341155605e+01 -1.7886521058e+01\n  183    0 1.0000000000 -1.7249979229e+01 -1.7842903568e+01\n  184    0 1.0000000000 -1.7158425070e+01 -1.7801890955e+01\n  185    0 1.0000000000 -1.7066511307e+01 -1.7763524515e+01\n  186    0 1.0000000000 -1.6974256044e+01 -1.7727842879e+01\n  187    0 1.0000000000 -1.6881677332e+01 -1.7694881976e+01\n  188    0 1.0000000000 -1.6788793208e+01 -1.7664674995e+01\n  189    0 1.0000000000 -1.6695621766e+01 -1.7637252351e+01\n  190    0 1.0000000000 -1.6602181276e+01 -1.7612641657e+01\n  191    0 1.0000000000 -1.6508490433e+01 -1.7590867694e+01\n  192    0 1.0000000000 -1.6414568830e+01 -1.7571952387e+01\n  193    0 1.0000000000 -1.6320438031e+01 -1.7555914780e+01\n  194    0 1.0000000000 -1.6226124260e+01 -1.7542771024e+01\n  195    0 1.0000000000 -1.6131666480e+01 -1.7532534352e+01\n  196    0 1.0000000000 -1.6037148849e+01 -1.7525215072e+01\n  197    0 1.0000000000 -1.5942928155e+01 -1.7520820554e+01\n  198    0 1.0000000000 -1.5864463828e+01 -1.7519355223e+01\n  199    0 1.0000000000 -1.6028607934e+01 -1.7522286115e+01\n  200    0 1.0000000000 -1.6219889979e+01 -1.7531078585e+01\n  201    0 1.0000000000 -1.6413041675e+01 -1.7545732015e+01\n  202    0 1.0000000000 -1.6607675196e+01 -1.7566245333e+01\n  203    0 1.0000000000 -1.6803695020e+01 -1.7592616963e+01\n  204    0 1.0000000000 -1.7001051215e+01 -1.7624844753e+01\n  205    0 1.0000000000 -1.7199705465e+01 -1.7662925872e+01\n  206    0 1.0000000000 -1.7399622703e+01 -1.7706856700e+01\n  207    0 1.0000000000 -1.7600768325e+01 -1.7756632686e+01\n  208    0 1.0000000000 -1.7803107069e+01 -1.7812248200e+01\n  209    0 1.0000000000 -1.8006602491e+01 -1.7873696352e+01\n  210    0 1.0000000000 -1.8211216687e+01 -1.7940968805e+01\n  211    0 1.0000000000 -1.8416910133e+01 -1.8014055569e+01\n  212    0 1.0000000000 -1.8623641582e+01 -1.8092944775e+01\n  213    0 1.0000000000 -1.8831367994e+01 -1.8177622441e+01\n  214    0 1.0000000000 -1.9040044483e+01 -1.8268072224e+01\n  215    0 1.0000000000 -1.9249624276e+01 -1.8364275152e+01\n  216    0 1.0000000000 -1.9460058681e+01 -1.8466209363e+01\n  217    0 1.0000000000 -1.9671297063e+01 -1.8573849815e+01\n  218    0 1.0000000000 -1.9883286816e+01 -1.8687168006e+01\n  219    0 1.0000000000 -2.0095973353e+01 -1.8806131678e+01\n  220    0 1.0000000000 -2.0309300085e+01 -1.8930704518e+01\n  221    0 1.0000000000 -2.0523208416e+01 -1.9060845865e+01\n  222    0 1.0000000000 -2.0737637731e+01 -1.9196510401e+01\n  223    0 1.0000000000 -2.0952525396e+01 -1.9337647858e+01\n  224    0 1.0000000000 -2.1167806753e+01 -1.9484202719e+01\n  225    0 1.0000000000 -2.1383415126e+01 -1.9636113923e+01\n  226    0 1.0000000000 -2.1599281826e+01 -1.9793314582e+01\n  227    0 1.0000000000 -2.1815336159e+01 -1.9955731700e+01\n  228    0 1.0000000000 -2.2031505442e+01 -2.0123285900e+01\n  229    0 1.0000000000 -2.2247715015e+01 -2.0295891172e+01\n  230    0 1.0000000000 -2.2463888266e+01 -2.0473454619e+01\n  231    0 1.0000000000 -2.2679946652e+01 -2.0655876231e+01\n  232    0 1.0000000000 -2.2895809728e+01 -2.0843048665e+01\n  233    0 1.0000000000 -2.3111395179e+01 -2.1034857044e+01\n  234    0 1.0000000000 -2.3326618854e+01 -2.1231178783e+01\n  235    0 1.0000000000 -2.3541394809e+01 -2.1431883421e+01\n  236    0 1.0000000000 -2.3755635347e+01 -2.1636832486e+01\n  237    0 1.0000000000 -2.3969251069e+01 -2.1845879378e+01\n  238    0 1.0000000000 -2.4182150924e+01 -2.2058869273e+01\n  239    0 1.0000000000 -2.4394242268e+01 -2.2275639058e+01\n  240    0 1.0000000000 -2.4605430922e+01 -2.2496017289e+01\n  241    0 1.0000000000 -2.4815621235e+01 -2.2719824170e+01\n  242    0 1.0000000000 -2.5024716157e+01 -2.2946871570e+01\n  243    0 1.0000000000 -2.5232617308e+01 -2.3176963060e+01\n  244    0 1.0000000000 -2.5439225060e+01 -2.3409893981e+01\n  245    0 1.0000000000 -2.5644438610e+01 -2.3645451544e+01\n  246    0 1.0000000000 -2.5848156072e+01 -2.3883414951e+01\n  247    0 1.0000000000 -2.6050274564e+01 -2.4123555558e+01\n  248    0 1.0000000000 -2.6250690298e+01 -2.4365637056e+01\n  249    0 1.0000000000 -2.6449298679e+01 -2.4609415690e+01\n  250    0 1.0000000000 -2.6645994404e+01 -2.4854640502e+01\n  251    0 1.0000000000 -2.6840671569e+01 -2.5101053608e+01\n  252    0 1.0000000000 -2.7033223769e+01 -2.5348390501e+01\n  253    0 1.0000000000 -2.7223544215e+01 -2.5596380382e+01\n  254    0 1.0000000000 -2.7411525842e+01 -2.5844746522e+01\n  255    0 1.0000000000 -2.7597061429e+01 -2.6093206650e+01\n  256    0 1.0000000000 -2.7780043716e+01 -2.6341473363e+01\n  257    0 1.0000000000 -2.7960365526e+01 -2.6589254570e+01\n  258    0 1.0000000000 -2.8137919888e+01 -2.6836253954e+01\n  259    0 1.0000000000 -2.8312600164e+01 -2.7082171457e+01\n  260    0 1.0000000000 -2.8484300175e+01 -2.7326703792e+01\n  261    0 1.0000000000 -2.8652914334e+01 -2.7569544970e+01\n  262    0 1.0000000000 -2.8818337771e+01 -2.7810386849e+01\n  263    0 1.0000000000 -2.8980466471e+01 -2.8048919704e+01\n  264    0 1.0000000000 -2.9139197404e+01 -2.8284832804e+01\n  265    0 1.0000000000 -2.9294428658e+01 -2.8517815012e+01\n  266    0 1.0000000000 -2.9446059576e+01 -2.8747555395e+01\n  267    0 1.0000000000 -2.9593990886e+01 -2.8973743845e+01\n  268    0 1.0000000000 -2.9738124839e+01 -2.9196071705e+01\n  269    0 1.0000000000 -2.9878365340e+01 -2.9414232410e+01\n  270    0 1.0000000000 -3.0014618082e+01 -2.9627922123e+01\n  271    0 1.0000000000 -3.0146790676e+01 -2.9836840388e+01\n  272    0 1.0000000000 -3.0274792783e+01 -3.0040690768e+01\n  273    0 1.0000000000 -3.0398536245e+01 -3.0239181494e+01\n  274    0 1.0000000000 -3.0517935205e+01 -3.0432026108e+01\n  275    0 1.0000000000 -3.0632906239e+01 -3.0618944096e+01\n  276    0 1.0000000000 -3.0743368477e+01 -3.0799661524e+01\n  277    0 1.0000000000 -3.0849243716e+01 -3.0973911653e+01\n  278    0 1.0000000000 -3.0950456546e+01 -3.1141435553e+01\n  279    0 1.0000000000 -3.1046934455e+01 -3.1301982699e+01\n  280    0 1.0000000000 -3.1138607944e+01 -3.1455311551e+01\n  281    0 1.0000000000 -3.1225410631e+01 -3.1601190120e+01\n  282    0 1.0000000000 -3.1307279350e+01 -3.1739396516e+01\n  283    0 1.0000000000 -3.1384154251e+01 -3.1869719471e+01\n  284    0 1.0000000000 -3.1455978892e+01 -3.1991958843e+01\n  285    0 1.0000000000 -3.1522700328e+01 -3.2105926093e+01\n  286    0 1.0000000000 -3.1584269190e+01 -3.2211444742e+01\n  287    0 1.0000000000 -3.1640639765e+01 -3.2308350795e+01\n  288    0 1.0000000000 -3.1691770070e+01 -3.2396493140e+01\n  289    0 1.0000000000 -3.1737621912e+01 -3.2475733914e+01\n  290    0 1.0000000000 -3.1778160957e+01 -3.2545948839e+01\n  291    0 1.0000000000 -3.1813356777e+01 -3.2607027529e+01\n  292    0 1.0000000000 -3.1843182903e+01 -3.2658873762e+01\n  293    0 1.0000000000 -3.1867616866e+01 -3.2701405710e+01\n  294    0 1.0000000000 -3.1886640231e+01 -3.2734556147e+01\n  295    0 1.0000000000 -3.1900238632e+01 -3.2758272614e+01\n  296    0 1.0000000000 -3.1908401789e+01 -3.2772517546e+01\n  297    0 1.0000000000 -3.1911123528e+01 -3.2777268367e+01\n