SINGLE-ORBITAL NN+NNN EFFECTIVE MODEL FIT

m=7
eon=0.0
t0=1.0
l_decay=1.0
dl=0.1
pairing=./m=7/pairing.txt
microscopic_orbitals=100

E_eff(k) = eps0 + 2*t1[cos(k.u1)+cos(k.u2)] + 4*t2*cos(k.u1)*cos(k.u2)

eps0     = -2.58267100638340e+01
t1       = -1.56934012517327e+00
t2       = -1.47776248301189e-01

RMSE=8.84582045063068e-01
MAE=7.36449896785340e-01
max_abs_error=1.88043452138531e+00
optimizer_success=True
optimizer_message=Linear least-squares solution
minimum_tracking_continuity=1.0000000000
mean_tracking_continuity=1.0000000000

# k_index idx continuity target fit\n    0    0 1.0000000000 -3.1957884041e+01 -3.2695175558e+01\n    1    0 1.0000000000 -3.1956863193e+01 -3.2693297769e+01\n    2    0 1.0000000000 -3.1953800943e+01 -3.2687666293e+01\n    3    0 1.0000000000 -3.1948698172e+01 -3.2678286801e+01\n    4    0 1.0000000000 -3.1941556348e+01 -3.2665168737e+01\n    5    0 1.0000000000 -3.1932377526e+01 -3.2648325310e+01\n    6    0 1.0000000000 -3.1921164343e+01 -3.2627773479e+01\n    7    0 1.0000000000 -3.1907920021e+01 -3.2603533939e+01\n    8    0 1.0000000000 -3.1892648364e+01 -3.2575631097e+01\n    9    0 1.0000000000 -3.1875353752e+01 -3.2544093048e+01\n   10    0 1.0000000000 -3.1856041144e+01 -3.2508951549e+01\n   11    0 1.0000000000 -3.1834716070e+01 -3.2470241985e+01\n   12    0 1.0000000000 -3.1811384631e+01 -3.2428003331e+01\n   13    0 1.0000000000 -3.1786053492e+01 -3.2382278120e+01\n   14    0 1.0000000000 -3.1758729883e+01 -3.2333112393e+01\n   15    0 1.0000000000 -3.1729421588e+01 -3.2280555655e+01\n   16    0 1.0000000000 -3.1698136947e+01 -3.2224660826e+01\n   17    0 1.0000000000 -3.1664884844e+01 -3.2165484188e+01\n   18    0 1.0000000000 -3.1629674709e+01 -3.2103085327e+01\n   19    0 1.0000000000 -3.1592516507e+01 -3.2037527073e+01\n   20    0 1.0000000000 -3.1553420734e+01 -3.1968875438e+01\n   21    0 1.0000000000 -3.1512398408e+01 -3.1897199548e+01\n   22    0 1.0000000000 -3.1469461069e+01 -3.1822571574e+01\n   23    0 1.0000000000 -3.1424620764e+01 -3.1745066661e+01\n   24    0 1.0000000000 -3.1377890045e+01 -3.1664762850e+01\n   25    0 1.0000000000 -3.1329281961e+01 -3.1581740999e+01\n   26    0 1.0000000000 -3.1278810048e+01 -3.1496084705e+01\n   27    0 1.0000000000 -3.1226488322e+01 -3.1407880216e+01\n   28    0 1.0000000000 -3.1172331272e+01 -3.1317216347e+01\n   29    0 1.0000000000 -3.1116353852e+01 -3.1224184389e+01\n   30    0 1.0000000000 -3.1058571467e+01 -3.1128878016e+01\n   31    0 1.0000000000 -3.0998999971e+01 -3.1031393194e+01\n   32    0 1.0000000000 -3.0937655654e+01 -3.0931828083e+01\n   33    0 1.0000000000 -3.0874555231e+01 -3.0830282936e+01\n   34    0 1.0000000000 -3.0809715838e+01 -3.0726860000e+01\n   35    0 1.0000000000 -3.0743155015e+01 -3.0621663413e+01\n   36    0 1.0000000000 -3.0674890701e+01 -3.0514799100e+01\n   37    0 1.0000000000 -3.0604941224e+01 -3.0406374663e+01\n   38    0 1.0000000000 -3.0533325287e+01 -3.0296499277e+01\n   39    0 1.0000000000 -3.0460061959e+01 -3.0185283577e+01\n   40    0 1.0000000000 -3.0385170666e+01 -3.0072839549e+01\n   41    0 1.0000000000 -3.0308671178e+01 -2.9959280412e+01\n   42    0 1.0000000000 -3.0230583600e+01 -2.9844720513e+01\n   43    0 1.0000000000 -3.0150928358e+01 -2.9729275203e+01\n   44    0 1.0000000000 -3.0069726190e+01 -2.9613060725e+01\n   45    0 1.0000000000 -2.9986998134e+01 -2.9496194098e+01\n   46    0 1.0000000000 -2.9902765519e+01 -2.9378792997e+01\n   47    0 1.0000000000 -2.9817049947e+01 -2.9260975634e+01\n   48    0 1.0000000000 -2.9729873288e+01 -2.9142860642e+01\n   49    0 1.0000000000 -2.9641257667e+01 -2.9024566952e+01\n   50    0 1.0000000000 -2.9551225449e+01 -2.8906213676e+01\n   51    0 1.0000000000 -2.9459799230e+01 -2.8787919987e+01\n   52    0 1.0000000000 -2.9367001826e+01 -2.8669804995e+01\n   53    0 1.0000000000 -2.9272856258e+01 -2.8551987632e+01\n   54    0 1.0000000000 -2.9177385742e+01 -2.8434586530e+01\n   55    0 1.0000000000 -2.9080613679e+01 -2.8317719904e+01\n   56    0 1.0000000000 -2.8982563639e+01 -2.8201505426e+01\n   57    0 1.0000000000 -2.8883259353e+01 -2.8086060115e+01\n   58    0 1.0000000000 -2.8782724700e+01 -2.7971500216e+01\n   59    0 1.0000000000 -2.8680983693e+01 -2.7857941080e+01\n   60    0 1.0000000000 -2.8578060470e+01 -2.7745497051e+01\n   61    0 1.0000000000 -2.8473979282e+01 -2.7634281351e+01\n   62    0 1.0000000000 -2.8368764479e+01 -2.7524405965e+01\n   63    0 1.0000000000 -2.8262440503e+01 -2.7415981529e+01\n   64    0 1.0000000000 -2.8155031872e+01 -2.7309117215e+01\n   65    0 1.0000000000 -2.8046563169e+01 -2.7203920629e+01\n   66    0 1.0000000000 -2.7937059034e+01 -2.7100497692e+01\n   67    0 1.0000000000 -2.7826544151e+01 -2.6998952545e+01\n   68    0 1.0000000000 -2.7715043234e+01 -2.6899387434e+01\n   69    0 1.0000000000 -2.7602581022e+01 -2.6801902612e+01\n   70    0 1.0000000000 -2.7489182262e+01 -2.6706596240e+01\n   71    0 1.0000000000 -2.7374871703e+01 -2.6613564281e+01\n   72    0 1.0000000000 -2.7259674082e+01 -2.6522900412e+01\n   73    0 1.0000000000 -2.7143614116e+01 -2.6434695923e+01\n   74    0 1.0000000000 -2.7026716490e+01 -2.6349039629e+01\n   75    0 1.0000000000 -2.6909005849e+01 -2.6266017779e+01\n   76    0 1.0000000000 -2.6790506785e+01 -2.6185713967e+01\n   77    0 1.0000000000 -2.6671243830e+01 -2.6108209054e+01\n   78    0 1.0000000000 -2.6551241445e+01 -2.6033581081e+01\n   79    0 1.0000000000 -2.6430524012e+01 -2.5961905191e+01\n   80    0 1.0000000000 -2.6309115824e+01 -2.5893253555e+01\n   81    0 1.0000000000 -2.6187041076e+01 -2.5827695301e+01\n   82    0 1.0000000000 -2.6064323857e+01 -2.5765296440e+01\n   83    0 1.0000000000 -2.5940988143e+01 -2.5706119802e+01\n   84    0 1.0000000000 -2.5817057788e+01 -2.5650224974e+01\n   85    0 1.0000000000 -2.5692556518e+01 -2.5597668236e+01\n   86    0 1.0000000000 -2.5567507925e+01 -2.5548502508e+01\n   87    0 1.0000000000 -2.5441935462e+01 -2.5502777297e+01\n   88    0 1.0000000000 -2.5315862444e+01 -2.5460538644e+01\n   89    0 1.0000000000 -2.5189312041e+01 -2.5421829079e+01\n   90    0 1.0000000000 -2.5062307296e+01 -2.5386687580e+01\n   91    0 1.0000000000 -2.4934871132e+01 -2.5355149531e+01\n   92    0 1.0000000000 -2.4807026401e+01 -2.5327246689e+01\n   93    0 1.0000000000 -2.4678795961e+01 -2.5303007149e+01\n   94    0 1.0000000000 -2.4550202882e+01 -2.5282455318e+01\n   95    0 1.0000000000 -2.4421270944e+01 -2.5265611891e+01\n   96    0 1.0000000000 -2.4292026161e+01 -2.5252493827e+01\n   97    0 1.0000000000 -2.4162502883e+01 -2.5243114335e+01\n   98    0 1.0000000000 -2.4032786468e+01 -2.5237482859e+01\n   99    0 1.0000000000 -2.3910608691e+01 -2.5235605071e+01\n  100    0 1.0000000000 -2.3909953847e+01 -2.5234322474e+01\n  101    0 1.0000000000 -2.3907989477e+01 -2.5230475977e+01\n  102    0 1.0000000000 -2.3904716063e+01 -2.5224069453e+01\n  103    0 1.0000000000 -2.3900134409e+01 -2.5215109351e+01\n  104    0 1.0000000000 -2.3894245638e+01 -2.5203604694e+01\n  105    0 1.0000000000 -2.3887051197e+01 -2.5189567067e+01\n  106    0 1.0000000000 -2.3878552848e+01 -2.5173010604e+01\n  107    0 1.0000000000 -2.3868752675e+01 -2.5153951975e+01\n  108    0 1.0000000000 -2.3857653077e+01 -2.5132410372e+01\n  109    0 1.0000000000 -2.3845256772e+01 -2.5108407486e+01\n  110    0 1.0000000000 -2.3831566790e+01 -2.5081967484e+01\n  111    0 1.0000000000 -2.3816586474e+01 -2.5053116989e+01\n  112    0 1.0000000000 -2.3800319481e+01 -2.5021885052e+01\n  113    0 1.0000000000 -2.3782769774e+01 -2.4988303121e+01\n  114    0 1.0000000000 -2.3763941626e+01 -2.4952405010e+01\n  115    0 1.0000000000 -2.3743839613e+01 -2.4914226865e+01\n  116    0 1.0000000000 -2.3722468614e+01 -2.4873807128e+01\n  117    0 1.0000000000 -2.3699833809e+01 -2.4831186499e+01\n  118    0 1.0000000000 -2.3675940674e+01 -2.4786407892e+01\n  119    0 1.0000000000 -2.3650794979e+01 -2.4739516397e+01\n  120    0 1.0000000000 -2.3624402786e+01 -2.4690559228e+01\n  121    0 1.0000000000 -2.3596770445e+01 -2.4639585683e+01\n  122    0 1.0000000000 -2.3567904591e+01 -2.4586647086e+01\n  123    0 1.0000000000 -2.3537812139e+01 -2.4531796742e+01\n  124    0 1.0000000000 -2.3506500284e+01 -2.4475089881e+01\n  125    0 1.0000000000 -2.3473976493e+01 -2.4416583602e+01\n  126    0 1.0000000000 -2.3440248503e+01 -2.4356336816e+01\n  127    0 1.0000000000 -2.3405324318e+01 -2.4294410186e+01\n  128    0 1.0000000000 -2.3369212203e+01 -2.4230866068e+01\n  129    0 1.0000000000 -2.3331920682e+01 -2.4165768444e+01\n  130    0 1.0000000000 -2.3293458532e+01 -2.4099182863e+01\n  131    0 1.0000000000 -2.3253834776e+01 -2.4031176370e+01\n  132    0 1.0000000000 -2.3213058685e+01 -2.3961817442e+01\n  133    0 1.0000000000 -2.3171139768e+01 -2.3891175918e+01\n  134    0 1.0000000000 -2.3128087769e+01 -2.3819322928e+01\n  135    0 1.0000000000 -2.3083912661e+01 -2.3746330822e+01\n  136    0 1.0000000000 -2.3038624643e+01 -2.3672273096e+01\n  137    0 1.0000000000 -2.2992234132e+01 -2.3597224321e+01\n  138    0 1.0000000000 -2.2944751761e+01 -2.3521260064e+01\n  139    0 1.0000000000 -2.2896188373e+01 -2.3444456815e+01\n  140    0 1.0000000000 -2.2846555014e+01 -2.3366891908e+01\n  141    0 1.0000000000 -2.2795862927e+01 -2.3288643444e+01\n  142    0 1.0000000000 -2.2744123550e+01 -2.3209790214e+01\n  143    0 1.0000000000 -2.2691348510e+01 -2.3130411614e+01\n  144    0 1.0000000000 -2.2637549612e+01 -2.3050587574e+01\n  145    0 1.0000000000 -2.2582738840e+01 -2.2970398469e+01\n  146    0 1.0000000000 -2.2526928349e+01 -2.2889925043e+01\n  147    0 1.0000000000 -2.2470130456e+01 -2.2809248325e+01\n  148    0 1.0000000000 -2.2412357640e+01 -2.2728449550e+01\n  149    0 1.0000000000 -2.2353622532e+01 -2.2647610077e+01\n  150    0 1.0000000000 -2.2293937909e+01 -2.2566811302e+01\n  151    0 1.0000000000 -2.2233316692e+01 -2.2486134584e+01\n  152    0 1.0000000000 -2.2171771935e+01 -2.2405661158e+01\n  153    0 1.0000000000 -2.2109316823e+01 -2.2325472053e+01\n  154    0 1.0000000000 -2.2045964664e+01 -2.2245648013e+01\n  155    0 1.0000000000 -2.1981728883e+01 -2.2166269413e+01\n  156    0 1.0000000000 -2.1916623018e+01 -2.2087416183e+01\n  157    0 1.0000000000 -2.1850660711e+01 -2.2009167719e+01\n  158    0 1.0000000000 -2.1783855704e+01 -2.1931602812e+01\n  159    0 1.0000000000 -2.1716221832e+01 -2.1854799563e+01\n  160    0 1.0000000000 -2.1647773021e+01 -2.1778835306e+01\n  161    0 1.0000000000 -2.1578523273e+01 -2.1703786531e+01\n  162    0 1.0000000000 -2.1508486670e+01 -2.1629728805e+01\n  163    0 1.0000000000 -2.1437677362e+01 -2.1556736699e+01\n  164    0 1.0000000000 -2.1366109563e+01 -2.1484883709e+01\n  165    0 1.0000000000 -2.1293797546e+01 -2.1414242185e+01\n  166    0 1.0000000000 -2.1220755634e+01 -2.1344883257e+01\n  167    0 1.0000000000 -2.1146998199e+01 -2.1276876764e+01\n  168    0 1.0000000000 -2.1072539652e+01 -2.1210291183e+01\n  169    0 1.0000000000 -2.0997394440e+01 -2.1145193559e+01\n  170    0 1.0000000000 -2.0921577037e+01 -2.1081649440e+01\n  171    0 1.0000000000 -2.0845101943e+01 -2.1019722811e+01\n  172    0 1.0000000000 -2.0767983676e+01 -2.0959476025e+01\n  173    0 1.0000000000 -2.0690236766e+01 -2.0900969746e+01\n  174    0 1.0000000000 -2.0611875751e+01 -2.0844262885e+01\n  175    0 1.0000000000 -2.0532915172e+01 -2.0789412541e+01\n  176    0 1.0000000000 -2.0453369566e+01 -2.0736473944e+01\n  177    0 1.0000000000 -2.0373253461e+01 -2.0685500399e+01\n  178    0 1.0000000000 -2.0292581376e+01 -2.0636543230e+01\n  179    0 1.0000000000 -2.0211367809e+01 -2.0589651735e+01\n  180    0 1.0000000000 -2.0129627238e+01 -2.0544873128e+01\n  181    0 1.0000000000 -2.0047374115e+01 -2.0502252499e+01\n  182    0 1.0000000000 -1.9964622863e+01 -2.0461832762e+01\n  183    0 1.0000000000 -1.9881387871e+01 -2.0423654617e+01\n  184    0 1.0000000000 -1.9797683493e+01 -2.0387756506e+01\n  185    0 1.0000000000 -1.9713524050e+01 -2.0354174574e+01\n  186    0 1.0000000000 -1.9628923824e+01 -2.0322942638e+01\n  187    0 1.0000000000 -1.9543897067e+01 -2.0294092143e+01\n  188    0 1.0000000000 -1.9458458010e+01 -2.0267652141e+01\n  189    0 1.0000000000 -1.9372620875e+01 -2.0243649255e+01\n  190    0 1.0000000000 -1.9286399917e+01 -2.0222107652e+01\n  191    0 1.0000000000 -1.9199809484e+01 -2.0203049023e+01\n  192    0 1.0000000000 -1.9112864160e+01 -2.0186492560e+01\n  193    0 1.0000000000 -1.9025579073e+01 -2.0172454933e+01\n  194    0 1.0000000000 -1.8937970670e+01 -2.0160950276e+01\n  195    0 1.0000000000 -1.8850059062e+01 -2.0151990174e+01\n  196    0 1.0000000000 -1.8761877379e+01 -2.0145583650e+01\n  197    0 1.0000000000 -1.8673536984e+01 -2.0141737153e+01\n  198    0 1.0000000000 -1.8592707959e+01 -2.0140454556e+01\n  199    0 1.0000000000 -1.8759279676e+01 -2.0143019899e+01\n  200    0 1.0000000000 -1.8938041191e+01 -2.0150715139e+01\n  201    0 1.0000000000 -1.9117569335e+01 -2.0163537912e+01\n  202    0 1.0000000000 -1.9297780995e+01 -2.0181484255e+01\n  203    0 1.0000000000 -1.9478635374e+01 -2.0204548575e+01\n  204    0 1.0000000000 -1.9660097622e+01 -2.0232723602e+01\n  205    0 1.0000000000 -1.9842133789e+01 -2.0266000338e+01\n  206    0 1.0000000000 -2.0024709572e+01 -2.0304367981e+01\n  207    0 1.0000000000 -2.0207789893e+01 -2.0347813849e+01\n  208    0 1.0000000000 -2.0391338732e+01 -2.0396323288e+01\n  209    0 1.0000000000 -2.0575319046e+01 -2.0449879568e+01\n  210    0 1.0000000000 -2.0759692725e+01 -2.0508463769e+01\n  211    0 1.0000000000 -2.0944420573e+01 -2.0572054666e+01\n  212    0 1.0000000000 -2.1129462288e+01 -2.0640628589e+01\n  213    0 1.0000000000 -2.1314776461e+01 -2.0714159291e+01\n  214    0 1.0000000000 -2.1500320564e+01 -2.0792617800e+01\n  215    0 1.0000000000 -2.1686050957e+01 -2.0875972267e+01\n  216    0 1.0000000000 -2.1871922880e+01 -2.0964187807e+01\n  217    0 1.0000000000 -2.2057890462e+01 -2.1057226337e+01\n  218    0 1.0000000000 -2.2243906723e+01 -2.1155046412e+01\n  219    0 1.0000000000 -2.2429923581e+01 -2.1257603054e+01\n  220    0 1.0000000000 -2.2615891860e+01 -2.1364847584e+01\n  221    0 1.0000000000 -2.2801761297e+01 -2.1476727448e+01\n  222    0 1.0000000000 -2.2987480558e+01 -2.1593186051e+01\n  223    0 1.0000000000 -2.3172997248e+01 -2.1714162583e+01\n  224    0 1.0000000000 -2.3358257926e+01 -2.1839591858e+01\n  225    0 1.0000000000 -2.3543208119e+01 -2.1969404150e+01\n  226    0 1.0000000000 -2.3727792347e+01 -2.2103525032e+01\n  227    0 1.0000000000 -2.3911954135e+01 -2.2241875231e+01\n  228    0 1.0000000000 -2.4095636041e+01 -2.2384370475e+01\n  229    0 1.0000000000 -2.4278779674e+01 -2.2530921365e+01\n  230    0 1.0000000000 -2.4461325724e+01 -2.2681433239e+01\n  231    0 1.0000000000 -2.4643213987e+01 -2.2835806062e+01\n  232    0 1.0000000000 -2.4824383393e+01 -2.2993934312e+01\n  233    0 1.0000000000 -2.5004772037e+01 -2.3155706892e+01\n  234    0 1.0000000000 -2.5184317216e+01 -2.3321007042e+01\n  235    0 1.0000000000 -2.5362955456e+01 -2.3489712274e+01\n  236    0 1.0000000000 -2.5540622554e+01 -2.3661694321e+01\n  237    0 1.0000000000 -2.5717253613e+01 -2.3836819092e+01\n  238    0 1.0000000000 -2.5892783086e+01 -2.4014946654e+01\n  239    0 1.0000000000 -2.6067144810e+01 -2.4195931228e+01\n  240    0 1.0000000000 -2.6240272059e+01 -2.4379621195e+01\n  241    0 1.0000000000 -2.6412097581e+01 -2.4565859130e+01\n  242    0 1.0000000000 -2.6582553649e+01 -2.4754481849e+01\n  243    0 1.0000000000 -2.6751572110e+01 -2.4945320472e+01\n  244    0 1.0000000000 -2.6919084434e+01 -2.5138200514e+01\n  245    0 1.0000000000 -2.7085021764e+01 -2.5332941983e+01\n  246    0 1.0000000000 -2.7249314971e+01 -2.5529359509e+01\n  247    0 1.0000000000 -2.7411894712e+01 -2.5727262487e+01\n  248    0 1.0000000000 -2.7572691480e+01 -2.5926455237e+01\n  249    0 1.0000000000 -2.7731635667e+01 -2.6126737187e+01\n  250    0 1.0000000000 -2.7888657617e+01 -2.6327903081e+01\n  251    0 1.0000000000 -2.8043687695e+01 -2.6529743190e+01\n  252    0 1.0000000000 -2.8196656339e+01 -2.6732043561e+01\n  253    0 1.0000000000 -2.8347494127e+01 -2.6934586272e+01\n  254    0 1.0000000000 -2.8496131842e+01 -2.7137149707e+01\n  255    0 1.0000000000 -2.8642500531e+01 -2.7339508854e+01\n  256    0 1.0000000000 -2.8786531576e+01 -2.7541435613e+01\n  257    0 1.0000000000 -2.8928156755e+01 -2.7742699126e+01\n  258    0 1.0000000000 -2.9067308312e+01 -2.7943066120e+01\n  259    0 1.0000000000 -2.9203919020e+01 -2.8142301262e+01\n  260    0 1.0000000000 -2.9337922253e+01 -2.8340167538e+01\n  261    0 1.0000000000 -2.9469252050e+01 -2.8536426630e+01\n  262    0 1.0000000000 -2.9597843186e+01 -2.8730839319e+01\n  263    0 1.0000000000 -2.9723631237e+01 -2.8923165893e+01\n  264    0 1.0000000000 -2.9846552650e+01 -2.9113166562e+01\n  265    0 1.0000000000 -2.9966544809e+01 -2.9300601890e+01\n  266    0 1.0000000000 -3.0083546106e+01 -2.9485233223e+01\n  267    0 1.0000000000 -3.0197496005e+01 -2.9666823140e+01\n  268    0 1.0000000000 -3.0308335110e+01 -2.9845135888e+01\n  269    0 1.0000000000 -3.0416005230e+01 -3.0019937844e+01\n  270    0 1.0000000000 -3.0520449447e+01 -3.0190997959e+01\n  271    0 1.0000000000 -3.0621612179e+01 -3.0358088217e+01\n  272    0 1.0000000000 -3.0719439242e+01 -3.0520984088e+01\n  273    0 1.0000000000 -3.0813877917e+01 -3.0679464978e+01\n  274    0 1.0000000000 -3.0904877006e+01 -3.0833314686e+01\n  275    0 1.0000000000 -3.0992386897e+01 -3.0982321842e+01\n  276    0 1.0000000000 -3.1076359618e+01 -3.1126280351e+01\n  277    0 1.0000000000 -3.1156748899e+01 -3.1264989826e+01\n  278    0 1.0000000000 -3.1233510221e+01 -3.1398256012e+01\n  279    0 1.0000000000 -3.1306600877e+01 -3.1525891203e+01\n  280    0 1.0000000000 -3.1375980019e+01 -3.1647714644e+01\n  281    0 1.0000000000 -3.1441608708e+01 -3.1763552927e+01\n  282    0 1.0000000000 -3.1503449963e+01 -3.1873240365e+01\n  283    0 1.0000000000 -3.1561468807e+01 -3.1976619362e+01\n  284    0 1.0000000000 -3.1615632308e+01 -3.2073540756e+01\n  285    0 1.0000000000 -3.1665909623e+01 -3.2163864155e+01\n  286    0 1.0000000000 -3.1712272034e+01 -3.2247458249e+01\n  287    0 1.0000000000 -3.1754692984e+01 -3.2324201103e+01\n  288    0 1.0000000000 -3.1793148113e+01 -3.2393980436e+01\n  289    0 1.0000000000 -3.1827615285e+01 -3.2456693870e+01\n  290    0 1.0000000000 -3.1858074618e+01 -3.2512249168e+01\n  291    0 1.0000000000 -3.1884508510e+01 -3.2560564439e+01\n  292    0 1.0000000000 -3.1906901660e+01 -3.2601568328e+01\n  293    0 1.0000000000 -3.1925241088e+01 -3.2635200176e+01\n  294    0 1.0000000000 -3.1939516150e+01 -3.2661410165e+01\n  295    0 1.0000000000 -3.1949718555e+01 -3.2680159425e+01\n  296    0 1.0000000000 -3.1955842373e+01 -3.2691420130e+01\n  297    0 1.0000000000 -3.1957884041e+01 -3.2695175558e+01\n