SINGLE-ORBITAL NN+NNN EFFECTIVE MODEL FIT

m=2
eon=0.0
t0=1.0
l_decay=1.5
dl=0.1
pairing=./m=2/pairing.txt
microscopic_orbitals=10

E_eff(k) = eps0 + 2*t1[cos(k.u1)+cos(k.u2)] + 4*t2*cos(k.u1)*cos(k.u2)

eps0     = -1.08239942864359e+01
t1       = -4.41981624889987e+00
t2       = -1.94415965321281e+00

RMSE=1.65808975649171e-01
MAE=1.43358382079044e-01
max_abs_error=3.29177839193069e-01
optimizer_success=True
optimizer_message=Linear least-squares solution
minimum_tracking_continuity=1.0000000000
mean_tracking_continuity=1.0000000000

# k_index idx continuity target fit\n    0    0 1.0000000000 -3.6484008395e+01 -3.6279897895e+01\n    1    0 1.0000000000 -3.6475365490e+01 -3.6271532307e+01\n    2    0 1.0000000000 -3.6449445624e+01 -3.6246443965e+01\n    3    0 1.0000000000 -3.6406275338e+01 -3.6204658133e+01\n    4    0 1.0000000000 -3.6345898838e+01 -3.6146216884e+01\n    5    0 1.0000000000 -3.6268377955e+01 -3.6071179064e+01\n    6    0 1.0000000000 -3.6173792081e+01 -3.5979620229e+01\n    7    0 1.0000000000 -3.6062238096e+01 -3.5871632573e+01\n    8    0 1.0000000000 -3.5933830273e+01 -3.5747324828e+01\n    9    0 1.0000000000 -3.5788700169e+01 -3.5606822163e+01\n   10    0 1.0000000000 -3.5626996499e+01 -3.5450266051e+01\n   11    0 1.0000000000 -3.5448884991e+01 -3.5277814132e+01\n   12    0 1.0000000000 -3.5254548228e+01 -3.5089640050e+01\n   13    0 1.0000000000 -3.5044185472e+01 -3.4885933280e+01\n   14    0 1.0000000000 -3.4818012476e+01 -3.4666898937e+01\n   15    0 1.0000000000 -3.4576261273e+01 -3.4432757572e+01\n   16    0 1.0000000000 -3.4319179955e+01 -3.4183744944e+01\n   17    0 1.0000000000 -3.4047032439e+01 -3.3920111787e+01\n   18    0 1.0000000000 -3.3760098210e+01 -3.3642123559e+01\n   19    0 1.0000000000 -3.3458672059e+01 -3.3350060169e+01\n   20    0 1.0000000000 -3.3143063800e+01 -3.3044215701e+01\n   21    0 1.0000000000 -3.2813597976e+01 -3.2724898114e+01\n   22    0 1.0000000000 -3.2470613551e+01 -3.2392428934e+01\n   23    0 1.0000000000 -3.2114463590e+01 -3.2047142929e+01\n   24    0 1.0000000000 -3.1745514922e+01 -3.1689387773e+01\n   25    0 1.0000000000 -3.1364147799e+01 -3.1319523696e+01\n   26    0 1.0000000000 -3.0970755534e+01 -3.0937923118e+01\n   27    0 1.0000000000 -3.0565744134e+01 -3.0544970279e+01\n   28    0 1.0000000000 -3.0149531918e+01 -3.0141060850e+01\n   29    0 1.0000000000 -2.9722549129e+01 -2.9726601533e+01\n   30    0 1.0000000000 -2.9285237530e+01 -2.9302009653e+01\n   31    0 1.0000000000 -2.8838049997e+01 -2.8867712739e+01\n   32    0 1.0000000000 -2.8381450095e+01 -2.8424148090e+01\n   33    0 1.0000000000 -2.7915911656e+01 -2.7971762340e+01\n   34    0 1.0000000000 -2.7441918338e+01 -2.7511011000e+01\n   35    0 1.0000000000 -2.6959963187e+01 -2.7042358010e+01\n   36    0 1.0000000000 -2.6470548178e+01 -2.6566275264e+01\n   37    0 1.0000000000 -2.5974183767e+01 -2.6083242135e+01\n   38    0 1.0000000000 -2.5471388420e+01 -2.5593744998e+01\n   39    0 1.0000000000 -2.4962688148e+01 -2.5098276734e+01\n   40    0 1.0000000000 -2.4448616031e+01 -2.4597336239e+01\n   41    0 1.0000000000 -2.3929711738e+01 -2.4091427916e+01\n   42    0 1.0000000000 -2.3406521039e+01 -2.3581061173e+01\n   43    0 1.0000000000 -2.2879595319e+01 -2.3066749906e+01\n   44    0 1.0000000000 -2.2349491082e+01 -2.2549011982e+01\n   45    0 1.0000000000 -2.1816769449e+01 -2.2028368720e+01\n   46    0 1.0000000000 -2.1281995655e+01 -2.1505344363e+01\n   47    0 1.0000000000 -2.0745738534e+01 -2.0980465553e+01\n   48    0 1.0000000000 -2.0208570006e+01 -2.0454260798e+01\n   49    0 1.0000000000 -1.9671064547e+01 -1.9927259941e+01\n   50    0 1.0000000000 -1.9133798654e+01 -1.9399993628e+01\n   51    0 1.0000000000 -1.8597350299e+01 -1.8872992771e+01\n   52    0 1.0000000000 -1.8062298371e+01 -1.8346788016e+01\n   53    0 1.0000000000 -1.7529222093e+01 -1.7821909205e+01\n   54    0 1.0000000000 -1.6998700429e+01 -1.7298884848e+01\n   55    0 1.0000000000 -1.6471311461e+01 -1.6778241586e+01\n   56    0 1.0000000000 -1.5947631733e+01 -1.6260503662e+01\n   57    0 1.0000000000 -1.5428235567e+01 -1.5746192395e+01\n   58    0 1.0000000000 -1.4913694324e+01 -1.5235825652e+01\n   59    0 1.0000000000 -1.4404575621e+01 -1.4729917330e+01\n   60    0 1.0000000000 -1.3901442484e+01 -1.4228976834e+01\n   61    0 1.0000000000 -1.3404852424e+01 -1.3733508571e+01\n   62    0 1.0000000000 -1.2915356434e+01 -1.3244011433e+01\n   63    0 1.0000000000 -1.2433497886e+01 -1.2760978305e+01\n   64    0 1.0000000000 -1.1959811317e+01 -1.2284895558e+01\n   65    0 1.0000000000 -1.1494821094e+01 -1.1816242568e+01\n   66    0 1.0000000000 -1.1039039945e+01 -1.1355491229e+01\n   67    0 1.0000000000 -1.0592967338e+01 -1.0903105478e+01\n   68    0 1.0000000000 -1.0157087723e+01 -1.0459540829e+01\n   69    0 1.0000000000 -9.7318686044e+00 -1.0025243915e+01\n   70    0 1.0000000000 -9.3177584854e+00 -9.6006520355e+00\n   71    0 1.0000000000 -8.9151846706e+00 -9.1861927184e+00\n   72    0 1.0000000000 -8.5245509768e+00 -8.7822832893e+00\n   73    0 1.0000000000 -8.1462353872e+00 -8.3893304507e+00\n   74    0 1.0000000000 -7.7805877168e+00 -8.0077298728e+00\n   75    0 1.0000000000 -7.4279273704e+00 -7.6378657951e+00\n   76    0 1.0000000000 -7.0885413002e+00 -7.2801106393e+00\n   77    0 1.0000000000 -6.7626822877e+00 -6.9348246346e+00\n   78    0 1.0000000000 -6.4505676945e+00 -6.6023554546e+00\n   79    0 1.0000000000 -6.1523788364e+00 -6.2830378678e+00\n   80    0 1.0000000000 -5.8682611422e+00 -5.9771933997e+00\n   81    0 1.0000000000 -5.5983252496e+00 -5.6851300099e+00\n   82    0 1.0000000000 -5.3426491696e+00 -5.4071417815e+00\n   83    0 1.0000000000 -5.1012816153e+00 -5.1435086250e+00\n   84    0 1.0000000000 -4.8742465330e+00 -4.8944959966e+00\n   85    0 1.0000000000 -4.6615488050e+00 -4.6603546311e+00\n   86    0 1.0000000000 -4.4631809961e+00 -4.4413202888e+00\n   87    0 1.0000000000 -4.2791309124e+00 -4.2376135188e+00\n   88    0 1.0000000000 -4.1093896093e+00 -4.0494394366e+00\n   89    0 1.0000000000 -3.9539593507e+00 -3.8769875175e+00\n   90    0 1.0000000000 -3.8128608761e+00 -3.7204314059e+00\n   91    0 1.0000000000 -3.6861392035e+00 -3.5799287406e+00\n   92    0 1.0000000000 -3.5738671069e+00 -3.4556209959e+00\n   93    0 1.0000000000 -3.4761454154e+00 -3.3476333392e+00\n   94    0 1.0000000000 -3.3930994356e+00 -3.2560745048e+00\n   95    0 1.0000000000 -3.3248711738e+00 -3.1810366847e+00\n   96    0 1.0000000000 -3.2716076493e+00 -3.1225954357e+00\n   97    0 1.0000000000 -3.2334463938e+00 -3.0808096032e+00\n   98    0 1.0000000000 -3.2105000647e+00 -3.0557212618e+00\n   99    0 1.0000000000 -3.2028426827e+00 -3.0473556736e+00\n  100    0 1.0000000000 -3.2022850878e+00 -3.0468205012e+00\n  101    0 1.0000000000 -3.2006127712e+00 -3.0452155230e+00\n  102    0 1.0000000000 -3.1978271368e+00 -3.0425423550e+00\n  103    0 1.0000000000 -3.1939305227e+00 -3.0388036888e+00\n  104    0 1.0000000000 -3.1889261987e+00 -3.0340032891e+00\n  105    0 1.0000000000 -3.1828183624e+00 -3.0281459893e+00\n  106    0 1.0000000000 -3.1756121347e+00 -3.0212376873e+00\n  107    0 1.0000000000 -3.1673135544e+00 -3.0132853392e+00\n  108    0 1.0000000000 -3.1579295707e+00 -3.0042969522e+00\n  109    0 1.0000000000 -3.1474680365e+00 -2.9942815771e+00\n  110    0 1.0000000000 -3.1359376987e+00 -2.9832492983e+00\n  111    0 1.0000000000 -3.1233481893e+00 -2.9712112244e+00\n  112    0 1.0000000000 -3.1097100143e+00 -2.9581794768e+00\n  113    0 1.0000000000 -3.0950345424e+00 -2.9441671774e+00\n  114    0 1.0000000000 -3.0793339921e+00 -2.9291884353e+00\n  115    0 1.0000000000 -3.0626214187e+00 -2.9132583328e+00\n  116    0 1.0000000000 -3.0449106995e+00 -2.8963929103e+00\n  117    0 1.0000000000 -3.0262165190e+00 -2.8786091497e+00\n  118    0 1.0000000000 -3.0065543527e+00 -2.8599249579e+00\n  119    0 1.0000000000 -2.9859404505e+00 -2.8403591481e+00\n  120    0 1.0000000000 -2.9643918186e+00 -2.8199314216e+00\n  121    0 1.0000000000 -2.9419262017e+00 -2.7986623473e+00\n  122    0 1.0000000000 -2.9185620637e+00 -2.7765733413e+00\n  123    0 1.0000000000 -2.8943185680e+00 -2.7536866455e+00\n  124    0 1.0000000000 -2.8692155575e+00 -2.7300253047e+00\n  125    0 1.0000000000 -2.8432735330e+00 -2.7056131440e+00\n  126    0 1.0000000000 -2.8165136328e+00 -2.6804747443e+00\n  127    0 1.0000000000 -2.7889576099e+00 -2.6546354179e+00\n  128    0 1.0000000000 -2.7606278106e+00 -2.6281211827e+00\n  129    0 1.0000000000 -2.7315471513e+00 -2.6009587364e+00\n  130    0 1.0000000000 -2.7017390962e+00 -2.5731754293e+00\n  131    0 1.0000000000 -2.6712276338e+00 -2.5447992367e+00\n  132    0 1.0000000000 -2.6400372544e+00 -2.5158587311e+00\n  133    0 1.0000000000 -2.6081929270e+00 -2.4863830532e+00\n  134    0 1.0000000000 -2.5757200763e+00 -2.4564018823e+00\n  135    0 1.0000000000 -2.5426445600e+00 -2.4259454072e+00\n  136    0 1.0000000000 -2.5089926473e+00 -2.3950442947e+00\n  137    0 1.0000000000 -2.4747909966e+00 -2.3637296598e+00\n  138    0 1.0000000000 -2.4400666353e+00 -2.3320330336e+00\n  139    0 1.0000000000 -2.4048469398e+00 -2.2999863319e+00\n  140    0 1.0000000000 -2.3691596169e+00 -2.2676218231e+00\n  141    0 1.0000000000 -2.3330326867e+00 -2.2349720954e+00\n  142    0 1.0000000000 -2.2964944678e+00 -2.2020700244e+00\n  143    0 1.0000000000 -2.2595735636e+00 -2.1689487396e+00\n  144    0 1.0000000000 -2.2222988521e+00 -2.1356415915e+00\n  145    0 1.0000000000 -2.1846994788e+00 -2.1021821173e+00\n  146    0 1.0000000000 -2.1468048526e+00 -2.0686040082e+00\n  147    0 1.0000000000 -2.1086446468e+00 -2.0349410742e+00\n  148    0 1.0000000000 -2.0702488049e+00 -2.0012272112e+00\n  149    0 1.0000000000 -2.0316475526e+00 -1.9674963661e+00\n  150    0 1.0000000000 -1.9928714172e+00 -1.9337825031e+00\n  151    0 1.0000000000 -1.9539512555e+00 -1.9001195691e+00\n  152    0 1.0000000000 -1.9149182924e+00 -1.8665414599e+00\n  153    0 1.0000000000 -1.8758041709e+00 -1.8330819858e+00\n  154    0 1.0000000000 -1.8366410184e+00 -1.7997748376e+00\n  155    0 1.0000000000 -1.7974615289e+00 -1.7666535529e+00\n  156    0 1.0000000000 -1.7582990677e+00 -1.7337514819e+00\n  157    0 1.0000000000 -1.7191878007e+00 -1.7011017542e+00\n  158    0 1.0000000000 -1.6801628556e+00 -1.6687372453e+00\n  159    0 1.0000000000 -1.6412605188e+00 -1.6366905437e+00\n  160    0 1.0000000000 -1.6025184786e+00 -1.6049939175e+00\n  161    0 1.0000000000 -1.5639761222e+00 -1.5736792825e+00\n  162    0 1.0000000000 -1.5256748984e+00 -1.5427781701e+00\n  163    0 1.0000000000 -1.4876587603e+00 -1.5123216949e+00\n  164    0 1.0000000000 -1.4499747024e+00 -1.4823405241e+00\n  165    0 1.0000000000 -1.4126734113e+00 -1.4528648462e+00\n  166    0 1.0000000000 -1.3758100496e+00 -1.4239243406e+00\n  167    0 1.0000000000 -1.3394451921e+00 -1.3955481480e+00\n  168    0 1.0000000000 -1.3036459322e+00 -1.3677648408e+00\n  169    0 1.0000000000 -1.2684871655e+00 -1.3406023945e+00\n  170    0 1.0000000000 -1.2340530406e+00 -1.3140881594e+00\n  171    0 1.0000000000 -1.2004385305e+00 -1.2882488330e+00\n  172    0 1.0000000000 -1.1677510147e+00 -1.2631104333e+00\n  173    0 1.0000000000 -1.1361116659e+00 -1.2386982726e+00\n  174    0 1.0000000000 -1.1056562859e+00 -1.2150369318e+00\n  175    0 1.0000000000 -1.0765350432e+00 -1.1921502360e+00\n  176    0 1.0000000000 -1.0489103523e+00 -1.1700612300e+00\n  177    0 1.0000000000 -1.0229519880e+00 -1.1487921557e+00\n  178    0 1.0000000000 -9.9882860593e-01 -1.1283644291e+00\n  179    0 1.0000000000 -9.7669535367e-01 -1.1087986194e+00\n  180    0 1.0000000000 -9.5667836040e-01 -1.0901144275e+00\n  181    0 1.0000000000 -9.3885843155e-01 -1.0723306670e+00\n  182    0 1.0000000000 -9.2325760937e-01 -1.0554652444e+00\n  183    0 1.0000000000 -9.0983244394e-01 -1.0395351420e+00\n  184    0 1.0000000000 -8.9847627495e-01 -1.0245563999e+00\n  185    0 1.0000000000 -8.8903005867e-01 -1.0105441004e+00\n  186    0 1.0000000000 -8.8129871713e-01 -9.9751235286e-01\n  187    0 1.0000000000 -8.7506892441e-01 -9.8547427901e-01\n  188    0 1.0000000000 -8.7012488696e-01 -9.7444200021e-01\n  189    0 1.0000000000 -8.6626024426e-01 -9.6442662503e-01\n  190    0 1.0000000000 -8.6328575401e-01 -9.5543823811e-01\n  191    0 1.0000000000 -8.6103340023e-01 -9.4748588998e-01\n  192    0 1.0000000000 -8.5935792865e-01 -9.4057758799e-01\n  193    0 1.0000000000 -8.5813677906e-01 -9.3472028821e-01\n  194    0 1.0000000000 -8.5726917201e-01 -9.2991988845e-01\n  195    0 1.0000000000 -8.5667486861e-01 -9.2618122230e-01\n  196    0 1.0000000000 -8.5629292403e-01 -9.2350805429e-01\n  197    0 1.0000000000 -8.5608061574e-01 -9.2190307606e-01\n  198    0 1.0000000000 -8.5601263946e-01 -9.2136790369e-01\n  199    0 1.0000000000 -8.5414156551e-01 -9.2244021956e-01\n  200    0 1.0000000000 -8.4860977918e-01 -9.2567972727e-01\n  201    0 1.0000000000 -8.3968357611e-01 -9.3115398911e-01\n  202    0 1.0000000000 -8.2789449495e-01 -9.3897521643e-01\n  203    0 1.0000000000 -8.1423448528e-01 -9.4929968258e-01\n  204    0 1.0000000000 -8.0061210416e-01 -9.6232690458e-01\n  205    0 1.0000000000 -7.9086296170e-01 -9.7829859702e-01\n  206    0 1.0000000000 -7.9224468131e-01 -9.9749740250e-01\n  207    0 1.0000000000 -8.1390787344e-01 -1.0202454042e+00\n  208    0 1.0000000000 -8.5829020576e-01 -1.0469024269e+00\n  209    0 1.0000000000 -9.1962807458e-01 -1.0778641333e+00\n  210    0 1.0000000000 -9.9213195629e-01 -1.1135599247e+00\n  211    0 1.0000000000 -1.0726774987e+00 -1.1544506538e+00\n  212    0 1.0000000000 -1.1598469860e+00 -1.2010261601e+00\n  213    0 1.0000000000 -1.2530584933e+00 -1.2538026389e+00\n  214    0 1.0000000000 -1.3521414407e+00 -1.3133198540e+00\n  215    0 1.0000000000 -1.4571440248e+00 -1.3801382064e+00\n  216    0 1.0000000000 -1.5682427903e+00 -1.4548356727e+00\n  217    0 1.0000000000 -1.6856976807e+00 -1.5380046247e+00\n  218    0 1.0000000000 -1.8098283421e+00 -1.6302485448e+00\n  219    0 1.0000000000 -1.9410008739e+00 -1.7321786509e+00\n  220    0 1.0000000000 -2.0796199220e+00 -1.8444104463e+00\n  221    0 1.0000000000 -2.2261235542e+00 -1.9675602078e+00\n  222    0 1.0000000000 -2.3809795576e+00 -2.1022414288e+00\n  223    0 1.0000000000 -2.5446823924e+00 -2.2490612318e+00\n  224    0 1.0000000000 -2.7177503478e+00 -2.4086167667e+00\n  225    0 1.0000000000 -2.9007226206e+00 -2.5814916090e+00\n  226    0 1.0000000000 -3.0941561384e+00 -2.7682521763e+00\n  227    0 1.0000000000 -3.2986220148e+00 -2.9694441756e+00\n  228    0 1.0000000000 -3.5147015723e+00 -3.1855890997e+00\n  229    0 1.0000000000 -3.7429819051e+00 -3.4171807862e+00\n  230    0 1.0000000000 -3.9840509849e+00 -3.6646820554e+00\n  231    0 1.0000000000 -4.2384923377e+00 -3.9285214418e+00\n  232    0 1.0000000000 -4.5068793465e+00 -4.2090900337e+00\n  233    0 1.0000000000 -4.7897692535e+00 -4.5067384343e+00\n  234    0 1.0000000000 -5.0876969490e+00 -4.8217738600e+00\n  235    0 1.0000000000 -5.4011686504e+00 -5.1544573871e+00\n  236    0 1.0000000000 -5.7306555784e+00 -5.5050013600e+00\n  237    0 1.0000000000 -6.0765877388e+00 -5.8735669736e+00\n  238    0 1.0000000000 -6.4393479164e+00 -6.2602620410e+00\n  239    0 1.0000000000 -6.8192659784e+00 -6.6651389560e+00\n  240    0 1.0000000000 -7.2166135741e+00 -7.0881928617e+00\n  241    0 1.0000000000 -7.6315993020e+00 -7.5293600335e+00\n  242    0 1.0000000000 -8.0643644010e+00 -7.9885164844e+00\n  243    0 1.0000000000 -8.5149790055e+00 -8.4654768005e+00\n  244    0 1.0000000000 -8.9834389897e+00 -8.9599932128e+00\n  245    0 1.0000000000 -9.4696634090e+00 -9.4717549099e+00\n  246    0 1.0000000000 -9.9734925393e+00 -1.0000387598e+01\n  247    0 1.0000000000 -1.0494686498e+01 -1.0545453311e+01\n  248    0 1.0000000000 -1.1032924430e+01 -1.1106450469e+01\n  249    0 1.0000000000 -1.1587804228e+01 -1.1682814196e+01\n  250    0 1.0000000000 -1.2158842764e+01 -1.2273916886e+01\n  251    0 1.0000000000 -1.2745476593e+01 -1.2879069028e+01\n  252    0 1.0000000000 -1.3347063099e+01 -1.3497520278e+01\n  253    0 1.0000000000 -1.3962882060e+01 -1.4128460782e+01\n  254    0 1.0000000000 -1.4592137583e+01 -1.4771022749e+01\n  255    0 1.0000000000 -1.5233960405e+01 -1.5424282254e+01\n  256    0 1.0000000000 -1.5887410507e+01 -1.6087261289e+01\n  257    0 1.0000000000 -1.6551480039e+01 -1.6758930037e+01\n  258    0 1.0000000000 -1.7225096515e+01 -1.7438209364e+01\n  259    0 1.0000000000 -1.7907126274e+01 -1.8123973530e+01\n  260    0 1.0000000000 -1.8596378168e+01 -1.8815053101e+01\n  261    0 1.0000000000 -1.9291607471e+01 -1.9510238056e+01\n  262    0 1.0000000000 -1.9991519992e+01 -2.0208281074e+01\n  263    0 1.0000000000 -2.0694776367e+01 -2.0907900995e+01\n  264    0 1.0000000000 -2.1399996514e+01 -2.1607786437e+01\n  265    0 1.0000000000 -2.2105764240e+01 -2.2306599564e+01\n  266    0 1.0000000000 -2.2810631985e+01 -2.3002979977e+01\n  267    0 1.0000000000 -2.3513125673e+01 -2.3695548733e+01\n  268    0 1.0000000000 -2.4211749666e+01 -2.4382912461e+01\n  269    0 1.0000000000 -2.4904991807e+01 -2.5063667566e+01\n  270    0 1.0000000000 -2.5591328520e+01 -2.5736404510e+01\n  271    0 1.0000000000 -2.6269229958e+01 -2.6399712145e+01\n  272    0 1.0000000000 -2.6937165195e+01 -2.7052182087e+01\n  273    0 1.0000000000 -2.7593607413e+01 -2.7692413121e+01\n  274    0 1.0000000000 -2.8237039100e+01 -2.8319015603e+01\n  275    0 1.0000000000 -2.8865957217e+01 -2.8930615863e+01\n  276    0 1.0000000000 -2.9478878329e+01 -2.9525860576e+01\n  277    0 1.0000000000 -3.0074343677e+01 -3.0103421097e+01\n  278    0 1.0000000000 -3.0650924173e+01 -3.0661997732e+01\n  279    0 1.0000000000 -3.1207225304e+01 -3.1200323944e+01\n  280    0 1.0000000000 -3.1741891923e+01 -3.1717170455e+01\n  281    0 1.0000000000 -3.2253612913e+01 -3.2211349261e+01\n  282    0 1.0000000000 -3.2741125708e+01 -3.2681717507e+01\n  283    0 1.0000000000 -3.3203220649e+01 -3.3127181244e+01\n  284    0 1.0000000000 -3.3638745163e+01 -3.3546699021e+01\n  285    0 1.0000000000 -3.4046607758e+01 -3.3939285327e+01\n  286    0 1.0000000000 -3.4425781799e+01 -3.4304013848e+01\n  287    0 1.0000000000 -3.4775309072e+01 -3.4640020537e+01\n  288    0 1.0000000000 -3.5094303110e+01 -3.4946506488e+01\n  289    0 1.0000000000 -3.5381952275e+01 -3.5222740591e+01\n  290    0 1.0000000000 -3.5637522581e+01 -3.5468061971e+01\n  291    0 1.0000000000 -3.5860360249e+01 -3.5681882196e+01\n  292    0 1.0000000000 -3.6049893986e+01 -3.5863687242e+01\n  293    0 1.0000000000 -3.6205636974e+01 -3.6013039216e+01\n  294    0 1.0000000000 -3.6327188569e+01 -3.6129577819e+01\n  295    0 1.0000000000 -3.6414235700e+01 -3.6213021558e+01\n  296    0 1.0000000000 -3.6466553962e+01 -3.6263168690e+01\n  297    0 1.0000000000 -3.6484008395e+01 -3.6279897895e+01\n