SINGLE-ORBITAL NN+NNN EFFECTIVE MODEL FIT

m=3
eon=0.0
t0=1.0
l_decay=1.5
dl=0.1
pairing=./m=3/pairing.txt
microscopic_orbitals=20

E_eff(k) = eps0 + 2*t1[cos(k.u1)+cos(k.u2)] + 4*t2*cos(k.u1)*cos(k.u2)

eps0     = -1.71317665822737e+01
t1       = -5.20247539854721e+00
t2       = -1.87989020683860e+00

RMSE=7.28903653107349e-01
MAE=6.21295227907659e-01
max_abs_error=1.53519833324383e+00
optimizer_success=True
optimizer_message=Linear least-squares solution
minimum_tracking_continuity=1.0000000000
mean_tracking_continuity=1.0000000000

# k_index idx continuity target fit\n    0    0 1.0000000000 -4.4844227574e+01 -4.5461229004e+01\n    1    0 1.0000000000 -4.4835894110e+01 -4.5452204772e+01\n    2    0 1.0000000000 -4.4810901825e+01 -4.5425141163e+01\n    3    0 1.0000000000 -4.4769275025e+01 -4.5380065427e+01\n    4    0 1.0000000000 -4.4711054197e+01 -4.5317022953e+01\n    5    0 1.0000000000 -4.4636295956e+01 -4.5236077218e+01\n    6    0 1.0000000000 -4.4545072989e+01 -4.5137309728e+01\n    7    0 1.0000000000 -4.4437473974e+01 -4.5020819933e+01\n    8    0 1.0000000000 -4.4313603485e+01 -4.4886725129e+01\n    9    0 1.0000000000 -4.4173581875e+01 -4.4735160338e+01\n   10    0 1.0000000000 -4.4017545147e+01 -4.4566278173e+01\n   11    0 1.0000000000 -4.3845644805e+01 -4.4380248684e+01\n   12    0 1.0000000000 -4.3658047690e+01 -4.4177259186e+01\n   13    0 1.0000000000 -4.3454935791e+01 -4.3957514074e+01\n   14    0 1.0000000000 -4.3236506056e+01 -4.3721234611e+01\n   15    0 1.0000000000 -4.3002970166e+01 -4.3468658711e+01\n   16    0 1.0000000000 -4.2754554307e+01 -4.3200040697e+01\n   17    0 1.0000000000 -4.2491498921e+01 -4.2915651043e+01\n   18    0 1.0000000000 -4.2214058440e+01 -4.2615776108e+01\n   19    0 1.0000000000 -4.1922501003e+01 -4.2300717838e+01\n   20    0 1.0000000000 -4.1617108160e+01 -4.1970793471e+01\n   21    0 1.0000000000 -4.1298174562e+01 -4.1626335214e+01\n   22    0 1.0000000000 -4.0966007627e+01 -4.1267689905e+01\n   23    0 1.0000000000 -4.0620927201e+01 -4.0895218671e+01\n   24    0 1.0000000000 -4.0263265198e+01 -4.0509296558e+01\n   25    0 1.0000000000 -3.9893365226e+01 -4.0110312158e+01\n   26    0 1.0000000000 -3.9511582202e+01 -3.9698667214e+01\n   27    0 1.0000000000 -3.9118281947e+01 -3.9274776217e+01\n   28    0 1.0000000000 -3.8713840771e+01 -3.8839065990e+01\n   29    0 1.0000000000 -3.8298645044e+01 -3.8391975256e+01\n   30    0 1.0000000000 -3.7873090754e+01 -3.7933954198e+01\n   31    0 1.0000000000 -3.7437583046e+01 -3.7465464003e+01\n   32    0 1.0000000000 -3.6992535759e+01 -3.6986976402e+01\n   33    0 1.0000000000 -3.6538370940e+01 -3.6498973192e+01\n   34    0 1.0000000000 -3.6075518349e+01 -3.6001945749e+01\n   35    0 1.0000000000 -3.5604414958e+01 -3.5496394539e+01\n   36    0 1.0000000000 -3.5125504428e+01 -3.4982828609e+01\n   37    0 1.0000000000 -3.4639236579e+01 -3.4461765076e+01\n   38    0 1.0000000000 -3.4146066855e+01 -3.3933728607e+01\n   39    0 1.0000000000 -3.3646455766e+01 -3.3399250890e+01\n   40    0 1.0000000000 -3.3140868332e+01 -3.2858870098e+01\n   41    0 1.0000000000 -3.2629773506e+01 -3.2313130350e+01\n   42    0 1.0000000000 -3.2113643595e+01 -3.1762581159e+01\n   43    0 1.0000000000 -3.1592953671e+01 -3.1207776882e+01\n   44    0 1.0000000000 -3.1068180965e+01 -3.0649276159e+01\n   45    0 1.0000000000 -3.0539804265e+01 -3.0087641352e+01\n   46    0 1.0000000000 -3.0008303295e+01 -2.9523437982e+01\n   47    0 1.0000000000 -2.9474158094e+01 -2.8957234152e+01\n   48    0 1.0000000000 -2.8937848385e+01 -2.8389599983e+01\n   49    0 1.0000000000 -2.8399852936e+01 -2.7821107033e+01\n   50    0 1.0000000000 -2.7860648920e+01 -2.7252327726e+01\n   51    0 1.0000000000 -2.7320711266e+01 -2.6683834776e+01\n   52    0 1.0000000000 -2.6780512010e+01 -2.6116200606e+01\n   53    0 1.0000000000 -2.6240519642e+01 -2.5549996777e+01\n   54    0 1.0000000000 -2.5701198448e+01 -2.4985793406e+01\n   55    0 1.0000000000 -2.5163007859e+01 -2.4424158600e+01\n   56    0 1.0000000000 -2.4626401794e+01 -2.3865657877e+01\n   57    0 1.0000000000 -2.4091828015e+01 -2.3310853599e+01\n   58    0 1.0000000000 -2.3559727476e+01 -2.2760304408e+01\n   59    0 1.0000000000 -2.3030533694e+01 -2.2214564660e+01\n   60    0 1.0000000000 -2.2504672121e+01 -2.1674183869e+01\n   61    0 1.0000000000 -2.1982559529e+01 -2.1139706152e+01\n   62    0 1.0000000000 -2.1464603428e+01 -2.0611669683e+01\n   63    0 1.0000000000 -2.0951201485e+01 -2.0090606150e+01\n   64    0 1.0000000000 -2.0442740993e+01 -1.9577040220e+01\n   65    0 1.0000000000 -1.9939598360e+01 -1.9071489010e+01\n   66    0 1.0000000000 -1.9442138650e+01 -1.8574461567e+01\n   67    0 1.0000000000 -1.8950715166e+01 -1.8086458356e+01\n   68    0 1.0000000000 -1.8465669107e+01 -1.7607970756e+01\n   69    0 1.0000000000 -1.7987329290e+01 -1.7139480561e+01\n   70    0 1.0000000000 -1.7516011971e+01 -1.6681459502e+01\n   71    0 1.0000000000 -1.7052020767e+01 -1.6234368768e+01\n   72    0 1.0000000000 -1.6595646719e+01 -1.5798658541e+01\n   73    0 1.0000000000 -1.6147168513e+01 -1.5374767545e+01\n   74    0 1.0000000000 -1.5706852898e+01 -1.4963122600e+01\n   75    0 1.0000000000 -1.5274955348e+01 -1.4564138200e+01\n   76    0 1.0000000000 -1.4851721021e+01 -1.4178216088e+01\n   77    0 1.0000000000 -1.4437386099e+01 -1.3805744854e+01\n   78    0 1.0000000000 -1.4032179593e+01 -1.3447099545e+01\n   79    0 1.0000000000 -1.3636325750e+01 -1.3102641287e+01\n   80    0 1.0000000000 -1.3250047235e+01 -1.2772716921e+01\n   81    0 1.0000000000 -1.2873569304e+01 -1.2457658651e+01\n   82    0 1.0000000000 -1.2507125310e+01 -1.2157783715e+01\n   83    0 1.0000000000 -1.2150963939e+01 -1.1873394062e+01\n   84    0 1.0000000000 -1.1805358822e+01 -1.1604776048e+01\n   85    0 1.0000000000 -1.1470621333e+01 -1.1352200148e+01\n   86    0 1.0000000000 -1.1147117787e+01 -1.1115920685e+01\n   87    0 1.0000000000 -1.0835292725e+01 -1.0896175572e+01\n   88    0 1.0000000000 -1.0535700655e+01 -1.0693186075e+01\n   89    0 1.0000000000 -1.0249049562e+01 -1.0507156585e+01\n   90    0 1.0000000000 -9.9762606375e+00 -1.0338274420e+01\n   91    0 1.0000000000 -9.7185498665e+00 -1.0186709629e+01\n   92    0 1.0000000000 -9.4775374767e+00 -1.0052614826e+01\n   93    0 1.0000000000 -9.2553888478e+00 -9.9361250309e+00\n   94    0 1.0000000000 -9.0549802405e+00 -9.8373575409e+00\n   95    0 1.0000000000 -8.8800553024e+00 -9.7564118059e+00\n   96    0 1.0000000000 -8.7352815331e+00 -9.6933693314e+00\n   97    0 1.0000000000 -8.6260329011e+00 -9.6482935959e+00\n   98    0 1.0000000000 -8.5576842079e+00 -9.6212299868e+00\n   99    0 1.0000000000 -8.5343754279e+00 -9.6122057549e+00\n  100    0 1.0000000000 -8.5333537688e+00 -9.6107530834e+00\n  101    0 1.0000000000 -8.5302895631e+00 -9.6063965314e+00\n  102    0 1.0000000000 -8.5251851258e+00 -9.5991404857e+00\n  103    0 1.0000000000 -8.5180443120e+00 -9.5889922526e+00\n  104    0 1.0000000000 -8.5088725123e+00 -9.5759620503e+00\n  105    0 1.0000000000 -8.4976766471e+00 -9.5600629993e+00\n  106    0 1.0000000000 -8.4844651577e+00 -9.5413111084e+00\n  107    0 1.0000000000 -8.4692479970e+00 -9.5197252594e+00\n  108    0 1.0000000000 -8.4520366178e+00 -9.4953271873e+00\n  109    0 1.0000000000 -8.4328439590e+00 -9.4681414588e+00\n  110    0 1.0000000000 -8.4116844311e+00 -9.4381954478e+00\n  111    0 1.0000000000 -8.3885738986e+00 -9.4055193073e+00\n  112    0 1.0000000000 -8.3635296621e+00 -9.3701459394e+00\n  113    0 1.0000000000 -8.3365704378e+00 -9.3321109622e+00\n  114    0 1.0000000000 -8.3077163353e+00 -9.2914526735e+00\n  115    0 1.0000000000 -8.2769888347e+00 -9.2482120128e+00\n  116    0 1.0000000000 -8.2444107611e+00 -9.2024325199e+00\n  117    0 1.0000000000 -8.2100062581e+00 -9.1541602908e+00\n  118    0 1.0000000000 -8.1738007592e+00 -9.1034439315e+00\n  119    0 1.0000000000 -8.1358209586e+00 -9.0503345092e+00\n  120    0 1.0000000000 -8.0960947800e+00 -8.9948855004e+00\n  121    0 1.0000000000 -8.0546513434e+00 -8.9371527377e+00\n  122    0 1.0000000000 -8.0115209319e+00 -8.8771943531e+00\n  123    0 1.0000000000 -7.9667349559e+00 -8.8150707195e+00\n  124    0 1.0000000000 -7.9203259169e+00 -8.7508443902e+00\n  125    0 1.0000000000 -7.8723273690e+00 -8.6845800357e+00\n  126    0 1.0000000000 -7.8227738808e+00 -8.6163443785e+00\n  127    0 1.0000000000 -7.7717009943e+00 -8.5462061262e+00\n  128    0 1.0000000000 -7.7191451844e+00 -8.4742359020e+00\n  129    0 1.0000000000 -7.6651438162e+00 -8.4005061739e+00\n  130    0 1.0000000000 -7.6097351019e+00 -8.3250911815e+00\n  131    0 1.0000000000 -7.5529580566e+00 -8.2480668612e+00\n  132    0 1.0000000000 -7.4948524533e+00 -8.1695107700e+00\n  133    0 1.0000000000 -7.4354587771e+00 -8.0895020073e+00\n  134    0 1.0000000000 -7.3748181788e+00 -8.0081211351e+00\n  135    0 1.0000000000 -7.3129724278e+00 -7.9254500970e+00\n  136    0 1.0000000000 -7.2499638642e+00 -7.8415721357e+00\n  137    0 1.0000000000 -7.1858353507e+00 -7.7565717093e+00\n  138    0 1.0000000000 -7.1206302241e+00 -7.6705344060e+00\n  139    0 1.0000000000 -7.0543922464e+00 -7.5835468580e+00\n  140    0 1.0000000000 -6.9871655552e+00 -7.4956966544e+00\n  141    0 1.0000000000 -6.9189946149e+00 -7.4070722530e+00\n  142    0 1.0000000000 -6.8499241667e+00 -7.3177628910e+00\n  143    0 1.0000000000 -6.7799991795e+00 -7.2278584953e+00\n  144    0 1.0000000000 -6.7092648008e+00 -7.1374495921e+00\n  145    0 1.0000000000 -6.6377663068e+00 -7.0466272154e+00\n  146    0 1.0000000000 -6.5655490545e+00 -6.9554828158e+00\n  147    0 1.0000000000 -6.4926584324e+00 -6.8641081678e+00\n  148    0 1.0000000000 -6.4191398135e+00 -6.7725952781e+00\n  149    0 1.0000000000 -6.3450385074e+00 -6.6810362923e+00\n  150    0 1.0000000000 -6.2703997141e+00 -6.5895234025e+00\n  151    0 1.0000000000 -6.1952684783e+00 -6.4981487546e+00\n  152    0 1.0000000000 -6.1196896450e+00 -6.4070043549e+00\n  153    0 1.0000000000 -6.0437078162e+00 -6.3161819783e+00\n  154    0 1.0000000000 -5.9673673083e+00 -6.2257730751e+00\n  155    0 1.0000000000 -5.8907121125e+00 -6.1358686794e+00\n  156    0 1.0000000000 -5.8137858551e+00 -6.0465593174e+00\n  157    0 1.0000000000 -5.7366317611e+00 -5.9579349160e+00\n  158    0 1.0000000000 -5.6592926195e+00 -5.8700847124e+00\n  159    0 1.0000000000 -5.5818107504e+00 -5.7830971644e+00\n  160    0 1.0000000000 -5.5042279760e+00 -5.6970598611e+00\n  161    0 1.0000000000 -5.4265855934e+00 -5.6120594346e+00\n  162    0 1.0000000000 -5.3489243517e+00 -5.5281814734e+00\n  163    0 1.0000000000 -5.2712844326e+00 -5.4455104353e+00\n  164    0 1.0000000000 -5.1937054354e+00 -5.3641295630e+00\n  165    0 1.0000000000 -5.1162263672e+00 -5.2841208003e+00\n  166    0 1.0000000000 -5.0388856389e+00 -5.2055647091e+00\n  167    0 1.0000000000 -4.9617210676e+00 -5.1285403889e+00\n  168    0 1.0000000000 -4.8847698879e+00 -5.0531253964e+00\n  169    0 1.0000000000 -4.8080687710e+00 -4.9793956683e+00\n  170    0 1.0000000000 -4.7316538562e+00 -4.9074254442e+00\n  171    0 1.0000000000 -4.6555607950e+00 -4.8372871919e+00\n  172    0 1.0000000000 -4.5798248111e+00 -4.7690515347e+00\n  173    0 1.0000000000 -4.5044807805e+00 -4.7027871802e+00\n  174    0 1.0000000000 -4.4295633350e+00 -4.6385608509e+00\n  175    0 1.0000000000 -4.3551069961e+00 -4.5764372173e+00\n  176    0 1.0000000000 -4.2811463463e+00 -4.5164788326e+00\n  177    0 1.0000000000 -4.2077162484e+00 -4.4587460699e+00\n  178    0 1.0000000000 -4.1348521256e+00 -4.4032970612e+00\n  179    0 1.0000000000 -4.0625903215e+00 -4.3501876388e+00\n  180    0 1.0000000000 -3.9909685643e+00 -4.2994712795e+00\n  181    0 1.0000000000 -3.9200265704e+00 -4.2511990504e+00\n  182    0 1.0000000000 -3.8498068362e+00 -4.2054195575e+00\n  183    0 1.0000000000 -3.7803556876e+00 -4.1621788969e+00\n  184    0 1.0000000000 -3.7117246938e+00 -4.1215206082e+00\n  185    0 1.0000000000 -3.6439726019e+00 -4.0834856309e+00\n  186    0 1.0000000000 -3.5771680415e+00 -4.0481122630e+00\n  187    0 1.0000000000 -3.5113934053e+00 -4.0154361225e+00\n  188    0 1.0000000000 -3.4467505927e+00 -3.9854901115e+00\n  189    0 1.0000000000 -3.3833698337e+00 -3.9583043831e+00\n  190    0 1.0000000000 -3.3214238426e+00 -3.9339063109e+00\n  191    0 1.0000000000 -3.2611516299e+00 -3.9123204619e+00\n  192    0 1.0000000000 -3.2029006106e+00 -3.8935685711e+00\n  193    0 1.0000000000 -3.1472046876e+00 -3.8776695201e+00\n  194    0 1.0000000000 -3.0949345433e+00 -3.8646393178e+00\n  195    0 1.0000000000 -3.0475890888e+00 -3.8544910846e+00\n  196    0 1.0000000000 -3.0078165618e+00 -3.8472350390e+00\n  197    0 1.0000000000 -2.9800258118e+00 -3.8428784870e+00\n  198    0 1.0000000000 -2.9697911473e+00 -3.8414258154e+00\n  199    0 1.0000000000 -2.9765080564e+00 -3.8443330645e+00\n  200    0 1.0000000000 -3.0156895046e+00 -3.8530747428e+00\n  201    0 1.0000000000 -3.1073397109e+00 -3.8677105310e+00\n  202    0 1.0000000000 -3.2230472578e+00 -3.8883395240e+00\n  203    0 1.0000000000 -3.3490085141e+00 -3.9150996724e+00\n  204    0 1.0000000000 -3.4820257799e+00 -3.9481670046e+00\n  205    0 1.0000000000 -3.6212223301e+00 -3.9877546325e+00\n  206    0 1.0000000000 -3.7663767233e+00 -4.0341115441e+00\n  207    0 1.0000000000 -3.9175125460e+00 -4.0875211904e+00\n  208    0 1.0000000000 -4.0747661277e+00 -4.1482998703e+00\n  209    0 1.0000000000 -4.2383349032e+00 -4.2167949219e+00\n  210    0 1.0000000000 -4.4084542811e+00 -4.2933827279e+00\n  211    0 1.0000000000 -4.5853861167e+00 -4.3784665433e+00\n  212    0 1.0000000000 -4.7694124219e+00 -4.4724741549e+00\n  213    0 1.0000000000 -4.9608316153e+00 -4.5758553834e+00\n  214    0 1.0000000000 -5.1599560641e+00 -4.6890794377e+00\n  215    0 1.0000000000 -5.3671102921e+00 -4.8126321340e+00\n  216    0 1.0000000000 -5.5826295186e+00 -4.9470129914e+00\n  217    0 1.0000000000 -5.8068583390e+00 -5.0927322168e+00\n  218    0 1.0000000000 -6.0401494342e+00 -5.2503075916e+00\n  219    0 1.0000000000 -6.2828622369e+00 -5.4202612746e+00\n  220    0 1.0000000000 -6.5353615100e+00 -5.6031165351e+00\n  221    0 1.0000000000 -6.7980158053e+00 -5.7993944296e+00\n  222    0 1.0000000000 -7.0711957845e+00 -6.0096104378e+00\n  223    0 1.0000000000 -7.3552723869e+00 -6.2342710719e+00\n  224    0 1.0000000000 -7.6506148405e+00 -6.4738704751e+00\n  225    0 1.0000000000 -7.9575885116e+00 -6.7288870231e+00\n  226    0 1.0000000000 -8.2765525980e+00 -6.9997799448e+00\n  227    0 1.0000000000 -8.6078576706e+00 -7.2869859767e+00\n  228    0 1.0000000000 -8.9518430751e+00 -7.5909160663e+00\n  229    0 1.0000000000 -9.3088342073e+00 -7.9119521393e+00\n  230    0 1.0000000000 -9.6791396791e+00 -8.2504439446e+00\n  231    0 1.0000000000 -1.0063048396e+01 -8.6067059920e+00\n  232    0 1.0000000000 -1.0460826568e+01 -8.9810145973e+00\n  233    0 1.0000000000 -1.0872714682e+01 -9.3736050463e+00\n  234    0 1.0000000000 -1.1298924457e+01 -9.7846688935e+00\n  235    0 1.0000000000 -1.1739635817e+01 -1.0214351405e+01\n  236    0 1.0000000000 -1.2194993904e+01 -1.0662749163e+01\n  237    0 1.0000000000 -1.2665106168e+01 -1.1129907835e+01\n  238    0 1.0000000000 -1.3150039554e+01 -1.1615820126e+01\n  239    0 1.0000000000 -1.3649817820e+01 -1.2120423923e+01\n  240    0 1.0000000000 -1.4164419010e+01 -1.2643600637e+01\n  241    0 1.0000000000 -1.4693773112e+01 -1.3185173753e+01\n  242    0 1.0000000000 -1.5237759915e+01 -1.3744907596e+01\n  243    0 1.0000000000 -1.5796207090e+01 -1.4322506327e+01\n  244    0 1.0000000000 -1.6368888522e+01 -1.4917613155e+01\n  245    0 1.0000000000 -1.6955522889e+01 -1.5529809799e+01\n  246    0 1.0000000000 -1.7555772520e+01 -1.6158616173e+01\n  247    0 1.0000000000 -1.8169242532e+01 -1.6803490326e+01\n  248    0 1.0000000000 -1.8795480249e+01 -1.7463828618e+01\n  249    0 1.0000000000 -1.9433974927e+01 -1.8138966145e+01\n  250    0 1.0000000000 -2.0084157761e+01 -1.8828177406e+01\n  251    0 1.0000000000 -2.0745402194e+01 -1.9530677221e+01\n  252    0 1.0000000000 -2.1417024521e+01 -2.0245621887e+01\n  253    0 1.0000000000 -2.2098284778e+01 -2.0972110575e+01\n  254    0 1.0000000000 -2.2788387917e+01 -2.1709186969e+01\n  255    0 1.0000000000 -2.3486485258e+01 -2.2455841133e+01\n  256    0 1.0000000000 -2.4191676207e+01 -2.3211011604e+01\n  257    0 1.0000000000 -2.4903010237e+01 -2.3973587710e+01\n  258    0 1.0000000000 -2.5619489109e+01 -2.4742412097e+01\n  259    0 1.0000000000 -2.6340069336e+01 -2.5516283467e+01\n  260    0 1.0000000000 -2.7063664865e+01 -2.6293959500e+01\n  261    0 1.0000000000 -2.7789149972e+01 -2.7074159976e+01\n  262    0 1.0000000000 -2.8515362349e+01 -2.7855570066e+01\n  263    0 1.0000000000 -2.9241106382e+01 -2.8636843781e+01\n  264    0 1.0000000000 -2.9965156580e+01 -2.9416607586e+01\n  265    0 1.0000000000 -3.0686261173e+01 -3.0193464142e+01\n  266    0 1.0000000000 -3.1403145832e+01 -3.0965996180e+01\n  267    0 1.0000000000 -3.2114517522e+01 -3.1732770481e+01\n  268    0 1.0000000000 -3.2819068446e+01 -3.2492341964e+01\n  269    0 1.0000000000 -3.3515480086e+01 -3.3243257849e+01\n  270    0 1.0000000000 -3.4202427319e+01 -3.3984061886e+01\n  271    0 1.0000000000 -3.4878582575e+01 -3.4713298646e+01\n  272    0 1.0000000000 -3.5542620051e+01 -3.5429517840e+01\n  273    0 1.0000000000 -3.6193219934e+01 -3.6131278664e+01\n  274    0 1.0000000000 -3.6829072639e+01 -3.6817154148e+01\n  275    0 1.0000000000 -3.7448883030e+01 -3.7485735491e+01\n  276    0 1.0000000000 -3.8051374624e+01 -3.8135636373e+01\n  277    0 1.0000000000 -3.8635293747e+01 -3.8765497223e+01\n  278    0 1.0000000000 -3.9199413628e+01 -3.9373989427e+01\n  279    0 1.0000000000 -3.9742538433e+01 -3.9959819459e+01\n  280    0 1.0000000000 -4.0263507196e+01 -4.0521732932e+01\n  281    0 1.0000000000 -4.0761197658e+01 -4.1058518528e+01\n  282    0 1.0000000000 -4.1234529981e+01 -4.1569011823e+01\n  283    0 1.0000000000 -4.1682470337e+01 -4.2052098972e+01\n  284    0 1.0000000000 -4.2104034344e+01 -4.2506720241e+01\n  285    0 1.0000000000 -4.2498290355e+01 -4.2931873386e+01\n  286    0 1.0000000000 -4.2864362566e+01 -4.3326616857e+01\n  287    0 1.0000000000 -4.3201433952e+01 -4.3690072806e+01\n  288    0 1.0000000000 -4.3508749002e+01 -4.4021429913e+01\n  289    0 1.0000000000 -4.3785616260e+01 -4.4319945993e+01\n  290    0 1.0000000000 -4.4031410645e+01 -4.4584950387e+01\n  291    0 1.0000000000 -4.4245575560e+01 -4.4815846130e+01\n  292    0 1.0000000000 -4.4427624762e+01 -4.5012111880e+01\n  293    0 1.0000000000 -4.4577144002e+01 -4.5173303606e+01\n  294    0 1.0000000000 -4.4693792428e+01 -4.5299056028e+01\n  295    0 1.0000000000 -4.4777303729e+01 -4.5389083802e+01\n  296    0 1.0000000000 -4.4827487037e+01 -4.5443182446e+01\n  297    0 1.0000000000 -4.4844227574e+01 -4.5461229004e+01\n