SINGLE-ORBITAL NN+NNN EFFECTIVE MODEL FIT

m=4
eon=0.0
t0=1.0
l_decay=1.5
dl=0.1
pairing=./m=4/pairing.txt
microscopic_orbitals=34

E_eff(k) = eps0 + 2*t1[cos(k.u1)+cos(k.u2)] + 4*t2*cos(k.u1)*cos(k.u2)

eps0     = -2.30056460739361e+01
t1       = -5.29706470029928e+00
t2       = -1.57637284654068e+00

RMSE=1.34996114062816e+00
MAE=1.16252741890980e+00
max_abs_error=2.69308647545286e+00
optimizer_success=True
optimizer_message=Linear least-squares solution
minimum_tracking_continuity=1.0000000000
mean_tracking_continuity=1.0000000000

# k_index idx continuity target fit\n    0    0 1.0000000000 -4.9238609782e+01 -5.0499396261e+01\n    1    0 1.0000000000 -4.9231582401e+01 -5.0490888018e+01\n    2    0 1.0000000000 -4.9210506417e+01 -5.0465371857e+01\n    3    0 1.0000000000 -4.9175400307e+01 -5.0422873470e+01\n    4    0 1.0000000000 -4.9126294838e+01 -5.0363435649e+01\n    5    0 1.0000000000 -4.9063233033e+01 -5.0287118243e+01\n    6    0 1.0000000000 -4.8986270124e+01 -5.0193998098e+01\n    7    0 1.0000000000 -4.8895473481e+01 -5.0084168977e+01\n    8    0 1.0000000000 -4.8790922540e+01 -4.9957741469e+01\n    9    0 1.0000000000 -4.8672708703e+01 -4.9814842876e+01\n   10    0 1.0000000000 -4.8540935235e+01 -4.9655617085e+01\n   11    0 1.0000000000 -4.8395717143e+01 -4.9480224422e+01\n   12    0 1.0000000000 -4.8237181037e+01 -4.9288841493e+01\n   13    0 1.0000000000 -4.8065464983e+01 -4.9081661005e+01\n   14    0 1.0000000000 -4.7880718344e+01 -4.8858891570e+01\n   15    0 1.0000000000 -4.7683101597e+01 -4.8620757499e+01\n   16    0 1.0000000000 -4.7472786148e+01 -4.8367498572e+01\n   17    0 1.0000000000 -4.7249954128e+01 -4.8099369800e+01\n   18    0 1.0000000000 -4.7014798179e+01 -4.7816641165e+01\n   19    0 1.0000000000 -4.6767521223e+01 -4.7519597352e+01\n   20    0 1.0000000000 -4.6508336222e+01 -4.7208537458e+01\n   21    0 1.0000000000 -4.6237465925e+01 -4.6883774694e+01\n   22    0 1.0000000000 -4.5955142605e+01 -4.6545636069e+01\n   23    0 1.0000000000 -4.5661607778e+01 -4.6194462060e+01\n   24    0 1.0000000000 -4.5357111914e+01 -4.5830606269e+01\n   25    0 1.0000000000 -4.5041914142e+01 -4.5454435068e+01\n   26    0 1.0000000000 -4.4716281935e+01 -4.5066327230e+01\n   27    0 1.0000000000 -4.4380490789e+01 -4.4666673546e+01\n   28    0 1.0000000000 -4.4034823892e+01 -4.4255876434e+01\n   29    0 1.0000000000 -4.3679571781e+01 -4.3834349532e+01\n   30    0 1.0000000000 -4.3315031992e+01 -4.3402517281e+01\n   31    0 1.0000000000 -4.2941508696e+01 -4.2960814500e+01\n   32    0 1.0000000000 -4.2559312335e+01 -4.2509685946e+01\n   33    0 1.0000000000 -4.2168759237e+01 -4.2049585868e+01\n   34    0 1.0000000000 -4.1770171236e+01 -4.1580977547e+01\n   35    0 1.0000000000 -4.1363875273e+01 -4.1104332832e+01\n   36    0 1.0000000000 -4.0950203001e+01 -4.0620131663e+01\n   37    0 1.0000000000 -4.0529490369e+01 -4.0128861592e+01\n   38    0 1.0000000000 -4.0102077218e+01 -3.9631017283e+01\n   39    0 1.0000000000 -3.9668306854e+01 -3.9127100026e+01\n   40    0 1.0000000000 -3.9228525628e+01 -3.8617617221e+01\n   41    0 1.0000000000 -3.8783082502e+01 -3.8103081875e+01\n   42    0 1.0000000000 -3.8332328624e+01 -3.7584012082e+01\n   43    0 1.0000000000 -3.7876616882e+01 -3.7060930499e+01\n   44    0 1.0000000000 -3.7416301472e+01 -3.6534363827e+01\n   45    0 1.0000000000 -3.6951737455e+01 -3.6004842274e+01\n   46    0 1.0000000000 -3.6483280311e+01 -3.5472899022e+01\n   47    0 1.0000000000 -3.6011285502e+01 -3.4939069693e+01\n   48    0 1.0000000000 -3.5536108024e+01 -3.4403891808e+01\n   49    0 1.0000000000 -3.5058101965e+01 -3.3867904247e+01\n   50    0 1.0000000000 -3.4577620068e+01 -3.3331646702e+01\n   51    0 1.0000000000 -3.4095013291e+01 -3.2795659141e+01\n   52    0 1.0000000000 -3.3610630370e+01 -3.2260481256e+01\n   53    0 1.0000000000 -3.3124817396e+01 -3.1726651928e+01\n   54    0 1.0000000000 -3.2637917383e+01 -3.1194708675e+01\n   55    0 1.0000000000 -3.2150269856e+01 -3.0665187122e+01\n   56    0 1.0000000000 -3.1662210438e+01 -3.0138620450e+01\n   57    0 1.0000000000 -3.1174070450e+01 -2.9615538867e+01\n   58    0 1.0000000000 -3.0686176520e+01 -2.9096469074e+01\n   59    0 1.0000000000 -3.0198850202e+01 -2.8581933728e+01\n   60    0 1.0000000000 -2.9712407616e+01 -2.8072450923e+01\n   61    0 1.0000000000 -2.9227159087e+01 -2.7568533666e+01\n   62    0 1.0000000000 -2.8743408821e+01 -2.7070689358e+01\n   63    0 1.0000000000 -2.8261454582e+01 -2.6579419286e+01\n   64    0 1.0000000000 -2.7781587398e+01 -2.6095218117e+01\n   65    0 1.0000000000 -2.7304091294e+01 -2.5618573402e+01\n   66    0 1.0000000000 -2.6829243042e+01 -2.5149965081e+01\n   67    0 1.0000000000 -2.6357311947e+01 -2.4689865003e+01\n   68    0 1.0000000000 -2.5888559670e+01 -2.4238736449e+01\n   69    0 1.0000000000 -2.5423240080e+01 -2.3797033668e+01\n   70    0 1.0000000000 -2.4961599159e+01 -2.3365201417e+01\n   71    0 1.0000000000 -2.4503874956e+01 -2.2943674515e+01\n   72    0 1.0000000000 -2.4050297604e+01 -2.2532877403e+01\n   73    0 1.0000000000 -2.3601089402e+01 -2.2133223719e+01\n   74    0 1.0000000000 -2.3156464996e+01 -2.1745115881e+01\n   75    0 1.0000000000 -2.2716631659e+01 -2.1368944680e+01\n   76    0 1.0000000000 -2.2281789700e+01 -2.1005088889e+01\n   77    0 1.0000000000 -2.1852133047e+01 -2.0653914880e+01\n   78    0 1.0000000000 -2.1427850038e+01 -2.0315776255e+01\n   79    0 1.0000000000 -2.1009124485e+01 -1.9991013491e+01\n   80    0 1.0000000000 -2.0596137111e+01 -1.9679953597e+01\n   81    0 1.0000000000 -2.0189067472e+01 -1.9382909784e+01\n   82    0 1.0000000000 -1.9788096552e+01 -1.9100181150e+01\n   83    0 1.0000000000 -1.9393410311e+01 -1.8832052377e+01\n   84    0 1.0000000000 -1.9005204562e+01 -1.8578793450e+01\n   85    0 1.0000000000 -1.8623691817e+01 -1.8340659379e+01\n   86    0 1.0000000000 -1.8249111026e+01 -1.8117889944e+01\n   87    0 1.0000000000 -1.7881741770e+01 -1.7910709456e+01\n   88    0 1.0000000000 -1.7521925367e+01 -1.7719326527e+01\n   89    0 1.0000000000 -1.7170097140e+01 -1.7543933864e+01\n   90    0 1.0000000000 -1.6826837170e+01 -1.7384708073e+01\n   91    0 1.0000000000 -1.6492952711e+01 -1.7241809480e+01\n   92    0 1.0000000000 -1.6169616760e+01 -1.7115381972e+01\n   93    0 1.0000000000 -1.5858609661e+01 -1.7005552851e+01\n   94    0 1.0000000000 -1.5562755300e+01 -1.6912432706e+01\n   95    0 1.0000000000 -1.5286728653e+01 -1.6836115300e+01\n   96    0 1.0000000000 -1.5038539670e+01 -1.6776677479e+01\n   97    0 1.0000000000 -1.4831979103e+01 -1.6734179092e+01\n   98    0 1.0000000000 -1.4689009057e+01 -1.6708662931e+01\n   99    0 1.0000000000 -1.4636063213e+01 -1.6700154688e+01\n  100    0 1.0000000000 -1.4634713386e+01 -1.6697995540e+01\n  101    0 1.0000000000 -1.4630653289e+01 -1.6691520272e+01\n  102    0 1.0000000000 -1.4623885628e+01 -1.6680735403e+01\n  103    0 1.0000000000 -1.4614414912e+01 -1.6665651792e+01\n  104    0 1.0000000000 -1.4602247448e+01 -1.6646284628e+01\n  105    0 1.0000000000 -1.4587391331e+01 -1.6622653412e+01\n  106    0 1.0000000000 -1.4569856439e+01 -1.6594781938e+01\n  107    0 1.0000000000 -1.4549654419e+01 -1.6562698270e+01\n  108    0 1.0000000000 -1.4526798676e+01 -1.6526434715e+01\n  109    0 1.0000000000 -1.4501304355e+01 -1.6486027785e+01\n  110    0 1.0000000000 -1.4473188329e+01 -1.6441518169e+01\n  111    0 1.0000000000 -1.4442469173e+01 -1.6392950682e+01\n  112    0 1.0000000000 -1.4409167150e+01 -1.6340374229e+01\n  113    0 1.0000000000 -1.4373304185e+01 -1.6283841750e+01\n  114    0 1.0000000000 -1.4334903840e+01 -1.6223410167e+01\n  115    0 1.0000000000 -1.4293991290e+01 -1.6159140331e+01\n  116    0 1.0000000000 -1.4250593293e+01 -1.6091096955e+01\n  117    0 1.0000000000 -1.4204738159e+01 -1.6019348554e+01\n  118    0 1.0000000000 -1.4156455723e+01 -1.5943967372e+01\n  119    0 1.0000000000 -1.4105777306e+01 -1.5865029312e+01\n  120    0 1.0000000000 -1.4052735684e+01 -1.5782613857e+01\n  121    0 1.0000000000 -1.3997365053e+01 -1.5696803993e+01\n  122    0 1.0000000000 -1.3939700986e+01 -1.5607686123e+01\n  123    0 1.0000000000 -1.3879780396e+01 -1.5515349981e+01\n  124    0 1.0000000000 -1.3817641497e+01 -1.5419888543e+01\n  125    0 1.0000000000 -1.3753323760e+01 -1.5321397929e+01\n  126    0 1.0000000000 -1.3686867870e+01 -1.5219977311e+01\n  127    0 1.0000000000 -1.3618315681e+01 -1.5115728812e+01\n  128    0 1.0000000000 -1.3547710170e+01 -1.5008757400e+01\n  129    0 1.0000000000 -1.3475095390e+01 -1.4899170786e+01\n  130    0 1.0000000000 -1.3400516423e+01 -1.4787079316e+01\n  131    0 1.0000000000 -1.3324019329e+01 -1.4672595856e+01\n  132    0 1.0000000000 -1.3245651099e+01 -1.4555835681e+01\n  133    0 1.0000000000 -1.3165459600e+01 -1.4436916358e+01\n  134    0 1.0000000000 -1.3083493526e+01 -1.4315957629e+01\n  135    0 1.0000000000 -1.2999802348e+01 -1.4193081290e+01\n  136    0 1.0000000000 -1.2914436254e+01 -1.4068411066e+01\n  137    0 1.0000000000 -1.2827446104e+01 -1.3942072490e+01\n  138    0 1.0000000000 -1.2738883369e+01 -1.3814192774e+01\n  139    0 1.0000000000 -1.2648800081e+01 -1.3684900682e+01\n  140    0 1.0000000000 -1.2557248777e+01 -1.3554326401e+01\n  141    0 1.0000000000 -1.2464282441e+01 -1.3422601406e+01\n  142    0 1.0000000000 -1.2369954455e+01 -1.3289858336e+01\n  143    0 1.0000000000 -1.2274318540e+01 -1.3156230849e+01\n  144    0 1.0000000000 -1.2177428701e+01 -1.3021853499e+01\n  145    0 1.0000000000 -1.2079339170e+01 -1.2886861591e+01\n  146    0 1.0000000000 -1.1980104357e+01 -1.2751391051e+01\n  147    0 1.0000000000 -1.1879778790e+01 -1.2615578286e+01\n  148    0 1.0000000000 -1.1778417062e+01 -1.2479560049e+01\n  149    0 1.0000000000 -1.1676073780e+01 -1.2343473298e+01\n  150    0 1.0000000000 -1.1572803505e+01 -1.2207455060e+01\n  151    0 1.0000000000 -1.1468660707e+01 -1.2071642296e+01\n  152    0 1.0000000000 -1.1363699709e+01 -1.1936171756e+01\n  153    0 1.0000000000 -1.1257974635e+01 -1.1801179848e+01\n  154    0 1.0000000000 -1.1151539361e+01 -1.1666802497e+01\n  155    0 1.0000000000 -1.1044447466e+01 -1.1533175011e+01\n  156    0 1.0000000000 -1.0936752184e+01 -1.1400431940e+01\n  157    0 1.0000000000 -1.0828506353e+01 -1.1268706946e+01\n  158    0 1.0000000000 -1.0719762374e+01 -1.1138132664e+01\n  159    0 1.0000000000 -1.0610572163e+01 -1.1008840573e+01\n  160    0 1.0000000000 -1.0500987109e+01 -1.0880960857e+01\n  161    0 1.0000000000 -1.0391058033e+01 -1.0754622281e+01\n  162    0 1.0000000000 -1.0280835147e+01 -1.0629952057e+01\n  163    0 1.0000000000 -1.0170368015e+01 -1.0507075718e+01\n  164    0 1.0000000000 -1.0059705519e+01 -1.0386116989e+01\n  165    0 1.0000000000 -9.9488958219e+00 -1.0267197666e+01\n  166    0 1.0000000000 -9.8379863394e+00 -1.0150437491e+01\n  167    0 1.0000000000 -9.7270237063e+00 -1.0035954030e+01\n  168    0 1.0000000000 -9.6160537522e+00 -9.9238625604e+00\n  169    0 1.0000000000 -9.5051214771e+00 -9.8142759472e+00\n  170    0 1.0000000000 -9.3942710309e+00 -9.7073045352e+00\n  171    0 1.0000000000 -9.2835456964e+00 -9.6030560356e+00\n  172    0 1.0000000000 -9.1729878774e+00 -9.5016354178e+00\n  173    0 1.0000000000 -9.0626390915e+00 -9.4031448037e+00\n  174    0 1.0000000000 -8.9525399685e+00 -9.3076833652e+00\n  175    0 1.0000000000 -8.8427302571e+00 -9.2153472237e+00\n  176    0 1.0000000000 -8.7332488404e+00 -9.1262293538e+00\n  177    0 1.0000000000 -8.6241337625e+00 -9.0404194899e+00\n  178    0 1.0000000000 -8.5154222708e+00 -8.9580040350e+00\n  179    0 1.0000000000 -8.4071508780e+00 -8.8790659746e+00\n  180    0 1.0000000000 -8.2993554500e+00 -8.8036847927e+00\n  181    0 1.0000000000 -8.1920713313e+00 -8.7319363916e+00\n  182    0 1.0000000000 -8.0853335220e+00 -8.6638930159e+00\n  183    0 1.0000000000 -7.9791769297e+00 -8.5996231797e+00\n  184    0 1.0000000000 -7.8736367323e+00 -8.5391915970e+00\n  185    0 1.0000000000 -7.7687489095e+00 -8.4826591174e+00\n  186    0 1.0000000000 -7.6645510390e+00 -8.4300826644e+00\n  187    0 1.0000000000 -7.5610835216e+00 -8.3815151780e+00\n  188    0 1.0000000000 -7.4583915269e+00 -8.3370055614e+00\n  189    0 1.0000000000 -7.3565282047e+00 -8.2965986321e+00\n  190    0 1.0000000000 -7.2555602332e+00 -8.2603350765e+00\n  191    0 1.0000000000 -7.1555779453e+00 -8.2282514089e+00\n  192    0 1.0000000000 -7.0567151019e+00 -8.2003799348e+00\n  193    0 1.0000000000 -6.9591909003e+00 -8.1767487184e+00\n  194    0 1.0000000000 -6.8634094060e+00 -8.1573815544e+00\n  195    0 1.0000000000 -6.7702309027e+00 -8.1422979439e+00\n  196    0 1.0000000000 -6.6818673818e+00 -8.1315130747e+00\n  197    0 1.0000000000 -6.6055909504e+00 -8.1250378064e+00\n  198    0 1.0000000000 -6.5680569568e+00 -8.1228786589e+00\n  199    0 1.0000000000 -6.6403196596e+00 -8.1271985521e+00\n  200    0 1.0000000000 -6.7985550583e+00 -8.1401730497e+00\n  201    0 1.0000000000 -6.9830836983e+00 -8.1618465134e+00\n  202    0 1.0000000000 -7.1791044408e+00 -8.1922925731e+00\n  203    0 1.0000000000 -7.3833110956e+00 -8.2316136680e+00\n  204    0 1.0000000000 -7.5947583254e+00 -8.2799404075e+00\n  205    0 1.0000000000 -7.8131737559e+00 -8.3374307548e+00\n  206    0 1.0000000000 -8.0385323573e+00 -8.4042690355e+00\n  207    0 1.0000000000 -8.2709177802e+00 -8.4806647766e+00\n  208    0 1.0000000000 -8.5104681547e+00 -8.5668513810e+00\n  209    0 1.0000000000 -8.7573518113e+00 -8.6630846430e+00\n  210    0 1.0000000000 -9.0117551386e+00 -8.7696411111e+00\n  211    0 1.0000000000 -9.2738758904e+00 -8.8868163060e+00\n  212    0 1.0000000000 -9.5439191358e+00 -9.0149228007e+00\n  213    0 1.0000000000 -9.8220945646e+00 -9.1542881726e+00\n  214    0 1.0000000000 -1.0108614516e+01 -9.3052528347e+00\n  215    0 1.0000000000 -1.0403692398e+01 -9.4681677572e+00\n  216    0 1.0000000000 -1.0707541321e+01 -9.6433920891e+00\n  217    0 1.0000000000 -1.1020372832e+01 -9.8312906892e+00\n  218    0 1.0000000000 -1.1342395701e+01 -1.0032231580e+01\n  219    0 1.0000000000 -1.1673814710e+01 -1.0246583333e+01\n  220    0 1.0000000000 -1.2014829431e+01 -1.0474712397e+01\n  221    0 1.0000000000 -1.2365632978e+01 -1.0716980389e+01\n  222    0 1.0000000000 -1.2726410719e+01 -1.0973741345e+01\n  223    0 1.0000000000 -1.3097338953e+01 -1.1245338955e+01\n  224    0 1.0000000000 -1.3478583546e+01 -1.1532103796e+01\n  225    0 1.0000000000 -1.3870298535e+01 -1.1834350564e+01\n  226    0 1.0000000000 -1.4272624684e+01 -1.2152375328e+01\n  227    0 1.0000000000 -1.4685688029e+01 -1.2486452815e+01\n  228    0 1.0000000000 -1.5109598383e+01 -1.2836833735e+01\n  229    0 1.0000000000 -1.5544447836e+01 -1.3203742168e+01\n  230    0 1.0000000000 -1.5990309239e+01 -1.3587373012e+01\n  231    0 1.0000000000 -1.6447234692e+01 -1.3987889520e+01\n  232    0 1.0000000000 -1.6915254038e+01 -1.4405420915e+01\n  233    0 1.0000000000 -1.7394373381e+01 -1.4840060121e+01\n  234    0 1.0000000000 -1.7884573626e+01 -1.5291861603e+01\n  235    0 1.0000000000 -1.8385809066e+01 -1.5760839326e+01\n  236    0 1.0000000000 -1.8898006014e+01 -1.6246964857e+01\n  237    0 1.0000000000 -1.9421061494e+01 -1.6750165606e+01\n  238    0 1.0000000000 -1.9954842014e+01 -1.7270323217e+01\n  239    0 1.0000000000 -2.0499182406e+01 -1.7807272128e+01\n  240    0 1.0000000000 -2.1053884770e+01 -1.8360798294e+01\n  241    0 1.0000000000 -2.1618717511e+01 -1.8930638086e+01\n  242    0 1.0000000000 -2.2193414496e+01 -1.9516477375e+01\n  243    0 1.0000000000 -2.2777674322e+01 -2.0117950802e+01\n  244    0 1.0000000000 -2.3371159711e+01 -2.0734641243e+01\n  245    0 1.0000000000 -2.3973497051e+01 -2.1366079468e+01\n  246    0 1.0000000000 -2.4584276065e+01 -2.2011744004e+01\n  247    0 1.0000000000 -2.5203049634e+01 -2.2671061200e+01\n  248    0 1.0000000000 -2.5829333769e+01 -2.3343405496e+01\n  249    0 1.0000000000 -2.6462607738e+01 -2.4028099897e+01\n  250    0 1.0000000000 -2.7102314355e+01 -2.4724416659e+01\n  251    0 1.0000000000 -2.7747860422e+01 -2.5431578172e+01\n  252    0 1.0000000000 -2.8398617341e+01 -2.6148758051e+01\n  253    0 1.0000000000 -2.9053921876e+01 -2.6875082433e+01\n  254    0 1.0000000000 -2.9713077087e+01 -2.7609631461e+01\n  255    0 1.0000000000 -3.0375353415e+01 -2.8351440975e+01\n  256    0 1.0000000000 -3.1039989924e+01 -2.9099504384e+01\n  257    0 1.0000000000 -3.1706195697e+01 -2.9852774728e+01\n  258    0 1.0000000000 -3.2373151379e+01 -3.0610166910e+01\n  259    0 1.0000000000 -3.3040010862e+01 -3.1370560109e+01\n  260    0 1.0000000000 -3.3705903112e+01 -3.2132800346e+01\n  261    0 1.0000000000 -3.4369934118e+01 -3.2895703214e+01\n  262    0 1.0000000000 -3.5031188974e+01 -3.3658056747e+01\n  263    0 1.0000000000 -3.5688734072e+01 -3.4418624428e+01\n  264    0 1.0000000000 -3.6341619400e+01 -3.5176148321e+01\n  265    0 1.0000000000 -3.6988880950e+01 -3.5929352321e+01\n  266    0 1.0000000000 -3.7629543199e+01 -3.6676945504e+01\n  267    0 1.0000000000 -3.8262621691e+01 -3.7417625574e+01\n  268    0 1.0000000000 -3.8887125667e+01 -3.8150082382e+01\n  269    0 1.0000000000 -3.9502060777e+01 -3.8873001524e+01\n  270    0 1.0000000000 -4.0106431824e+01 -3.9585067983e+01\n  271    0 1.0000000000 -4.0699245559e+01 -4.0284969818e+01\n  272    0 1.0000000000 -4.1279513499e+01 -4.0971401881e+01\n  273    0 1.0000000000 -4.1846254767e+01 -4.1643069550e+01\n  274    0 1.0000000000 -4.2398498931e+01 -4.2298692459e+01\n  275    0 1.0000000000 -4.2935288844e+01 -4.2937008225e+01\n  276    0 1.0000000000 -4.3455683475e+01 -4.3556776138e+01\n  277    0 1.0000000000 -4.3958760697e+01 -4.4156780823e+01\n  278    0 1.0000000000 -4.4443620055e+01 -4.4735835841e+01\n  279    0 1.0000000000 -4.4909385480e+01 -4.5292787231e+01\n  280    0 1.0000000000 -4.5355207939e+01 -4.5826516971e+01\n  281    0 1.0000000000 -4.5780268029e+01 -4.6335946344e+01\n  282    0 1.0000000000 -4.6183778486e+01 -4.6820039208e+01\n  283    0 1.0000000000 -4.6564986603e+01 -4.7277805144e+01\n  284    0 1.0000000000 -4.6923176562e+01 -4.7708302478e+01\n  285    0 1.0000000000 -4.7257671649e+01 -4.8110641166e+01\n  286    0 1.0000000000 -4.7567836363e+01 -4.8483985529e+01\n  287    0 1.0000000000 -4.7853078397e+01 -4.8827556825e+01\n  288    0 1.0000000000 -4.8112850496e+01 -4.9140635662e+01\n  289    0 1.0000000000 -4.8346652172e+01 -4.9422564218e+01\n  290    0 1.0000000000 -4.8554031276e+01 -4.9672748289e+01\n  291    0 1.0000000000 -4.8734585429e+01 -4.9890659131e+01\n  292    0 1.0000000000 -4.8887963287e+01 -5.0075835115e+01\n  293    0 1.0000000000 -4.9013865654e+01 -5.0227883160e+01\n  294    0 1.0000000000 -4.9112046427e+01 -5.0346479963e+01\n  295    0 1.0000000000 -4.9182313381e+01 -5.0431373012e+01\n  296    0 1.0000000000 -4.9224528773e+01 -5.0482381374e+01\n  297    0 1.0000000000 -4.9238609782e+01 -5.0499396261e+01\n