SINGLE-ORBITAL NN+NNN EFFECTIVE MODEL FIT

m=5
eon=0.0
t0=1.0
l_decay=1.5
dl=0.1
pairing=./m=5/pairing.txt
microscopic_orbitals=52

E_eff(k) = eps0 + 2*t1[cos(k.u1)+cos(k.u2)] + 4*t2*cos(k.u1)*cos(k.u2)

eps0     = -2.80832626375053e+01
t1       = -5.00384611256834e+00
t2       = -1.22627459199404e+00

RMSE=1.71123540087244e+00
MAE=1.47061954347904e+00
max_abs_error=3.43074449386314e+00
optimizer_success=True
optimizer_message=Linear least-squares solution
minimum_tracking_continuity=1.0000000000
mean_tracking_continuity=1.0000000000

# k_index idx continuity target fit\n    0    0 1.0000000000 -5.1402282103e+01 -5.3003745456e+01\n    1    0 1.0000000000 -5.1396676467e+01 -5.2996237498e+01\n    2    0 1.0000000000 -5.1379863819e+01 -5.2973721184e+01\n    3    0 1.0000000000 -5.1351856930e+01 -5.2936219185e+01\n    4    0 1.0000000000 -5.1312677067e+01 -5.2883769264e+01\n    5    0 1.0000000000 -5.1262353970e+01 -5.2816424233e+01\n    6    0 1.0000000000 -5.1200925820e+01 -5.2734251902e+01\n    7    0 1.0000000000 -5.1128439186e+01 -5.2637335013e+01\n    8    0 1.0000000000 -5.1044948980e+01 -5.2525771151e+01\n    9    0 1.0000000000 -5.0950518387e+01 -5.2399672654e+01\n   10    0 1.0000000000 -5.0845218793e+01 -5.2259166490e+01\n   11    0 1.0000000000 -5.0729129702e+01 -5.2104394138e+01\n   12    0 1.0000000000 -5.0602338644e+01 -5.1935511441e+01\n   13    0 1.0000000000 -5.0464941070e+01 -5.1752688449e+01\n   14    0 1.0000000000 -5.0317040244e+01 -5.1556109249e+01\n   15    0 1.0000000000 -5.0158747120e+01 -5.1345971780e+01\n   16    0 1.0000000000 -4.9990180214e+01 -5.1122487633e+01\n   17    0 1.0000000000 -4.9811465465e+01 -5.0885881837e+01\n   18    0 1.0000000000 -4.9622736089e+01 -5.0636392633e+01\n   19    0 1.0000000000 -4.9424132422e+01 -5.0374271238e+01\n   20    0 1.0000000000 -4.9215801756e+01 -5.0099781584e+01\n   21    0 1.0000000000 -4.8997898172e+01 -4.9813200060e+01\n   22    0 1.0000000000 -4.8770582354e+01 -4.9514815228e+01\n   23    0 1.0000000000 -4.8534021404e+01 -4.9204927537e+01\n   24    0 1.0000000000 -4.8288388651e+01 -4.8883849018e+01\n   25    0 1.0000000000 -4.8033863443e+01 -4.8551902969e+01\n   26    0 1.0000000000 -4.7770630943e+01 -4.8209423633e+01\n   27    0 1.0000000000 -4.7498881909e+01 -4.7856755856e+01\n   28    0 1.0000000000 -4.7218812479e+01 -4.7494254745e+01\n   29    0 1.0000000000 -4.6930623935e+01 -4.7122285308e+01\n   30    0 1.0000000000 -4.6634522475e+01 -4.6741222087e+01\n   31    0 1.0000000000 -4.6330718973e+01 -4.6351448780e+01\n   32    0 1.0000000000 -4.6019428730e+01 -4.5953357856e+01\n   33    0 1.0000000000 -4.5700871233e+01 -4.5547350159e+01\n   34    0 1.0000000000 -4.5375269892e+01 -4.5133834504e+01\n   35    0 1.0000000000 -4.5042851790e+01 -4.4713227266e+01\n   36    0 1.0000000000 -4.4703847416e+01 -4.4285951961e+01\n   37    0 1.0000000000 -4.4358490402e+01 -4.3852438819e+01\n   38    0 1.0000000000 -4.4007017256e+01 -4.3413124351e+01\n   39    0 1.0000000000 -4.3649667086e+01 -4.2968450909e+01\n   40    0 1.0000000000 -4.3286681333e+01 -4.2518866243e+01\n   41    0 1.0000000000 -4.2918303494e+01 -4.2064823045e+01\n   42    0 1.0000000000 -4.2544778841e+01 -4.1606778498e+01\n   43    0 1.0000000000 -4.2166354151e+01 -4.1145193816e+01\n   44    0 1.0000000000 -4.1783277421e+01 -4.0680533773e+01\n   45    0 1.0000000000 -4.1395797592e+01 -4.0213266244e+01\n   46    0 1.0000000000 -4.1004164274e+01 -3.9743861727e+01\n   47    0 1.0000000000 -4.0608627461e+01 -3.9272792874e+01\n   48    0 1.0000000000 -4.0209437263e+01 -3.8800534009e+01\n   49    0 1.0000000000 -3.9806843626e+01 -3.8327560659e+01\n   50    0 1.0000000000 -3.9401096059e+01 -3.7854349066e+01\n   51    0 1.0000000000 -3.8992443368e+01 -3.7381375716e+01\n   52    0 1.0000000000 -3.8581133386e+01 -3.6909116852e+01\n   53    0 1.0000000000 -3.8167412709e+01 -3.6438047998e+01\n   54    0 1.0000000000 -3.7751526439e+01 -3.5968643481e+01\n   55    0 1.0000000000 -3.7333717928e+01 -3.5501375952e+01\n   56    0 1.0000000000 -3.6914228527e+01 -3.5036715910e+01\n   57    0 1.0000000000 -3.6493297347e+01 -3.4575131227e+01\n   58    0 1.0000000000 -3.6071161013e+01 -3.4117086681e+01\n   59    0 1.0000000000 -3.5648053442e+01 -3.3663043483e+01\n   60    0 1.0000000000 -3.5224205612e+01 -3.3213458816e+01\n   61    0 1.0000000000 -3.4799845351e+01 -3.2768785374e+01\n   62    0 1.0000000000 -3.4375197131e+01 -3.2329470907e+01\n   63    0 1.0000000000 -3.3950481867e+01 -3.1895957765e+01\n   64    0 1.0000000000 -3.3525916733e+01 -3.1468682459e+01\n   65    0 1.0000000000 -3.3101714983e+01 -3.1048075221e+01\n   66    0 1.0000000000 -3.2678085793e+01 -3.0634559566e+01\n   67    0 1.0000000000 -3.2255234107e+01 -3.0228551869e+01\n   68    0 1.0000000000 -3.1833360499e+01 -2.9830460945e+01\n   69    0 1.0000000000 -3.1412661060e+01 -2.9440687638e+01\n   70    0 1.0000000000 -3.0993327291e+01 -2.9059624417e+01\n   71    0 1.0000000000 -3.0575546025e+01 -2.8687654980e+01\n   72    0 1.0000000000 -3.0159499370e+01 -2.8325153870e+01\n   73    0 1.0000000000 -2.9745364678e+01 -2.7972486093e+01\n   74    0 1.0000000000 -2.9333314547e+01 -2.7630006756e+01\n   75    0 1.0000000000 -2.8923516865e+01 -2.7298060707e+01\n   76    0 1.0000000000 -2.8516134892e+01 -2.6976982188e+01\n   77    0 1.0000000000 -2.8111327414e+01 -2.6667094497e+01\n   78    0 1.0000000000 -2.7709248959e+01 -2.6368709666e+01\n   79    0 1.0000000000 -2.7310050118e+01 -2.6082128141e+01\n   80    0 1.0000000000 -2.6913877990e+01 -2.5807638487e+01\n   81    0 1.0000000000 -2.6520876800e+01 -2.5545517092e+01\n   82    0 1.0000000000 -2.6131188761e+01 -2.5296027889e+01\n   83    0 1.0000000000 -2.5744955261e+01 -2.5059422092e+01\n   84    0 1.0000000000 -2.5362318547e+01 -2.4835937945e+01\n   85    0 1.0000000000 -2.4983424118e+01 -2.4625800476e+01\n   86    0 1.0000000000 -2.4608424213e+01 -2.4429221276e+01\n   87    0 1.0000000000 -2.4237482994e+01 -2.4246398284e+01\n   88    0 1.0000000000 -2.3870784471e+01 -2.4077515587e+01\n   89    0 1.0000000000 -2.3508545012e+01 -2.3922743235e+01\n   90    0 1.0000000000 -2.3151033809e+01 -2.3782237072e+01\n   91    0 1.0000000000 -2.2798607903e+01 -2.3656138574e+01\n   92    0 1.0000000000 -2.2451775252e+01 -2.3544574713e+01\n   93    0 1.0000000000 -2.2111315625e+01 -2.3447657823e+01\n   94    0 1.0000000000 -2.1778530437e+01 -2.3365485492e+01\n   95    0 1.0000000000 -2.1455808944e+01 -2.3298140461e+01\n   96    0 1.0000000000 -2.1148062243e+01 -2.3245690540e+01\n   97    0 1.0000000000 -2.0866823033e+01 -2.3208188542e+01\n   98    0 1.0000000000 -2.0642621609e+01 -2.3185672228e+01\n   99    0 1.0000000000 -2.0547642375e+01 -2.3178164270e+01\n  100    0 1.0000000000 -2.0546118125e+01 -2.3175595330e+01\n  101    0 1.0000000000 -2.0541560915e+01 -2.3167891097e+01\n  102    0 1.0000000000 -2.0533973371e+01 -2.3155059329e+01\n  103    0 1.0000000000 -2.0523359865e+01 -2.3137112947e+01\n  104    0 1.0000000000 -2.0509726516e+01 -2.3114070020e+01\n  105    0 1.0000000000 -2.0493081177e+01 -2.3085953751e+01\n  106    0 1.0000000000 -2.0473433432e+01 -2.3052792451e+01\n  107    0 1.0000000000 -2.0450794582e+01 -2.3014619510e+01\n  108    0 1.0000000000 -2.0425177638e+01 -2.2971473366e+01\n  109    0 1.0000000000 -2.0396597302e+01 -2.2923397462e+01\n  110    0 1.0000000000 -2.0365069956e+01 -2.2870440207e+01\n  111    0 1.0000000000 -2.0330613644e+01 -2.2812654925e+01\n  112    0 1.0000000000 -2.0293248051e+01 -2.2750099800e+01\n  113    0 1.0000000000 -2.0252994486e+01 -2.2682837820e+01\n  114    0 1.0000000000 -2.0209875857e+01 -2.2610936713e+01\n  115    0 1.0000000000 -2.0163916651e+01 -2.2534468876e+01\n  116    0 1.0000000000 -2.0115142904e+01 -2.2453511306e+01\n  117    0 1.0000000000 -2.0063582180e+01 -2.2368145521e+01\n  118    0 1.0000000000 -2.0009263535e+01 -2.2278457477e+01\n  119    0 1.0000000000 -1.9952217497e+01 -2.2184537482e+01\n  120    0 1.0000000000 -1.9892476025e+01 -2.2086480105e+01\n  121    0 1.0000000000 -1.9830072483e+01 -2.1984384082e+01\n  122    0 1.0000000000 -1.9765041604e+01 -2.1878352215e+01\n  123    0 1.0000000000 -1.9697419454e+01 -2.1768491269e+01\n  124    0 1.0000000000 -1.9627243395e+01 -2.1654911865e+01\n  125    0 1.0000000000 -1.9554552051e+01 -2.1537728368e+01\n  126    0 1.0000000000 -1.9479385262e+01 -2.1417058771e+01\n  127    0 1.0000000000 -1.9401784053e+01 -2.1293024578e+01\n  128    0 1.0000000000 -1.9321790584e+01 -2.1165750682e+01\n  129    0 1.0000000000 -1.9239448114e+01 -2.1035365236e+01\n  130    0 1.0000000000 -1.9154800957e+01 -2.0901999528e+01\n  131    0 1.0000000000 -1.9067894434e+01 -2.0765787845e+01\n  132    0 1.0000000000 -1.8978774833e+01 -2.0626867341e+01\n  133    0 1.0000000000 -1.8887489362e+01 -2.0485377897e+01\n  134    0 1.0000000000 -1.8794086101e+01 -2.0341461982e+01\n  135    0 1.0000000000 -1.8698613957e+01 -2.0195264506e+01\n  136    0 1.0000000000 -1.8601122617e+01 -2.0046932677e+01\n  137    0 1.0000000000 -1.8501662498e+01 -1.9896615854e+01\n  138    0 1.0000000000 -1.8400284701e+01 -1.9744465393e+01\n  139    0 1.0000000000 -1.8297040958e+01 -1.9590634496e+01\n  140    0 1.0000000000 -1.8191983588e+01 -1.9435278057e+01\n  141    0 1.0000000000 -1.8085165447e+01 -1.9278552508e+01\n  142    0 1.0000000000 -1.7976639872e+01 -1.9120615659e+01\n  143    0 1.0000000000 -1.7866460641e+01 -1.8961626537e+01\n  144    0 1.0000000000 -1.7754681917e+01 -1.8801745232e+01\n  145    0 1.0000000000 -1.7641358197e+01 -1.8641132730e+01\n  146    0 1.0000000000 -1.7526544270e+01 -1.8479950755e+01\n  147    0 1.0000000000 -1.7410295160e+01 -1.8318361604e+01\n  148    0 1.0000000000 -1.7292666081e+01 -1.8156527982e+01\n  149    0 1.0000000000 -1.7173712386e+01 -1.7994612843e+01\n  150    0 1.0000000000 -1.7053489519e+01 -1.7832779221e+01\n  151    0 1.0000000000 -1.6932052970e+01 -1.7671190069e+01\n  152    0 1.0000000000 -1.6809458222e+01 -1.7510008094e+01\n  153    0 1.0000000000 -1.6685760709e+01 -1.7349395593e+01\n  154    0 1.0000000000 -1.6561015765e+01 -1.7189514288e+01\n  155    0 1.0000000000 -1.6435278583e+01 -1.7030525166e+01\n  156    0 1.0000000000 -1.6308604168e+01 -1.6872588316e+01\n  157    0 1.0000000000 -1.6181047293e+01 -1.6715862768e+01\n  158    0 1.0000000000 -1.6052662455e+01 -1.6560506329e+01\n  159    0 1.0000000000 -1.5923503835e+01 -1.6406675432e+01\n  160    0 1.0000000000 -1.5793625257e+01 -1.6254524970e+01\n  161    0 1.0000000000 -1.5663080145e+01 -1.6104208147e+01\n  162    0 1.0000000000 -1.5531921487e+01 -1.5955876319e+01\n  163    0 1.0000000000 -1.5400201799e+01 -1.5809678843e+01\n  164    0 1.0000000000 -1.5267973084e+01 -1.5665762927e+01\n  165    0 1.0000000000 -1.5135286802e+01 -1.5524273484e+01\n  166    0 1.0000000000 -1.5002193837e+01 -1.5385352980e+01\n  167    0 1.0000000000 -1.4868744462e+01 -1.5249141297e+01\n  168    0 1.0000000000 -1.4734988314e+01 -1.5115775589e+01\n  169    0 1.0000000000 -1.4600974364e+01 -1.4985390143e+01\n  170    0 1.0000000000 -1.4466750892e+01 -1.4858116247e+01\n  171    0 1.0000000000 -1.4332365466e+01 -1.4734082054e+01\n  172    0 1.0000000000 -1.4197864921e+01 -1.4613412457e+01\n  173    0 1.0000000000 -1.4063295342e+01 -1.4496228959e+01\n  174    0 1.0000000000 -1.3928702054e+01 -1.4382649555e+01\n  175    0 1.0000000000 -1.3794129611e+01 -1.4272788609e+01\n  176    0 1.0000000000 -1.3659621794e+01 -1.4166756743e+01\n  177    0 1.0000000000 -1.3525221616e+01 -1.4064660720e+01\n  178    0 1.0000000000 -1.3390971336e+01 -1.3966603343e+01\n  179    0 1.0000000000 -1.3256912482e+01 -1.3872683348e+01\n  180    0 1.0000000000 -1.3123085893e+01 -1.3782995303e+01\n  181    0 1.0000000000 -1.2989531779e+01 -1.3697629518e+01\n  182    0 1.0000000000 -1.2856289812e+01 -1.3616671949e+01\n  183    0 1.0000000000 -1.2723399264e+01 -1.3540204112e+01\n  184    0 1.0000000000 -1.2590899203e+01 -1.3468303005e+01\n  185    0 1.0000000000 -1.2458828784e+01 -1.3401041025e+01\n  186    0 1.0000000000 -1.2327227707e+01 -1.3338485900e+01\n  187    0 1.0000000000 -1.2196136905e+01 -1.3280700618e+01\n  188    0 1.0000000000 -1.2065599661e+01 -1.3227743363e+01\n  189    0 1.0000000000 -1.1935663470e+01 -1.3179667459e+01\n  190    0 1.0000000000 -1.1806383275e+01 -1.3136521315e+01\n  191    0 1.0000000000 -1.1677827448e+01 -1.3098348374e+01\n  192    0 1.0000000000 -1.1550089651e+01 -1.3065187074e+01\n  193    0 1.0000000000 -1.1423314567e+01 -1.3037070805e+01\n  194    0 1.0000000000 -1.1297760863e+01 -1.3014027878e+01\n  195    0 1.0000000000 -1.1173982845e+01 -1.2996081495e+01\n  196    0 1.0000000000 -1.1053499128e+01 -1.2983249727e+01\n  197    0 1.0000000000 -1.0942409744e+01 -1.2975545495e+01\n  198    0 1.0000000000 -1.0880183558e+01 -1.2972976555e+01\n  199    0 1.0000000000 -1.1008967713e+01 -1.2978115678e+01\n  200    0 1.0000000000 -1.1238972035e+01 -1.2993542782e+01\n  201    0 1.0000000000 -1.1488546716e+01 -1.3019287007e+01\n  202    0 1.0000000000 -1.1747618395e+01 -1.3055396683e+01\n  203    0 1.0000000000 -1.2014175901e+01 -1.3101938988e+01\n  204    0 1.0000000000 -1.2287645274e+01 -1.3158999460e+01\n  205    0 1.0000000000 -1.2567858231e+01 -1.3226681377e+01\n  206    0 1.0000000000 -1.2854795426e+01 -1.3305105012e+01\n  207    0 1.0000000000 -1.3148501837e+01 -1.3394406743e+01\n  208    0 1.0000000000 -1.3449053128e+01 -1.3494738058e+01\n  209    0 1.0000000000 -1.3756540290e+01 -1.3606264425e+01\n  210    0 1.0000000000 -1.4071061794e+01 -1.3729164055e+01\n  211    0 1.0000000000 -1.4392719157e+01 -1.3863626551e+01\n  212    0 1.0000000000 -1.4721614188e+01 -1.4009851456e+01\n  213    0 1.0000000000 -1.5057847107e+01 -1.4168046704e+01\n  214    0 1.0000000000 -1.5401515145e+01 -1.4338426978e+01\n  215    0 1.0000000000 -1.5752711415e+01 -1.4521211993e+01\n  216    0 1.0000000000 -1.6111523931e+01 -1.4716624693e+01\n  217    0 1.0000000000 -1.6478034726e+01 -1.4924889393e+01\n  218    0 1.0000000000 -1.6852319014e+01 -1.5146229855e+01\n  219    0 1.0000000000 -1.7234444387e+01 -1.5380867317e+01\n  220    0 1.0000000000 -1.7624470017e+01 -1.5629018483e+01\n  221    0 1.0000000000 -1.8022445881e+01 -1.5890893481e+01\n  222    0 1.0000000000 -1.8428411970e+01 -1.6166693798e+01\n  223    0 1.0000000000 -1.8842397516e+01 -1.6456610205e+01\n  224    0 1.0000000000 -1.9264420207e+01 -1.6760820679e+01\n  225    0 1.0000000000 -1.9694485412e+01 -1.7079488330e+01\n  226    0 1.0000000000 -2.0132585404e+01 -1.7412759347e+01\n  227    0 1.0000000000 -2.0578698592e+01 -1.7760760972e+01\n  228    0 1.0000000000 -2.1032788763e+01 -1.8123599507e+01\n  229    0 1.0000000000 -2.1494804330e+01 -1.8501358366e+01\n  230    0 1.0000000000 -2.1964677603e+01 -1.8894096187e+01\n  231    0 1.0000000000 -2.2442324076e+01 -1.9301845004e+01\n  232    0 1.0000000000 -2.2927641737e+01 -1.9724608495e+01\n  233    0 1.0000000000 -2.3420510411e+01 -2.0162360305e+01\n  234    0 1.0000000000 -2.3920791127e+01 -2.0615042471e+01\n  235    0 1.0000000000 -2.4428325528e+01 -2.1082563937e+01\n  236    0 1.0000000000 -2.4942935321e+01 -2.1564799173e+01\n  237    0 1.0000000000 -2.5464421774e+01 -2.2061586918e+01\n  238    0 1.0000000000 -2.5992565253e+01 -2.2572729031e+01\n  239    0 1.0000000000 -2.6527124830e+01 -2.3097989475e+01\n  240    0 1.0000000000 -2.7067837929e+01 -2.3637093435e+01\n  241    0 1.0000000000 -2.7614420053e+01 -2.4189726572e+01\n  242    0 1.0000000000 -2.8166564561e+01 -2.4755534416e+01\n  243    0 1.0000000000 -2.8723942522e+01 -2.5334121911e+01\n  244    0 1.0000000000 -2.9286202642e+01 -2.5925053111e+01\n  245    0 1.0000000000 -2.9852971258e+01 -2.6527851027e+01\n  246    0 1.0000000000 -3.0423852419e+01 -2.7141997632e+01\n  247    0 1.0000000000 -3.0998428041e+01 -2.7766934026e+01\n  248    0 1.0000000000 -3.1576258144e+01 -2.8402060758e+01\n  249    0 1.0000000000 -3.2156881175e+01 -2.9046738308e+01\n  250    0 1.0000000000 -3.2739814411e+01 -2.9700287735e+01\n  251    0 1.0000000000 -3.3324554451e+01 -3.0361991476e+01\n  252    0 1.0000000000 -3.3910577789e+01 -3.1031094313e+01\n  253    0 1.0000000000 -3.4497341479e+01 -3.1706804486e+01\n  254    0 1.0000000000 -3.5084283873e+01 -3.2388294971e+01\n  255    0 1.0000000000 -3.5670825453e+01 -3.3074704899e+01\n  256    0 1.0000000000 -3.6256369741e+01 -3.3765141128e+01\n  257    0 1.0000000000 -3.6840304289e+01 -3.4458679957e+01\n  258    0 1.0000000000 -3.7422001746e+01 -3.5154368973e+01\n  259    0 1.0000000000 -3.8000821004e+01 -3.5851229034e+01\n  260    0 1.0000000000 -3.8576108413e+01 -3.6548256379e+01\n  261    0 1.0000000000 -3.9147199065e+01 -3.7244424854e+01\n  262    0 1.0000000000 -3.9713418146e+01 -3.7938688250e+01\n  263    0 1.0000000000 -4.0274082348e+01 -3.8629982747e+01\n  264    0 1.0000000000 -4.0828501337e+01 -3.9317229455e+01\n  265    0 1.0000000000 -4.1375979271e+01 -3.9999337039e+01\n  266    0 1.0000000000 -4.1915816373e+01 -4.0675204432e+01\n  267    0 1.0000000000 -4.2447310537e+01 -4.1343723603e+01\n  268    0 1.0000000000 -4.2969758975e+01 -4.2003782402e+01\n  269    0 1.0000000000 -4.3482459896e+01 -4.2654267443e+01\n  270    0 1.0000000000 -4.3984714209e+01 -4.3294067032e+01\n  271    0 1.0000000000 -4.4475827242e+01 -4.3922074130e+01\n  272    0 1.0000000000 -4.4955110478e+01 -4.4537189324e+01\n  273    0 1.0000000000 -4.5421883301e+01 -4.5138323823e+01\n  274    0 1.0000000000 -4.5875474732e+01 -4.5724402436e+01\n  275    0 1.0000000000 -4.6315225171e+01 -4.6294366553e+01\n  276    0 1.0000000000 -4.6740488124e+01 -4.6847177096e+01\n  277    0 1.0000000000 -4.7150631902e+01 -4.7381817437e+01\n  278    0 1.0000000000 -4.7545041315e+01 -4.7897296273e+01\n  279    0 1.0000000000 -4.7923119316e+01 -4.8392650452e+01\n  280    0 1.0000000000 -4.8284288622e+01 -4.8866947728e+01\n  281    0 1.0000000000 -4.8627993284e+01 -4.9319289446e+01\n  282    0 1.0000000000 -4.8953700216e+01 -4.9748813140e+01\n  283    0 1.0000000000 -4.9260900662e+01 -5.0154695045e+01\n  284    0 1.0000000000 -4.9549111611e+01 -5.0536152499e+01\n  285    0 1.0000000000 -4.9817877144e+01 -5.0892446237e+01\n  286    0 1.0000000000 -5.0066769710e+01 -5.1222882565e+01\n  287    0 1.0000000000 -5.0295391328e+01 -5.1526815411e+01\n  288    0 1.0000000000 -5.0503374716e+01 -5.1803648231e+01\n  289    0 1.0000000000 -5.0690384325e+01 -5.2052835785e+01\n  290    0 1.0000000000 -5.0856117299e+01 -5.2273885755e+01\n  291    0 1.0000000000 -5.1000304336e+01 -5.2466360217e+01\n  292    0 1.0000000000 -5.1122710456e+01 -5.2629876944e+01\n  293    0 1.0000000000 -5.1223135679e+01 -5.2764110555e+01\n  294    0 1.0000000000 -5.1301415591e+01 -5.2868793486e+01\n  295    0 1.0000000000 -5.1357421825e+01 -5.2943716794e+01\n  296    0 1.0000000000 -5.1391062422e+01 -5.2988730783e+01\n  297    0 1.0000000000 -5.1402282103e+01 -5.3003745456e+01\n