SINGLE-ORBITAL NN+NNN EFFECTIVE MODEL FIT

m=6
eon=0.0
t0=1.0
l_decay=1.5
dl=0.1
pairing=./m=6/pairing.txt
microscopic_orbitals=74

E_eff(k) = eps0 + 2*t1[cos(k.u1)+cos(k.u2)] + 4*t2*cos(k.u1)*cos(k.u2)

eps0     = -3.22965477725594e+01
t1       = -4.53952085982270e+00
t2       = -9.19605552132741e-01

RMSE=1.85161946016159e+00
MAE=1.58371219781307e+00
max_abs_error=3.76122864217375e+00
optimizer_success=True
optimizer_message=Linear least-squares solution
minimum_tracking_continuity=1.0000000000
mean_tracking_continuity=1.0000000000

# k_index idx continuity target fit\n    0    0 1.0000000000 -5.2430436435e+01 -5.4133053420e+01\n    1    0 1.0000000000 -5.2426037550e+01 -5.4126630578e+01\n    2    0 1.0000000000 -5.2412843720e+01 -5.4107368518e+01\n    3    0 1.0000000000 -5.2390863429e+01 -5.4075286636e+01\n    4    0 1.0000000000 -5.2360110804e+01 -5.4030417235e+01\n    5    0 1.0000000000 -5.2320605598e+01 -5.3972805496e+01\n    6    0 1.0000000000 -5.2272373175e+01 -5.3902509428e+01\n    7    0 1.0000000000 -5.2215444477e+01 -5.3819599813e+01\n    8    0 1.0000000000 -5.2149855992e+01 -5.3724160135e+01\n    9    0 1.0000000000 -5.2075649713e+01 -5.3616286492e+01\n   10    0 1.0000000000 -5.1992873094e+01 -5.3496087506e+01\n   11    0 1.0000000000 -5.1901578997e+01 -5.3363684205e+01\n   12    0 1.0000000000 -5.1801825634e+01 -5.3219209910e+01\n   13    0 1.0000000000 -5.1693676505e+01 -5.3062810092e+01\n   14    0 1.0000000000 -5.1577200328e+01 -5.2894642234e+01\n   15    0 1.0000000000 -5.1452470961e+01 -5.2714875667e+01\n   16    0 1.0000000000 -5.1319567329e+01 -5.2523691399e+01\n   17    0 1.0000000000 -5.1178573333e+01 -5.2321281938e+01\n   18    0 1.0000000000 -5.1029577758e+01 -5.2107851092e+01\n   19    0 1.0000000000 -5.0872674180e+01 -5.1883613768e+01\n   20    0 1.0000000000 -5.0707960865e+01 -5.1648795755e+01\n   21    0 1.0000000000 -5.0535540659e+01 -5.1403633494e+01\n   22    0 1.0000000000 -5.0355520881e+01 -5.1148373843e+01\n   23    0 1.0000000000 -5.0168013206e+01 -5.0883273826e+01\n   24    0 1.0000000000 -4.9973133544e+01 -5.0608600377e+01\n   25    0 1.0000000000 -4.9771001915e+01 -5.0324630069e+01\n   26    0 1.0000000000 -4.9561742326e+01 -5.0031648835e+01\n   27    0 1.0000000000 -4.9345482630e+01 -4.9729951683e+01\n   28    0 1.0000000000 -4.9122354396e+01 -4.9419842397e+01\n   29    0 1.0000000000 -4.8892492768e+01 -4.9101633230e+01\n   30    0 1.0000000000 -4.8656036318e+01 -4.8775644592e+01\n   31    0 1.0000000000 -4.8413126904e+01 -4.8442204726e+01\n   32    0 1.0000000000 -4.8163909518e+01 -4.8101649377e+01\n   33    0 1.0000000000 -4.7908532135e+01 -4.7754321456e+01\n   34    0 1.0000000000 -4.7647145557e+01 -4.7400570693e+01\n   35    0 1.0000000000 -4.7379903253e+01 -4.7040753284e+01\n   36    0 1.0000000000 -4.7106961206e+01 -4.6675231536e+01\n   37    0 1.0000000000 -4.6828477745e+01 -4.6304373497e+01\n   38    0 1.0000000000 -4.6544613384e+01 -4.5928552591e+01\n   39    0 1.0000000000 -4.6255530659e+01 -4.5548147236e+01\n   40    0 1.0000000000 -4.5961393958e+01 -4.5163540470e+01\n   41    0 1.0000000000 -4.5662369358e+01 -4.4775119558e+01\n   42    0 1.0000000000 -4.5358624455e+01 -4.4383275608e+01\n   43    0 1.0000000000 -4.5050328194e+01 -4.3988403172e+01\n   44    0 1.0000000000 -4.4737650705e+01 -4.3590899855e+01\n   45    0 1.0000000000 -4.4420763129e+01 -4.3191165908e+01\n   46    0 1.0000000000 -4.4099837452e+01 -4.2789603829e+01\n   47    0 1.0000000000 -4.3775046336e+01 -4.2386617958e+01\n   48    0 1.0000000000 -4.3446562952e+01 -4.1982614067e+01\n   49    0 1.0000000000 -4.3114560813e+01 -4.1577998954e+01\n   50    0 1.0000000000 -4.2779213607e+01 -4.1173180031e+01\n   51    0 1.0000000000 -4.2440695037e+01 -4.0768564917e+01\n   52    0 1.0000000000 -4.2099178653e+01 -4.0364561026e+01\n   53    0 1.0000000000 -4.1754837696e+01 -3.9961575155e+01\n   54    0 1.0000000000 -4.1407844936e+01 -3.9560013076e+01\n   55    0 1.0000000000 -4.1058372520e+01 -3.9160279129e+01\n   56    0 1.0000000000 -4.0706591815e+01 -3.8762775812e+01\n   57    0 1.0000000000 -4.0352673259e+01 -3.8367903377e+01\n   58    0 1.0000000000 -3.9996786214e+01 -3.7976059426e+01\n   59    0 1.0000000000 -3.9639098821e+01 -3.7587638514e+01\n   60    0 1.0000000000 -3.9279777861e+01 -3.7203031748e+01\n   61    0 1.0000000000 -3.8918988616e+01 -3.6822626394e+01\n   62    0 1.0000000000 -3.8556894742e+01 -3.6446805487e+01\n   63    0 1.0000000000 -3.8193658136e+01 -3.6075947449e+01\n   64    0 1.0000000000 -3.7829438816e+01 -3.5710425700e+01\n   65    0 1.0000000000 -3.7464394801e+01 -3.5350608291e+01\n   66    0 1.0000000000 -3.7098682003e+01 -3.4996857528e+01\n   67    0 1.0000000000 -3.6732454115e+01 -3.4649529607e+01\n   68    0 1.0000000000 -3.6365862516e+01 -3.4308974258e+01\n   69    0 1.0000000000 -3.5999056173e+01 -3.3975534392e+01\n   70    0 1.0000000000 -3.5632181560e+01 -3.3649545754e+01\n   71    0 1.0000000000 -3.5265382577e+01 -3.3331336587e+01\n   72    0 1.0000000000 -3.4898800483e+01 -3.3021227301e+01\n   73    0 1.0000000000 -3.4532573838e+01 -3.2719530149e+01\n   74    0 1.0000000000 -3.4166838457e+01 -3.2426548916e+01\n   75    0 1.0000000000 -3.3801727377e+01 -3.2142578607e+01\n   76    0 1.0000000000 -3.3437370844e+01 -3.1867905159e+01\n   77    0 1.0000000000 -3.3073896316e+01 -3.1602805142e+01\n   78    0 1.0000000000 -3.2711428491e+01 -3.1347545490e+01\n   79    0 1.0000000000 -3.2350089373e+01 -3.1102383229e+01\n   80    0 1.0000000000 -3.1989998376e+01 -3.0867565216e+01\n   81    0 1.0000000000 -3.1631272479e+01 -3.0643327893e+01\n   82    0 1.0000000000 -3.1274026471e+01 -3.0429897047e+01\n   83    0 1.0000000000 -3.0918373289e+01 -3.0227487586e+01\n   84    0 1.0000000000 -3.0564424521e+01 -3.0036303318e+01\n   85    0 1.0000000000 -3.0212291137e+01 -2.9856536750e+01\n   86    0 1.0000000000 -2.9862084568e+01 -2.9688368892e+01\n   87    0 1.0000000000 -2.9513918336e+01 -2.9531969075e+01\n   88    0 1.0000000000 -2.9167910574e+01 -2.9387494779e+01\n   89    0 1.0000000000 -2.8824188052e+01 -2.9255091478e+01\n   90    0 1.0000000000 -2.8482892857e+01 -2.9134892492e+01\n   91    0 1.0000000000 -2.8144194005e+01 -2.9027018850e+01\n   92    0 1.0000000000 -2.7808308802e+01 -2.8931579172e+01\n   93    0 1.0000000000 -2.7475544992e+01 -2.8848669557e+01\n   94    0 1.0000000000 -2.7146391654e+01 -2.8778373489e+01\n   95    0 1.0000000000 -2.6821739361e+01 -2.8720761749e+01\n   96    0 1.0000000000 -2.6503504712e+01 -2.8675892348e+01\n   97    0 1.0000000000 -2.6196851448e+01 -2.8643810466e+01\n   98    0 1.0000000000 -2.5921166962e+01 -2.8624548406e+01\n   99    0 1.0000000000 -2.5775859929e+01 -2.8618125564e+01\n  100    0 1.0000000000 -2.5774307726e+01 -2.8615406581e+01\n  101    0 1.0000000000 -2.5769677207e+01 -2.8607252370e+01\n  102    0 1.0000000000 -2.5761970657e+01 -2.8593671141e+01\n  103    0 1.0000000000 -2.5751191886e+01 -2.8574676569e+01\n  104    0 1.0000000000 -2.5737346221e+01 -2.8550287781e+01\n  105    0 1.0000000000 -2.5720440503e+01 -2.8520529334e+01\n  106    0 1.0000000000 -2.5700483083e+01 -2.8485431192e+01\n  107    0 1.0000000000 -2.5677483808e+01 -2.8445028695e+01\n  108    0 1.0000000000 -2.5651454018e+01 -2.8399362527e+01\n  109    0 1.0000000000 -2.5622406532e+01 -2.8348478668e+01\n  110    0 1.0000000000 -2.5590355638e+01 -2.8292428355e+01\n  111    0 1.0000000000 -2.5555317074e+01 -2.8231268025e+01\n  112    0 1.0000000000 -2.5517308024e+01 -2.8165059262e+01\n  113    0 1.0000000000 -2.5476347090e+01 -2.8093868733e+01\n  114    0 1.0000000000 -2.5432454282e+01 -2.8017768119e+01\n  115    0 1.0000000000 -2.5385651000e+01 -2.7936834048e+01\n  116    0 1.0000000000 -2.5335960007e+01 -2.7851148015e+01\n  117    0 1.0000000000 -2.5283405417e+01 -2.7760796296e+01\n  118    0 1.0000000000 -2.5228012664e+01 -2.7665869869e+01\n  119    0 1.0000000000 -2.5169808486e+01 -2.7566464317e+01\n  120    0 1.0000000000 -2.5108820894e+01 -2.7462679733e+01\n  121    0 1.0000000000 -2.5045079151e+01 -2.7354620619e+01\n  122    0 1.0000000000 -2.4978613742e+01 -2.7242395781e+01\n  123    0 1.0000000000 -2.4909456349e+01 -2.7126118220e+01\n  124    0 1.0000000000 -2.4837639819e+01 -2.7005905018e+01\n  125    0 1.0000000000 -2.4763198135e+01 -2.6881877219e+01\n  126    0 1.0000000000 -2.4686166387e+01 -2.6754159710e+01\n  127    0 1.0000000000 -2.4606580737e+01 -2.6622881090e+01\n  128    0 1.0000000000 -2.4524478392e+01 -2.6488173545e+01\n  129    0 1.0000000000 -2.4439897563e+01 -2.6350172716e+01\n  130    0 1.0000000000 -2.4352877435e+01 -2.6209017557e+01\n  131    0 1.0000000000 -2.4263458136e+01 -2.6064850200e+01\n  132    0 1.0000000000 -2.4171680691e+01 -2.5917815808e+01\n  133    0 1.0000000000 -2.4077586998e+01 -2.5768062434e+01\n  134    0 1.0000000000 -2.3981219782e+01 -2.5615740865e+01\n  135    0 1.0000000000 -2.3882622561e+01 -2.5461004477e+01\n  136    0 1.0000000000 -2.3781839610e+01 -2.5304009077e+01\n  137    0 1.0000000000 -2.3678915918e+01 -2.5144912744e+01\n  138    0 1.0000000000 -2.3573897154e+01 -2.4983875677e+01\n  139    0 1.0000000000 -2.3466829627e+01 -2.4821060025e+01\n  140    0 1.0000000000 -2.3357760243e+01 -2.4656629730e+01\n  141    0 1.0000000000 -2.3246736471e+01 -2.4490750360e+01\n  142    0 1.0000000000 -2.3133806298e+01 -2.4323588940e+01\n  143    0 1.0000000000 -2.3019018194e+01 -2.4155313789e+01\n  144    0 1.0000000000 -2.2902421066e+01 -2.3986094345e+01\n  145    0 1.0000000000 -2.2784064226e+01 -2.3816100998e+01\n  146    0 1.0000000000 -2.2663997342e+01 -2.3645504916e+01\n  147    0 1.0000000000 -2.2542270405e+01 -2.3474477876e+01\n  148    0 1.0000000000 -2.2418933685e+01 -2.3303192087e+01\n  149    0 1.0000000000 -2.2294037692e+01 -2.3131820019e+01\n  150    0 1.0000000000 -2.2167633138e+01 -2.2960534230e+01\n  151    0 1.0000000000 -2.2039770896e+01 -2.2789507190e+01\n  152    0 1.0000000000 -2.1910501963e+01 -2.2618911108e+01\n  153    0 1.0000000000 -2.1779877417e+01 -2.2448917761e+01\n  154    0 1.0000000000 -2.1647948384e+01 -2.2279698317e+01\n  155    0 1.0000000000 -2.1514765995e+01 -2.2111423165e+01\n  156    0 1.0000000000 -2.1380381354e+01 -2.1944261746e+01\n  157    0 1.0000000000 -2.1244845496e+01 -2.1778382375e+01\n  158    0 1.0000000000 -2.1108209354e+01 -2.1613952081e+01\n  159    0 1.0000000000 -2.0970523721e+01 -2.1451136429e+01\n  160    0 1.0000000000 -2.0831839217e+01 -2.1290099361e+01\n  161    0 1.0000000000 -2.0692206255e+01 -2.1131003029e+01\n  162    0 1.0000000000 -2.0551675004e+01 -2.0974007628e+01\n  163    0 1.0000000000 -2.0410295361e+01 -2.0819271241e+01\n  164    0 1.0000000000 -2.0268116915e+01 -2.0666949672e+01\n  165    0 1.0000000000 -2.0125188919e+01 -2.0517196297e+01\n  166    0 1.0000000000 -1.9981560257e+01 -2.0370161906e+01\n  167    0 1.0000000000 -1.9837279419e+01 -2.0225994548e+01\n  168    0 1.0000000000 -1.9692394471e+01 -2.0084839390e+01\n  169    0 1.0000000000 -1.9546953026e+01 -1.9946838560e+01\n  170    0 1.0000000000 -1.9401002226e+01 -1.9812131016e+01\n  171    0 1.0000000000 -1.9254588708e+01 -1.9680852396e+01\n  172    0 1.0000000000 -1.9107758591e+01 -1.9553134886e+01\n  173    0 1.0000000000 -1.8960557450e+01 -1.9429107088e+01\n  174    0 1.0000000000 -1.8813030301e+01 -1.9308893886e+01\n  175    0 1.0000000000 -1.8665221580e+01 -1.9192616325e+01\n  176    0 1.0000000000 -1.8517175136e+01 -1.9080391487e+01\n  177    0 1.0000000000 -1.8368934216e+01 -1.8972332373e+01\n  178    0 1.0000000000 -1.8220541461e+01 -1.8868547788e+01\n  179    0 1.0000000000 -1.8072038906e+01 -1.8769142236e+01\n  180    0 1.0000000000 -1.7923467986e+01 -1.8674215810e+01\n  181    0 1.0000000000 -1.7774869554e+01 -1.8583864091e+01\n  182    0 1.0000000000 -1.7626283906e+01 -1.8498178057e+01\n  183    0 1.0000000000 -1.7477750837e+01 -1.8417243987e+01\n  184    0 1.0000000000 -1.7329309709e+01 -1.8341143373e+01\n  185    0 1.0000000000 -1.7180999577e+01 -1.8269952843e+01\n  186    0 1.0000000000 -1.7032859370e+01 -1.8203744080e+01\n  187    0 1.0000000000 -1.6884928184e+01 -1.8142583751e+01\n  188    0 1.0000000000 -1.6737245760e+01 -1.8086533437e+01\n  189    0 1.0000000000 -1.6589853285e+01 -1.8035649579e+01\n  190    0 1.0000000000 -1.6442794790e+01 -1.7989983410e+01\n  191    0 1.0000000000 -1.6296119768e+01 -1.7949580914e+01\n  192    0 1.0000000000 -1.6149888385e+01 -1.7914482772e+01\n  193    0 1.0000000000 -1.6004182918e+01 -1.7884724325e+01\n  194    0 1.0000000000 -1.5859136174e+01 -1.7860335537e+01\n  195    0 1.0000000000 -1.5715015703e+01 -1.7841340965e+01\n  196    0 1.0000000000 -1.5572551445e+01 -1.7827759736e+01\n  197    0 1.0000000000 -1.5435017437e+01 -1.7819605525e+01\n  198    0 1.0000000000 -1.5343620737e+01 -1.7816886542e+01\n  199    0 1.0000000000 -1.5532602647e+01 -1.7822325440e+01\n  200    0 1.0000000000 -1.5813409564e+01 -1.7838647841e+01\n  201    0 1.0000000000 -1.6106514726e+01 -1.7865870809e+01\n  202    0 1.0000000000 -1.6406725575e+01 -1.7904022617e+01\n  203    0 1.0000000000 -1.6713037240e+01 -1.7953142495e+01\n  204    0 1.0000000000 -1.7025155484e+01 -1.8013280272e+01\n  205    0 1.0000000000 -1.7342985900e+01 -1.8084495933e+01\n  206    0 1.0000000000 -1.7666506401e+01 -1.8166859070e+01\n  207    0 1.0000000000 -1.7995724765e+01 -1.8260448242e+01\n  208    0 1.0000000000 -1.8330661547e+01 -1.8365350247e+01\n  209    0 1.0000000000 -1.8671342172e+01 -1.8481659307e+01\n  210    0 1.0000000000 -1.9017792819e+01 -1.8609476166e+01\n  211    0 1.0000000000 -1.9370038051e+01 -1.8748907111e+01\n  212    0 1.0000000000 -1.9728099304e+01 -1.8900062922e+01\n  213    0 1.0000000000 -2.0091993838e+01 -1.9063057746e+01\n  214    0 1.0000000000 -2.0461733934e+01 -1.9238007909e+01\n  215    0 1.0000000000 -2.0837326244e+01 -1.9425030675e+01\n  216    0 1.0000000000 -2.1218771221e+01 -1.9624242939e+01\n  217    0 1.0000000000 -2.1606062612e+01 -1.9835759886e+01\n  218    0 1.0000000000 -2.1999186977e+01 -2.0059693601e+01\n  219    0 1.0000000000 -2.2398123242e+01 -2.0296151647e+01\n  220    0 1.0000000000 -2.2802842257e+01 -2.0545235617e+01\n  221    0 1.0000000000 -2.3213306376e+01 -2.0807039663e+01\n  222    0 1.0000000000 -2.3629469043e+01 -2.1081649013e+01\n  223    0 1.0000000000 -2.4051274391e+01 -2.1369138478e+01\n  224    0 1.0000000000 -2.4478656850e+01 -2.1669570967e+01\n  225    0 1.0000000000 -2.4911540763e+01 -2.1982995998e+01\n  226    0 1.0000000000 -2.5349840021e+01 -2.2309448237e+01\n  227    0 1.0000000000 -2.5793457700e+01 -2.2648946049e+01\n  228    0 1.0000000000 -2.6242285724e+01 -2.3001490083e+01\n  229    0 1.0000000000 -2.6696204535e+01 -2.3367061893e+01\n  230    0 1.0000000000 -2.7155082786e+01 -2.3745622600e+01\n  231    0 1.0000000000 -2.7618777052e+01 -2.4137111605e+01\n  232    0 1.0000000000 -2.8087131559e+01 -2.4541445363e+01\n  233    0 1.0000000000 -2.8559977943e+01 -2.4958516211e+01\n  234    0 1.0000000000 -2.9037135027e+01 -2.5388191275e+01\n  235    0 1.0000000000 -2.9518408631e+01 -2.5830311445e+01\n  236    0 1.0000000000 -3.0003591406e+01 -2.6284690435e+01\n  237    0 1.0000000000 -3.0492462700e+01 -2.6751113928e+01\n  238    0 1.0000000000 -3.0984788458e+01 -2.7229338812e+01\n  239    0 1.0000000000 -3.1480321155e+01 -2.7719092513e+01\n  240    0 1.0000000000 -3.1978799761e+01 -2.8220072427e+01\n  241    0 1.0000000000 -3.2479949753e+01 -2.8731945462e+01\n  242    0 1.0000000000 -3.2983483150e+01 -2.9254347675e+01\n  243    0 1.0000000000 -3.3489098605e+01 -2.9786884037e+01\n  244    0 1.0000000000 -3.3996481524e+01 -3.0329128299e+01\n  245    0 1.0000000000 -3.4505304231e+01 -3.0880622979e+01\n  246    0 1.0000000000 -3.5015226184e+01 -3.1440879465e+01\n  247    0 1.0000000000 -3.5525894220e+01 -3.2009378242e+01\n  248    0 1.0000000000 -3.6036942854e+01 -3.2585569233e+01\n  249    0 1.0000000000 -3.6547994620e+01 -3.3168872261e+01\n  250    0 1.0000000000 -3.7058660456e+01 -3.3758677637e+01\n  251    0 1.0000000000 -3.7568540130e+01 -3.4354346863e+01\n  252    0 1.0000000000 -3.8077222718e+01 -3.4955213453e+01\n  253    0 1.0000000000 -3.8584287118e+01 -3.5560583873e+01\n  254    0 1.0000000000 -3.9089302612e+01 -3.6169738597e+01\n  255    0 1.0000000000 -3.9591829467e+01 -3.6781933272e+01\n  256    0 1.0000000000 -4.0091419581e+01 -3.7396399999e+01\n  257    0 1.0000000000 -4.0587617167e+01 -3.8012348712e+01\n  258    0 1.0000000000 -4.1079959476e+01 -3.8628968665e+01\n  259    0 1.0000000000 -4.1567977558e+01 -3.9245430015e+01\n  260    0 1.0000000000 -4.2051197057e+01 -3.9860885503e+01\n  261    0 1.0000000000 -4.2529139042e+01 -4.0474472211e+01\n  262    0 1.0000000000 -4.3001320869e+01 -4.1085313420e+01\n  263    0 1.0000000000 -4.3467257071e+01 -4.1692520526e+01\n  264    0 1.0000000000 -4.3926460275e+01 -4.2295195044e+01\n  265    0 1.0000000000 -4.4378442147e+01 -4.2892430664e+01\n  266    0 1.0000000000 -4.4822714353e+01 -4.3483315370e+01\n  267    0 1.0000000000 -4.5258789542e+01 -4.4066933610e+01\n  268    0 1.0000000000 -4.5686182346e+01 -4.4642368510e+01\n  269    0 1.0000000000 -4.6104410394e+01 -4.5208704120e+01\n  270    0 1.0000000000 -4.6512995328e+01 -4.5765027694e+01\n  271    0 1.0000000000 -4.6911463837e+01 -4.6310431986e+01\n  272    0 1.0000000000 -4.7299348685e+01 -4.6844017561e+01\n  273    0 1.0000000000 -4.7676189746e+01 -4.7364895117e+01\n  274    0 1.0000000000 -4.8041535031e+01 -4.7872187786e+01\n  275    0 1.0000000000 -4.8394941710e+01 -4.8365033450e+01\n  276    0 1.0000000000 -4.8735977126e+01 -4.8842587011e+01\n  277    0 1.0000000000 -4.9064219792e+01 -4.9304022656e+01\n  278    0 1.0000000000 -4.9379260376e+01 -4.9748536071e+01\n  279    0 1.0000000000 -4.9680702660e+01 -5.0175346624e+01\n  280    0 1.0000000000 -4.9968164484e+01 -5.0583699489e+01\n  281    0 1.0000000000 -5.0241278654e+01 -5.0972867714e+01\n  282    0 1.0000000000 -5.0499693831e+01 -5.1342154226e+01\n  283    0 1.0000000000 -5.0743075375e+01 -5.1690893766e+01\n  284    0 1.0000000000 -5.0971106168e+01 -5.2018454730e+01\n  285    0 1.0000000000 -5.1183487384e+01 -5.2324240946e+01\n  286    0 1.0000000000 -5.1379939230e+01 -5.2607693338e+01\n  287    0 1.0000000000 -5.1560201638e+01 -5.2868291506e+01\n  288    0 1.0000000000 -5.1724034908e+01 -5.3105555190e+01\n  289    0 1.0000000000 -5.1871220310e+01 -5.3319045639e+01\n  290    0 1.0000000000 -5.2001560630e+01 -5.3508366852e+01\n  291    0 1.0000000000 -5.2114880666e+01 -5.3673166704e+01\n  292    0 1.0000000000 -5.2211027667e+01 -5.3813137958e+01\n  293    0 1.0000000000 -5.2289871724e+01 -5.3928019136e+01\n  294    0 1.0000000000 -5.2351306095e+01 -5.4017595272e+01\n  295    0 1.0000000000 -5.2395247473e+01 -5.4081698526e+01\n  296    0 1.0000000000 -5.2421636204e+01 -5.4120208668e+01\n  297    0 1.0000000000 -5.2430436435e+01 -5.4133053420e+01\n