SINGLE-ORBITAL NN+NNN EFFECTIVE MODEL FIT

m=7
eon=0.0
t0=1.0
l_decay=1.5
dl=0.1
pairing=./m=7/pairing.txt
microscopic_orbitals=100

E_eff(k) = eps0 + 2*t1[cos(k.u1)+cos(k.u2)] + 4*t2*cos(k.u1)*cos(k.u2)

eps0     = -3.57348993856411e+01
t1       = -4.03234491472535e+00
t2       = -6.79915744909127e-01

RMSE=1.84830547207643e+00
MAE=1.57167550778422e+00
max_abs_error=3.80357778316789e+00
optimizer_success=True
optimizer_message=Linear least-squares solution
minimum_tracking_continuity=1.0000000000
mean_tracking_continuity=1.0000000000

# k_index idx continuity target fit\n    0    0 1.0000000000 -5.2922909844e+01 -5.4583942024e+01\n    1    0 1.0000000000 -5.2919447847e+01 -5.4578512560e+01\n    2    0 1.0000000000 -5.2909063717e+01 -5.4562229633e+01\n    3    0 1.0000000000 -5.2891763042e+01 -5.4535109640e+01\n    4    0 1.0000000000 -5.2867555125e+01 -5.4497179887e+01\n    5    0 1.0000000000 -5.2836452981e+01 -5.4448478568e+01\n    6    0 1.0000000000 -5.2798473319e+01 -5.4389054720e+01\n    7    0 1.0000000000 -5.2753636529e+01 -5.4318968177e+01\n    8    0 1.0000000000 -5.2701966660e+01 -5.4238289512e+01\n    9    0 1.0000000000 -5.2643491396e+01 -5.4147099960e+01\n   10    0 1.0000000000 -5.2578242030e+01 -5.4045491343e+01\n   11    0 1.0000000000 -5.2506253435e+01 -5.3933565970e+01\n   12    0 1.0000000000 -5.2427564024e+01 -5.3811436541e+01\n   13    0 1.0000000000 -5.2342215718e+01 -5.3679226031e+01\n   14    0 1.0000000000 -5.2250253902e+01 -5.3537067565e+01\n   15    0 1.0000000000 -5.2151727382e+01 -5.3385104283e+01\n   16    0 1.0000000000 -5.2046688334e+01 -5.3223489199e+01\n   17    0 1.0000000000 -5.1935192257e+01 -5.3052385048e+01\n   18    0 1.0000000000 -5.1817297920e+01 -5.2871964115e+01\n   19    0 1.0000000000 -5.1693067298e+01 -5.2682408070e+01\n   20    0 1.0000000000 -5.1562565518e+01 -5.2483907779e+01\n   21    0 1.0000000000 -5.1425860793e+01 -5.2276663115e+01\n   22    0 1.0000000000 -5.1283024360e+01 -5.2060882757e+01\n   23    0 1.0000000000 -5.1134130403e+01 -5.1836783976e+01\n   24    0 1.0000000000 -5.0979255991e+01 -5.1604592422e+01\n   25    0 1.0000000000 -5.0818480998e+01 -5.1364541891e+01\n   26    0 1.0000000000 -5.0651888030e+01 -5.1116874094e+01\n   27    0 1.0000000000 -5.0479562343e+01 -5.0861838411e+01\n   28    0 1.0000000000 -5.0301591764e+01 -5.0599691642e+01\n   29    0 1.0000000000 -5.0118066607e+01 -5.0330697746e+01\n   30    0 1.0000000000 -4.9929079589e+01 -5.0055127577e+01\n   31    0 1.0000000000 -4.9734725740e+01 -4.9773258612e+01\n   32    0 1.0000000000 -4.9535102319e+01 -4.9485374668e+01\n   33    0 1.0000000000 -4.9330308715e+01 -4.9191765620e+01\n   34    0 1.0000000000 -4.9120446363e+01 -4.8892727107e+01\n   35    0 1.0000000000 -4.8905618647e+01 -4.8588560236e+01\n   36    0 1.0000000000 -4.8685930800e+01 -4.8279571277e+01\n   37    0 1.0000000000 -4.8461489817e+01 -4.7966071357e+01\n   38    0 1.0000000000 -4.8232404350e+01 -4.7648376141e+01\n   39    0 1.0000000000 -4.7998784611e+01 -4.7326805524e+01\n   40    0 1.0000000000 -4.7760742275e+01 -4.7001683299e+01\n   41    0 1.0000000000 -4.7518390378e+01 -4.6673336836e+01\n   42    0 1.0000000000 -4.7271843217e+01 -4.6342096754e+01\n   43    0 1.0000000000 -4.7021216246e+01 -4.6008296581e+01\n   44    0 1.0000000000 -4.6766625982e+01 -4.5672272428e+01\n   45    0 1.0000000000 -4.6508189893e+01 -4.5334362641e+01\n   46    0 1.0000000000 -4.6246026306e+01 -4.4994907468e+01\n   47    0 1.0000000000 -4.5980254300e+01 -4.4654248710e+01\n   48    0 1.0000000000 -4.5710993603e+01 -4.4312729383e+01\n   49    0 1.0000000000 -4.5438364498e+01 -4.3970693367e+01\n   50    0 1.0000000000 -4.5162487715e+01 -4.3628485063e+01\n   51    0 1.0000000000 -4.4883484334e+01 -4.3286449048e+01\n   52    0 1.0000000000 -4.4601475686e+01 -4.2944929720e+01\n   53    0 1.0000000000 -4.4316583256e+01 -4.2604270963e+01\n   54    0 1.0000000000 -4.4028928579e+01 -4.2264815789e+01\n   55    0 1.0000000000 -4.3738633152e+01 -4.1926906002e+01\n   56    0 1.0000000000 -4.3445818333e+01 -4.1590881849e+01\n   57    0 1.0000000000 -4.3150605251e+01 -4.1257081677e+01\n   58    0 1.0000000000 -4.2853114708e+01 -4.0925841594e+01\n   59    0 1.0000000000 -4.2553467095e+01 -4.0597495131e+01\n   60    0 1.0000000000 -4.2251782299e+01 -4.0272372906e+01\n   61    0 1.0000000000 -4.1948179616e+01 -3.9950802289e+01\n   62    0 1.0000000000 -4.1642777666e+01 -3.9633107074e+01\n   63    0 1.0000000000 -4.1335694310e+01 -3.9319607153e+01\n   64    0 1.0000000000 -4.1027046570e+01 -3.9010618194e+01\n   65    0 1.0000000000 -4.0716950548e+01 -3.8706451323e+01\n   66    0 1.0000000000 -4.0405521352e+01 -3.8407412811e+01\n   67    0 1.0000000000 -4.0092873020e+01 -3.8113803762e+01\n   68    0 1.0000000000 -3.9779118455e+01 -3.7825919818e+01\n   69    0 1.0000000000 -3.9464369348e+01 -3.7544050853e+01\n   70    0 1.0000000000 -3.9148736121e+01 -3.7268480684e+01\n   71    0 1.0000000000 -3.8832327865e+01 -3.6999486789e+01\n   72    0 1.0000000000 -3.8515252280e+01 -3.6737340019e+01\n   73    0 1.0000000000 -3.8197615622e+01 -3.6482304337e+01\n   74    0 1.0000000000 -3.7879522657e+01 -3.6234636539e+01\n   75    0 1.0000000000 -3.7561076616e+01 -3.5994586008e+01\n   76    0 1.0000000000 -3.7242379159e+01 -3.5762394454e+01\n   77    0 1.0000000000 -3.6923530343e+01 -3.5538295673e+01\n   78    0 1.0000000000 -3.6604628600e+01 -3.5322515315e+01\n   79    0 1.0000000000 -3.6285770731e+01 -3.5115270651e+01\n   80    0 1.0000000000 -3.5967051901e+01 -3.4916770360e+01\n   81    0 1.0000000000 -3.5648565667e+01 -3.4727214315e+01\n   82    0 1.0000000000 -3.5330404017e+01 -3.4546793382e+01\n   83    0 1.0000000000 -3.5012657449e+01 -3.4375689231e+01\n   84    0 1.0000000000 -3.4695415095e+01 -3.4214074148e+01\n   85    0 1.0000000000 -3.4378764919e+01 -3.4062110866e+01\n   86    0 1.0000000000 -3.4062794006e+01 -3.3919952399e+01\n   87    0 1.0000000000 -3.3747589036e+01 -3.3787741889e+01\n   88    0 1.0000000000 -3.3433237005e+01 -3.3665612460e+01\n   89    0 1.0000000000 -3.3119826412e+01 -3.3553687088e+01\n   90    0 1.0000000000 -3.2807449232e+01 -3.3452078470e+01\n   91    0 1.0000000000 -3.2496204387e+01 -3.3360888918e+01\n   92    0 1.0000000000 -3.2186204180e+01 -3.3280210253e+01\n   93    0 1.0000000000 -3.1877587122e+01 -3.3210123710e+01\n   94    0 1.0000000000 -3.1570545991e+01 -3.3150699862e+01\n   95    0 1.0000000000 -3.1265397293e+01 -3.3101998543e+01\n   96    0 1.0000000000 -3.0962786023e+01 -3.3064068791e+01\n   97    0 1.0000000000 -3.0664474135e+01 -3.3036948797e+01\n   98    0 1.0000000000 -3.0378216472e+01 -3.3020665871e+01\n   99    0 1.0000000000 -3.0190346075e+01 -3.3015236406e+01\n  100    0 1.0000000000 -3.0188869998e+01 -3.3012545412e+01\n  101    0 1.0000000000 -3.0184442391e+01 -3.3004475138e+01\n  102    0 1.0000000000 -3.0177065130e+01 -3.2991033711e+01\n  103    0 1.0000000000 -3.0166741335e+01 -3.2972234665e+01\n  104    0 1.0000000000 -3.0153475374e+01 -3.2948096929e+01\n  105    0 1.0000000000 -3.0137272856e+01 -3.2918644808e+01\n  106    0 1.0000000000 -3.0118140627e+01 -3.2883907957e+01\n  107    0 1.0000000000 -3.0096086763e+01 -3.2843921354e+01\n  108    0 1.0000000000 -3.0071120565e+01 -3.2798725262e+01\n  109    0 1.0000000000 -3.0043252550e+01 -3.2748365190e+01\n  110    0 1.0000000000 -3.0012494443e+01 -3.2692891845e+01\n  111    0 1.0000000000 -2.9978859167e+01 -3.2632361085e+01\n  112    0 1.0000000000 -2.9942360832e+01 -3.2566833859e+01\n  113    0 1.0000000000 -2.9903014723e+01 -3.2496376147e+01\n  114    0 1.0000000000 -2.9860837288e+01 -3.2421058894e+01\n  115    0 1.0000000000 -2.9815846124e+01 -3.2340957939e+01\n  116    0 1.0000000000 -2.9768059961e+01 -3.2256153937e+01\n  117    0 1.0000000000 -2.9717498650e+01 -3.2166732277e+01\n  118    0 1.0000000000 -2.9664183142e+01 -3.2072782999e+01\n  119    0 1.0000000000 -2.9608135475e+01 -3.1974400704e+01\n  120    0 1.0000000000 -2.9549378753e+01 -3.1871684453e+01\n  121    0 1.0000000000 -2.9487937128e+01 -3.1764737673e+01\n  122    0 1.0000000000 -2.9423835781e+01 -3.1653668050e+01\n  123    0 1.0000000000 -2.9357100902e+01 -3.1538587422e+01\n  124    0 1.0000000000 -2.9287759663e+01 -3.1419611665e+01\n  125    0 1.0000000000 -2.9215840205e+01 -3.1296860579e+01\n  126    0 1.0000000000 -2.9141371609e+01 -3.1170457762e+01\n  127    0 1.0000000000 -2.9064383874e+01 -3.1040530492e+01\n  128    0 1.0000000000 -2.8984907894e+01 -3.0907209594e+01\n  129    0 1.0000000000 -2.8902975431e+01 -3.0770629312e+01\n  130    0 1.0000000000 -2.8818619093e+01 -3.0630927170e+01\n  131    0 1.0000000000 -2.8731872306e+01 -3.0488243836e+01\n  132    0 1.0000000000 -2.8642769288e+01 -3.0342722981e+01\n  133    0 1.0000000000 -2.8551345021e+01 -3.0194511131e+01\n  134    0 1.0000000000 -2.8457635227e+01 -3.0043757524e+01\n  135    0 1.0000000000 -2.8361676337e+01 -2.9890613955e+01\n  136    0 1.0000000000 -2.8263505463e+01 -2.9735234626e+01\n  137    0 1.0000000000 -2.8163160372e+01 -2.9577775993e+01\n  138    0 1.0000000000 -2.8060679454e+01 -2.9418396602e+01\n  139    0 1.0000000000 -2.7956101696e+01 -2.9257256935e+01\n  140    0 1.0000000000 -2.7849466649e+01 -2.9094519245e+01\n  141    0 1.0000000000 -2.7740814402e+01 -2.8930347397e+01\n  142    0 1.0000000000 -2.7630185548e+01 -2.8764906696e+01\n  143    0 1.0000000000 -2.7517621157e+01 -2.8598363728e+01\n  144    0 1.0000000000 -2.7403162746e+01 -2.8430886188e+01\n  145    0 1.0000000000 -2.7286852247e+01 -2.8262642711e+01\n  146    0 1.0000000000 -2.7168731975e+01 -2.8093802703e+01\n  147    0 1.0000000000 -2.7048844604e+01 -2.7924536174e+01\n  148    0 1.0000000000 -2.6927233129e+01 -2.7755013559e+01\n  149    0 1.0000000000 -2.6803940839e+01 -2.7585405553e+01\n  150    0 1.0000000000 -2.6679011289e+01 -2.7415882939e+01\n  151    0 1.0000000000 -2.6552488265e+01 -2.7246616409e+01\n  152    0 1.0000000000 -2.6424415758e+01 -2.7077776402e+01\n  153    0 1.0000000000 -2.6294837932e+01 -2.6909532924e+01\n  154    0 1.0000000000 -2.6163799092e+01 -2.6742055384e+01\n  155    0 1.0000000000 -2.6031343662e+01 -2.6575512416e+01\n  156    0 1.0000000000 -2.5897516148e+01 -2.6410071716e+01\n  157    0 1.0000000000 -2.5762361110e+01 -2.6245899867e+01\n  158    0 1.0000000000 -2.5625923140e+01 -2.6083162178e+01\n  159    0 1.0000000000 -2.5488246825e+01 -2.5922022511e+01\n  160    0 1.0000000000 -2.5349376725e+01 -2.5762643119e+01\n  161    0 1.0000000000 -2.5209357343e+01 -2.5605184486e+01\n  162    0 1.0000000000 -2.5068233098e+01 -2.5449805158e+01\n  163    0 1.0000000000 -2.4926048301e+01 -2.5296661589e+01\n  164    0 1.0000000000 -2.4782847124e+01 -2.5145907981e+01\n  165    0 1.0000000000 -2.4638673578e+01 -2.4997696131e+01\n  166    0 1.0000000000 -2.4493571490e+01 -2.4852175276e+01\n  167    0 1.0000000000 -2.4347584473e+01 -2.4709491942e+01\n  168    0 1.0000000000 -2.4200755905e+01 -2.4569789800e+01\n  169    0 1.0000000000 -2.4053128909e+01 -2.4433209518e+01\n  170    0 1.0000000000 -2.3904746326e+01 -2.4299888620e+01\n  171    0 1.0000000000 -2.3755650694e+01 -2.4169961350e+01\n  172    0 1.0000000000 -2.3605884231e+01 -2.4043558534e+01\n  173    0 1.0000000000 -2.3455488812e+01 -2.3920807447e+01\n  174    0 1.0000000000 -2.3304505951e+01 -2.3801831690e+01\n  175    0 1.0000000000 -2.3152976782e+01 -2.3686751062e+01\n  176    0 1.0000000000 -2.3000942048e+01 -2.3575681440e+01\n  177    0 1.0000000000 -2.2848442079e+01 -2.3468734659e+01\n  178    0 1.0000000000 -2.2695516783e+01 -2.3366018408e+01\n  179    0 1.0000000000 -2.2542205638e+01 -2.3267636113e+01\n  180    0 1.0000000000 -2.2388547678e+01 -2.3173686836e+01\n  181    0 1.0000000000 -2.2234581494e+01 -2.3084265176e+01\n  182    0 1.0000000000 -2.2080345236e+01 -2.2999461173e+01\n  183    0 1.0000000000 -2.1925876617e+01 -2.2919360218e+01\n  184    0 1.0000000000 -2.1771212937e+01 -2.2844042966e+01\n  185    0 1.0000000000 -2.1616391116e+01 -2.2773585254e+01\n  186    0 1.0000000000 -2.1461447756e+01 -2.2708058028e+01\n  187    0 1.0000000000 -2.1306419241e+01 -2.2647527268e+01\n  188    0 1.0000000000 -2.1151341904e+01 -2.2592053923e+01\n  189    0 1.0000000000 -2.0996252315e+01 -2.2541693850e+01\n  190    0 1.0000000000 -2.0841187799e+01 -2.2496497758e+01\n  191    0 1.0000000000 -2.0686187388e+01 -2.2456511155e+01\n  192    0 1.0000000000 -2.0531293753e+01 -2.2421774305e+01\n  193    0 1.0000000000 -2.0376557440e+01 -2.2392322184e+01\n  194    0 1.0000000000 -2.0222047459e+01 -2.2368184448e+01\n  195    0 1.0000000000 -2.0067882873e+01 -2.2349385402e+01\n  196    0 1.0000000000 -1.9914357803e+01 -2.2335943975e+01\n  197    0 1.0000000000 -1.9762783787e+01 -2.2327873701e+01\n  198    0 1.0000000000 -1.9644271123e+01 -2.2325182706e+01\n  199    0 1.0000000000 -1.9884842399e+01 -2.2330565385e+01\n  200    0 1.0000000000 -2.0192737535e+01 -2.2346716267e+01\n  201    0 1.0000000000 -2.0507694562e+01 -2.2373643860e+01\n  202    0 1.0000000000 -2.0827658355e+01 -2.2411362220e+01\n  203    0 1.0000000000 -2.1152226741e+01 -2.2459890774e+01\n  204    0 1.0000000000 -2.1481269971e+01 -2.2519254069e+01\n  205    0 1.0000000000 -2.1814733145e+01 -2.2589481452e+01\n  206    0 1.0000000000 -2.2152586909e+01 -2.2670606681e+01\n  207    0 1.0000000000 -2.2494810950e+01 -2.2762667469e+01\n  208    0 1.0000000000 -2.2841387294e+01 -2.2865704968e+01\n  209    0 1.0000000000 -2.3192297161e+01 -2.2979763188e+01\n  210    0 1.0000000000 -2.3547519286e+01 -2.3104888356e+01\n  211    0 1.0000000000 -2.3907028924e+01 -2.3241128221e+01\n  212    0 1.0000000000 -2.4270797193e+01 -2.3388531308e+01\n  213    0 1.0000000000 -2.4638790597e+01 -2.3547146121e+01\n  214    0 1.0000000000 -2.5010970649e+01 -2.3717020301e+01\n  215    0 1.0000000000 -2.5387293556e+01 -2.3898199742e+01\n  216    0 1.0000000000 -2.5767709947e+01 -2.4090727671e+01\n  217    0 1.0000000000 -2.6152164612e+01 -2.4294643700e+01\n  218    0 1.0000000000 -2.6540596278e+01 -2.4509982840e+01\n  219    0 1.0000000000 -2.6932937383e+01 -2.4736774503e+01\n  220    0 1.0000000000 -2.7329113870e+01 -2.4975041477e+01\n  221    0 1.0000000000 -2.7729044985e+01 -2.5224798895e+01\n  222    0 1.0000000000 -2.8132643094e+01 -2.5486053190e+01\n  223    0 1.0000000000 -2.8539813499e+01 -2.5758801053e+01\n  224    0 1.0000000000 -2.8950454269e+01 -2.6043028387e+01\n  225    0 1.0000000000 -2.9364456081e+01 -2.6338709275e+01\n  226    0 1.0000000000 -2.9781702072e+01 -2.6645804957e+01\n  227    0 1.0000000000 -3.0202067698e+01 -2.6964262823e+01\n  228    0 1.0000000000 -3.0625420616e+01 -2.7294015441e+01\n  229    0 1.0000000000 -3.1051620564e+01 -2.7634979597e+01\n  230    0 1.0000000000 -3.1480519266e+01 -2.7987055379e+01\n  231    0 1.0000000000 -3.1911960347e+01 -2.8350125301e+01\n  232    0 1.0000000000 -3.2345779267e+01 -2.8724053463e+01\n  233    0 1.0000000000 -3.2781803264e+01 -2.9108684764e+01\n  234    0 1.0000000000 -3.3219851323e+01 -2.9503844167e+01\n  235    0 1.0000000000 -3.3659734154e+01 -2.9909336022e+01\n  236    0 1.0000000000 -3.4101254199e+01 -3.0324943445e+01\n  237    0 1.0000000000 -3.4544205643e+01 -3.0750427770e+01\n  238    0 1.0000000000 -3.4988374464e+01 -3.1185528060e+01\n  239    0 1.0000000000 -3.5433538485e+01 -3.1629960702e+01\n  240    0 1.0000000000 -3.5879467463e+01 -3.2083419064e+01\n  241    0 1.0000000000 -3.6325923185e+01 -3.2545573241e+01\n  242    0 1.0000000000 -3.6772659600e+01 -3.3016069874e+01\n  243    0 1.0000000000 -3.7219422963e+01 -3.3494532058e+01\n  244    0 1.0000000000 -3.7665952006e+01 -3.3980559328e+01\n  245    0 1.0000000000 -3.8111978135e+01 -3.4473727738e+01\n  246    0 1.0000000000 -3.8557225642e+01 -3.4973590023e+01\n  247    0 1.0000000000 -3.9001411950e+01 -3.5479675849e+01\n  248    0 1.0000000000 -3.9444247875e+01 -3.5991492158e+01\n  249    0 1.0000000000 -3.9885437914e+01 -3.6508523593e+01\n  250    0 1.0000000000 -4.0324680553e+01 -3.7030233022e+01\n  251    0 1.0000000000 -4.0761668604e+01 -3.7556062142e+01\n  252    0 1.0000000000 -4.1196089558e+01 -3.8085432173e+01\n  253    0 1.0000000000 -4.1627625966e+01 -3.8617744644e+01\n  254    0 1.0000000000 -4.2055955835e+01 -3.9152382253e+01\n  255    0 1.0000000000 -4.2480753053e+01 -3.9688709822e+01\n  256    0 1.0000000000 -4.2901687825e+01 -4.0226075323e+01\n  257    0 1.0000000000 -4.3318427141e+01 -4.0763810985e+01\n  258    0 1.0000000000 -4.3730635249e+01 -4.1301234479e+01\n  259    0 1.0000000000 -4.4137974157e+01 -4.1837650172e+01\n  260    0 1.0000000000 -4.4540104142e+01 -4.2372350446e+01\n  261    0 1.0000000000 -4.4936684288e+01 -4.2904617089e+01\n  262    0 1.0000000000 -4.5327373020e+01 -4.3433722741e+01\n  263    0 1.0000000000 -4.5711828669e+01 -4.3958932397e+01\n  264    0 1.0000000000 -4.6089710039e+01 -4.4479504960e+01\n  265    0 1.0000000000 -4.6460676985e+01 -4.4994694845e+01\n  266    0 1.0000000000 -4.6824391004e+01 -4.5503753618e+01\n  267    0 1.0000000000 -4.7180515828e+01 -4.6005931678e+01\n  268    0 1.0000000000 -4.7528718029e+01 -4.6500479961e+01\n  269    0 1.0000000000 -4.7868667622e+01 -4.6986651681e+01\n  270    0 1.0000000000 -4.8200038678e+01 -4.7463704078e+01\n  271    0 1.0000000000 -4.8522509927e+01 -4.7930900190e+01\n  272    0 1.0000000000 -4.8835765374e+01 -4.8387510623e+01\n  273    0 1.0000000000 -4.9139494899e+01 -4.8832815336e+01\n  274    0 1.0000000000 -4.9433394862e+01 -4.9266105405e+01\n  275    0 1.0000000000 -4.9717168699e+01 -4.9686684794e+01\n  276    0 1.0000000000 -4.9990527508e+01 -5.0093872097e+01\n  277    0 1.0000000000 -5.0253190629e+01 -5.0487002264e+01\n  278    0 1.0000000000 -5.0504886210e+01 -5.0865428296e+01\n  279    0 1.0000000000 -5.0745351761e+01 -5.1228522912e+01\n  280    0 1.0000000000 -5.0974334694e+01 -5.1575680168e+01\n  281    0 1.0000000000 -5.1191592846e+01 -5.1906317036e+01\n  282    0 1.0000000000 -5.1396894981e+01 -5.2219874933e+01\n  283    0 1.0000000000 -5.1590021281e+01 -5.2515821188e+01\n  284    0 1.0000000000 -5.1770763803e+01 -5.2793650458e+01\n  285    0 1.0000000000 -5.1938926925e+01 -5.3052886065e+01\n  286    0 1.0000000000 -5.2094327763e+01 -5.3293081275e+01\n  287    0 1.0000000000 -5.2236796563e+01 -5.3513820490e+01\n  288    0 1.0000000000 -5.2366177066e+01 -5.3714720372e+01\n  289    0 1.0000000000 -5.2482326847e+01 -5.3895430871e+01\n  290    0 1.0000000000 -5.2585117624e+01 -5.4055636178e+01\n  291    0 1.0000000000 -5.2674435536e+01 -5.4195055581e+01\n  292    0 1.0000000000 -5.2750181393e+01 -5.4313444224e+01\n  293    0 1.0000000000 -5.2812270895e+01 -5.4410593781e+01\n  294    0 1.0000000000 -5.2860634814e+01 -5.4486333018e+01\n  295    0 1.0000000000 -5.2895219146e+01 -5.4540528266e+01\n  296    0 1.0000000000 -5.2915985232e+01 -5.4573083784e+01\n  297    0 1.0000000000 -5.2922909844e+01 -5.4583942024e+01\n