SINGLE-ORBITAL NN+NNN EFFECTIVE MODEL FIT

m=2
eon=0.0
t0=1.0
l_decay=0.5
dl=0.75
pairing=./m=2/pairing.txt
microscopic_orbitals=10

E_eff(k) = eps0 + 2*t1[cos(k.u1)+cos(k.u2)] + 4*t2*cos(k.u1)*cos(k.u2)

eps0     = -7.27417161099122e+00
t1       = -1.44553487690361e+00
t2       = -2.81792387239499e-01

RMSE=6.08531219740480e-01
MAE=5.20853612099051e-01
max_abs_error=1.23592820982901e+00
optimizer_success=True
optimizer_message=Linear least-squares solution
minimum_tracking_continuity=1.0000000000
mean_tracking_continuity=1.0000000000

# k_index idx continuity target fit\n    0    0 1.0000000000 -1.3621018045e+01 -1.4183480668e+01\n    1    0 1.0000000000 -1.3619666122e+01 -1.4181457654e+01\n    2    0 1.0000000000 -1.3615611170e+01 -1.4175390652e+01\n    3    0 1.0000000000 -1.3608855641e+01 -1.4165285769e+01\n    4    0 1.0000000000 -1.3599403618e+01 -1.4151153180e+01\n    5    0 1.0000000000 -1.3587260814e+01 -1.4133007116e+01\n    6    0 1.0000000000 -1.3572434559e+01 -1.4110865849e+01\n    7    0 1.0000000000 -1.3554933801e+01 -1.4084751672e+01\n    8    0 1.0000000000 -1.3534769091e+01 -1.4054690880e+01\n    9    0 1.0000000000 -1.3511952574e+01 -1.4020713742e+01\n   10    0 1.0000000000 -1.3486497975e+01 -1.3982854471e+01\n   11    0 1.0000000000 -1.3458420589e+01 -1.3941151186e+01\n   12    0 1.0000000000 -1.3427737258e+01 -1.3895645881e+01\n   13    0 1.0000000000 -1.3394466361e+01 -1.3846384374e+01\n   14    0 1.0000000000 -1.3358627789e+01 -1.3793416268e+01\n   15    0 1.0000000000 -1.3320242930e+01 -1.3736794898e+01\n   16    0 1.0000000000 -1.3279334642e+01 -1.3676577276e+01\n   17    0 1.0000000000 -1.3235927233e+01 -1.3612824037e+01\n   18    0 1.0000000000 -1.3190046433e+01 -1.3545599374e+01\n   19    0 1.0000000000 -1.3141719370e+01 -1.3474970977e+01\n   20    0 1.0000000000 -1.3090974543e+01 -1.3401009963e+01\n   21    0 1.0000000000 -1.3037841788e+01 -1.3323790804e+01\n   22    0 1.0000000000 -1.2982352255e+01 -1.3243391254e+01\n   23    0 1.0000000000 -1.2924538368e+01 -1.3159892267e+01\n   24    0 1.0000000000 -1.2864433798e+01 -1.3073377921e+01\n   25    0 1.0000000000 -1.2802073428e+01 -1.2983935328e+01\n   26    0 1.0000000000 -1.2737493316e+01 -1.2891654550e+01\n   27    0 1.0000000000 -1.2670730657e+01 -1.2796628504e+01\n   28    0 1.0000000000 -1.2601823752e+01 -1.2698952874e+01\n   29    0 1.0000000000 -1.2530811963e+01 -1.2598726012e+01\n   30    0 1.0000000000 -1.2457735676e+01 -1.2496048837e+01\n   31    0 1.0000000000 -1.2382636261e+01 -1.2391024736e+01\n   32    0 1.0000000000 -1.2305556032e+01 -1.2283759460e+01\n   33    0 1.0000000000 -1.2226538202e+01 -1.2174361016e+01\n   34    0 1.0000000000 -1.2145626843e+01 -1.2062939559e+01\n   35    0 1.0000000000 -1.2062866843e+01 -1.1949607281e+01\n   36    0 1.0000000000 -1.1978303858e+01 -1.1834478297e+01\n   37    0 1.0000000000 -1.1891984274e+01 -1.1717668533e+01\n   38    0 1.0000000000 -1.1803955155e+01 -1.1599295607e+01\n   39    0 1.0000000000 -1.1714264205e+01 -1.1479478710e+01\n   40    0 1.0000000000 -1.1622959715e+01 -1.1358338487e+01\n   41    0 1.0000000000 -1.1530090521e+01 -1.1235996916e+01\n   42    0 1.0000000000 -1.1435705958e+01 -1.1112577185e+01\n   43    0 1.0000000000 -1.1339855812e+01 -1.0988203568e+01\n   44    0 1.0000000000 -1.1242590273e+01 -1.0863001297e+01\n   45    0 1.0000000000 -1.1143959889e+01 -1.0737096441e+01\n   46    0 1.0000000000 -1.1044015520e+01 -1.0610615776e+01\n   47    0 1.0000000000 -1.0942808291e+01 -1.0483686656e+01\n   48    0 1.0000000000 -1.0840389542e+01 -1.0356436889e+01\n   49    0 1.0000000000 -1.0736810790e+01 -1.0228994604e+01\n   50    0 1.0000000000 -1.0632123673e+01 -1.0101488125e+01\n   51    0 1.0000000000 -1.0526379911e+01 -9.9740458405e+00\n   52    0 1.0000000000 -1.0419631259e+01 -9.8467960734e+00\n   53    0 1.0000000000 -1.0311929459e+01 -9.7198669537e+00\n   54    0 1.0000000000 -1.0203326203e+01 -9.5933862883e+00\n   55    0 1.0000000000 -1.0093873079e+01 -9.4674814324e+00\n   56    0 1.0000000000 -9.9836215374e+00 -9.3422791617e+00\n   57    0 1.0000000000 -9.8726228420e+00 -9.2179055442e+00\n   58    0 1.0000000000 -9.7609280314e+00 -9.0944858135e+00\n   59    0 1.0000000000 -9.6485878771e+00 -8.9721442429e+00\n   60    0 1.0000000000 -9.5356528436e+00 -8.8510040199e+00\n   61    0 1.0000000000 -9.4221730493e+00 -8.7311871226e+00\n   62    0 1.0000000000 -9.3081982288e+00 -8.6128141963e+00\n   63    0 1.0000000000 -9.1937776954e+00 -8.4960044326e+00\n   64    0 1.0000000000 -9.0789603056e+00 -8.3808754490e+00\n   65    0 1.0000000000 -8.9637944249e+00 -8.2675431706e+00\n   66    0 1.0000000000 -8.8483278940e+00 -8.1561217134e+00\n   67    0 1.0000000000 -8.7326079974e+00 -8.0467232694e+00\n   68    0 1.0000000000 -8.6166814330e+00 -7.9394579936e+00\n   69    0 1.0000000000 -8.5005942839e+00 -7.8344338929e+00\n   70    0 1.0000000000 -8.3843919909e+00 -7.7317567178e+00\n   71    0 1.0000000000 -8.2681193286e+00 -7.6315298555e+00\n   72    0 1.0000000000 -8.1518203821e+00 -7.5338542258e+00\n   73    0 1.0000000000 -8.0355385270e+00 -7.4388281800e+00\n   74    0 1.0000000000 -7.9193164124e+00 -7.3465474011e+00\n   75    0 1.0000000000 -7.8031959464e+00 -7.2571048081e+00\n   76    0 1.0000000000 -7.6872182864e+00 -7.1705904622e+00\n   77    0 1.0000000000 -7.5714238331e+00 -7.0870914758e+00\n   78    0 1.0000000000 -7.4558522310e+00 -7.0066919254e+00\n   79    0 1.0000000000 -7.3405423761e+00 -6.9294727666e+00\n   80    0 1.0000000000 -7.2255324330e+00 -6.8555117525e+00\n   81    0 1.0000000000 -7.1108598647e+00 -6.7848833556e+00\n   82    0 1.0000000000 -6.9965614797e+00 -6.7176586926e+00\n   83    0 1.0000000000 -6.8826735039e+00 -6.6539054532e+00\n   84    0 1.0000000000 -6.7692316862e+00 -6.5936878313e+00\n   85    0 1.0000000000 -6.6562714571e+00 -6.5370664611e+00\n   86    0 1.0000000000 -6.5438281649e+00 -6.4840983555e+00\n   87    0 1.0000000000 -6.4319374348e+00 -6.4348368489e+00\n   88    0 1.0000000000 -6.3206357290e+00 -6.3893315434e+00\n   89    0 1.0000000000 -6.2099612442e+00 -6.3476282591e+00\n   90    0 1.0000000000 -6.0999554061e+00 -6.3097689875e+00\n   91    0 1.0000000000 -5.9906654773e+00 -6.2757918498e+00\n   92    0 1.0000000000 -5.8821493716e+00 -6.2457310580e+00\n   93    0 1.0000000000 -5.7744851968e+00 -6.2196168809e+00\n   94    0 1.0000000000 -5.6677919696e+00 -6.1974756132e+00\n   95    0 1.0000000000 -5.5622802893e+00 -6.1793295493e+00\n   96    0 1.0000000000 -5.4583986114e+00 -6.1651969607e+00\n   97    0 1.0000000000 -5.3573722902e+00 -6.1550920778e+00\n   98    0 1.0000000000 -5.2641340875e+00 -6.1490250752e+00\n   99    0 1.0000000000 -5.2112773058e+00 -6.1470020620e+00\n  100    0 1.0000000000 -5.2107753298e+00 -6.1461140130e+00\n  101    0 1.0000000000 -5.2092696482e+00 -6.1434507602e+00\n  102    0 1.0000000000 -5.2067610011e+00 -6.1390149853e+00\n  103    0 1.0000000000 -5.2032506209e+00 -6.1328111547e+00\n  104    0 1.0000000000 -5.1987402313e+00 -6.1248455152e+00\n  105    0 1.0000000000 -5.1932320462e+00 -6.1151260874e+00\n  106    0 1.0000000000 -5.1867287670e+00 -6.1036626581e+00\n  107    0 1.0000000000 -5.1792335811e+00 -6.0904667699e+00\n  108    0 1.0000000000 -5.1707501580e+00 -6.0755517099e+00\n  109    0 1.0000000000 -5.1612826470e+00 -6.0589324964e+00\n  110    0 1.0000000000 -5.1508356729e+00 -6.0406258635e+00\n  111    0 1.0000000000 -5.1394143322e+00 -6.0206502444e+00\n  112    0 1.0000000000 -5.1270241884e+00 -5.9990257529e+00\n  113    0 1.0000000000 -5.1136712670e+00 -5.9757741630e+00\n  114    0 1.0000000000 -5.0993620504e+00 -5.9509188871e+00\n  115    0 1.0000000000 -5.0841034722e+00 -5.9244849524e+00\n  116    0 1.0000000000 -5.0679029107e+00 -5.8964989755e+00\n  117    0 1.0000000000 -5.0507681827e+00 -5.8669891361e+00\n  118    0 1.0000000000 -5.0327075367e+00 -5.8359851479e+00\n  119    0 1.0000000000 -5.0137296454e+00 -5.8035182294e+00\n  120    0 1.0000000000 -4.9938435984e+00 -5.7696210720e+00\n  121    0 1.0000000000 -4.9730588940e+00 -5.7343278073e+00\n  122    0 1.0000000000 -4.9513854312e+00 -5.6976739726e+00\n  123    0 1.0000000000 -4.9288335008e+00 -5.6596964753e+00\n  124    0 1.0000000000 -4.9054137767e+00 -5.6204335553e+00\n  125    0 1.0000000000 -4.8811373069e+00 -5.5799247472e+00\n  126    0 1.0000000000 -4.8560155035e+00 -5.5382108399e+00\n  127    0 1.0000000000 -4.8300601332e+00 -5.4953338358e+00\n  128    0 1.0000000000 -4.8032833076e+00 -5.4513369084e+00\n  129    0 1.0000000000 -4.7756974721e+00 -5.4062643588e+00\n  130    0 1.0000000000 -4.7473153961e+00 -5.3601615713e+00\n  131    0 1.0000000000 -4.7181501619e+00 -5.3130749675e+00\n  132    0 1.0000000000 -4.6882151537e+00 -5.2650519596e+00\n  133    0 1.0000000000 -4.6575240468e+00 -5.2161409027e+00\n  134    0 1.0000000000 -4.6260907955e+00 -5.1663910461e+00\n  135    0 1.0000000000 -4.5939296224e+00 -5.1158524837e+00\n  136    0 1.0000000000 -4.5610550060e+00 -5.0645761035e+00\n  137    0 1.0000000000 -4.5274816693e+00 -5.0126135366e+00\n  138    0 1.0000000000 -4.4932245677e+00 -4.9600171047e+00\n  139    0 1.0000000000 -4.4582988770e+00 -4.9068397680e+00\n  140    0 1.0000000000 -4.4227199809e+00 -4.8531350717e+00\n  141    0 1.0000000000 -4.3865034590e+00 -4.7989570918e+00\n  142    0 1.0000000000 -4.3496650747e+00 -4.7443603809e+00\n  143    0 1.0000000000 -4.3122207623e+00 -4.6893999133e+00\n  144    0 1.0000000000 -4.2741866148e+00 -4.6341310296e+00\n  145    0 1.0000000000 -4.2355788715e+00 -4.5786093807e+00\n  146    0 1.0000000000 -4.1964139057e+00 -4.5228908723e+00\n  147    0 1.0000000000 -4.1567082117e+00 -4.4670316083e+00\n  148    0 1.0000000000 -4.1164783932e+00 -4.4110878340e+00\n  149    0 1.0000000000 -4.0757411500e+00 -4.3551158803e+00\n  150    0 1.0000000000 -4.0345132666e+00 -4.2991721061e+00\n  151    0 1.0000000000 -3.9928115992e+00 -4.2433128421e+00\n  152    0 1.0000000000 -3.9506530640e+00 -4.1875943337e+00\n  153    0 1.0000000000 -3.9080546249e+00 -4.1320726848e+00\n  154    0 1.0000000000 -3.8650332818e+00 -4.0768038010e+00\n  155    0 1.0000000000 -3.8216060586e+00 -4.0218433334e+00\n  156    0 1.0000000000 -3.7777899916e+00 -3.9672466225e+00\n  157    0 1.0000000000 -3.7336021184e+00 -3.9130686426e+00\n  158    0 1.0000000000 -3.6890594659e+00 -3.8593639463e+00\n  159    0 1.0000000000 -3.6441790400e+00 -3.8061866097e+00\n  160    0 1.0000000000 -3.5989778146e+00 -3.7535901778e+00\n  161    0 1.0000000000 -3.5534727205e+00 -3.7016276108e+00\n  162    0 1.0000000000 -3.5076806361e+00 -3.6503512307e+00\n  163    0 1.0000000000 -3.4616183764e+00 -3.5998126682e+00\n  164    0 1.0000000000 -3.4153026844e+00 -3.5500628116e+00\n  165    0 1.0000000000 -3.3687502209e+00 -3.5011517548e+00\n  166    0 1.0000000000 -3.3219775562e+00 -3.4531287469e+00\n  167    0 1.0000000000 -3.2750011619e+00 -3.4060421431e+00\n  168    0 1.0000000000 -3.2278374024e+00 -3.3599393556e+00\n  169    0 1.0000000000 -3.1805025283e+00 -3.3148668060e+00\n  170    0 1.0000000000 -3.1330126691e+00 -3.2708698785e+00\n  171    0 1.0000000000 -3.0853838281e+00 -3.2279928744e+00\n  172    0 1.0000000000 -3.0376318772e+00 -3.1862789671e+00\n  173    0 1.0000000000 -2.9897725528e+00 -3.1457701591e+00\n  174    0 1.0000000000 -2.9418214538e+00 -3.1065072391e+00\n  175    0 1.0000000000 -2.8937940407e+00 -3.0685297417e+00\n  176    0 1.0000000000 -2.8457056367e+00 -3.0318759070e+00\n  177    0 1.0000000000 -2.7975714319e+00 -2.9965826423e+00\n  178    0 1.0000000000 -2.7494064907e+00 -2.9626854850e+00\n  179    0 1.0000000000 -2.7012257640e+00 -2.9302185665e+00\n  180    0 1.0000000000 -2.6530441075e+00 -2.8992145783e+00\n  181    0 1.0000000000 -2.6048763097e+00 -2.8697047388e+00\n  182    0 1.0000000000 -2.5567371312e+00 -2.8417187620e+00\n  183    0 1.0000000000 -2.5086413631e+00 -2.8152848272e+00\n  184    0 1.0000000000 -2.4606039123e+00 -2.7904295513e+00\n  185    0 1.0000000000 -2.4126399282e+00 -2.7671779615e+00\n  186    0 1.0000000000 -2.3647649946e+00 -2.7455534700e+00\n  187    0 1.0000000000 -2.3169954280e+00 -2.7255778509e+00\n  188    0 1.0000000000 -2.2693487548e+00 -2.7072712180e+00\n  189    0 1.0000000000 -2.2218445070e+00 -2.6906520045e+00\n  190    0 1.0000000000 -2.1745056070e+00 -2.6757369445e+00\n  191    0 1.0000000000 -2.1273609240e+00 -2.6625410563e+00\n  192    0 1.0000000000 -2.0804503316e+00 -2.6510776269e+00\n  193    0 1.0000000000 -2.0338356590e+00 -2.6413581992e+00\n  194    0 1.0000000000 -1.9876273694e+00 -2.6333925596e+00\n  195    0 1.0000000000 -1.9420609941e+00 -2.6271887290e+00\n  196    0 1.0000000000 -1.8977744740e+00 -2.6227529541e+00\n  197    0 1.0000000000 -1.8572531970e+00 -2.6200897013e+00\n  198    0 1.0000000000 -1.8350294047e+00 -2.6192016523e+00\n  199    0 1.0000000000 -1.8823198537e+00 -2.6209780360e+00\n  200    0 1.0000000000 -1.9689952411e+00 -2.6263088249e+00\n  201    0 1.0000000000 -2.0625485795e+00 -2.6351989166e+00\n  202    0 1.0000000000 -2.1591704847e+00 -2.6476564230e+00\n  203    0 1.0000000000 -2.2581313660e+00 -2.6636925925e+00\n  204    0 1.0000000000 -2.3592070460e+00 -2.6833217035e+00\n  205    0 1.0000000000 -2.4623097348e+00 -2.7065609273e+00\n  206    0 1.0000000000 -2.5673999742e+00 -2.7334301619e+00\n  207    0 1.0000000000 -2.6744583630e+00 -2.7639518380e+00\n  208    0 1.0000000000 -2.7834745348e+00 -2.7981506970e+00\n  209    0 1.0000000000 -2.8944422167e+00 -2.8360535425e+00\n  210    0 1.0000000000 -3.0073567578e+00 -2.8776889670e+00\n  211    0 1.0000000000 -3.1222137736e+00 -2.9230870542e+00\n  212    0 1.0000000000 -3.2390083381e+00 -2.9722790586e+00\n  213    0 1.0000000000 -3.3577344636e+00 -3.0252970646e+00\n  214    0 1.0000000000 -3.4783847397e+00 -3.0821736249e+00\n  215    0 1.0000000000 -3.6009500649e+00 -3.1429413821e+00\n  216    0 1.0000000000 -3.7254194346e+00 -3.2076326738e+00\n  217    0 1.0000000000 -3.8517797640e+00 -3.2762791232e+00\n  218    0 1.0000000000 -3.9800157343e+00 -3.3489112179e+00\n  219    0 1.0000000000 -4.1101096537e+00 -3.4255578778e+00\n  220    0 1.0000000000 -4.2420413313e+00 -3.5062460154e+00\n  221    0 1.0000000000 -4.3757879573e+00 -3.5910000893e+00\n  222    0 1.0000000000 -4.5113239912e+00 -3.6798416540e+00\n  223    0 1.0000000000 -4.6486210555e+00 -3.7727889080e+00\n  224    0 1.0000000000 -4.7876478338e+00 -3.8698562416e+00\n  225    0 1.0000000000 -4.9283699751e+00 -3.9710537877e+00\n  226    0 1.0000000000 -5.0707500014e+00 -4.0763869777e+00\n  227    0 1.0000000000 -5.2147472213e+00 -4.1858561031e+00\n  228    0 1.0000000000 -5.3603176488e+00 -4.2994558876e+00\n  229    0 1.0000000000 -5.5074139271e+00 -4.4171750696e+00\n  230    0 1.0000000000 -5.6559852585e+00 -4.5389959981e+00\n  231    0 1.0000000000 -5.8059773401e+00 -4.6648942444e+00\n  232    0 1.0000000000 -5.9573323071e+00 -4.7948382315e+00\n  233    0 1.0000000000 -6.1099886819e+00 -4.9287888818e+00\n  234    0 1.0000000000 -6.2638813314e+00 -5.0666992877e+00\n  235    0 1.0000000000 -6.4189414317e+00 -5.2085144042e+00\n  236    0 1.0000000000 -6.5750964418e+00 -5.3541707671e+00\n  237    0 1.0000000000 -6.7322700849e+00 -5.5035962370e+00\n  238    0 1.0000000000 -6.8903823397e+00 -5.6567097723e+00\n  239    0 1.0000000000 -7.0493494410e+00 -5.8134212311e+00\n  240    0 1.0000000000 -7.2090838893e+00 -5.9736312043e+00\n  241    0 1.0000000000 -7.3694944720e+00 -6.1372308802e+00\n  242    0 1.0000000000 -7.5304862937e+00 -6.3041019432e+00\n  243    0 1.0000000000 -7.6919608180e+00 -6.4741165054e+00\n  244    0 1.0000000000 -7.8538159202e+00 -6.6471370744e+00\n  245    0 1.0000000000 -8.0159459510e+00 -6.8230165556e+00\n  246    0 1.0000000000 -8.1782418115e+00 -7.0015982912e+00\n  247    0 1.0000000000 -8.3405910403e+00 -7.1827161357e+00\n  248    0 1.0000000000 -8.5028779112e+00 -7.3661945684e+00\n  249    0 1.0000000000 -8.6649835438e+00 -7.5518488418e+00\n  250    0 1.0000000000 -8.8267860244e+00 -7.7394851686e+00\n  251    0 1.0000000000 -8.9881605398e+00 -7.9289009436e+00\n  252    0 1.0000000000 -9.1489795215e+00 -8.1198850032e+00\n  253    0 1.0000000000 -9.3091128023e+00 -8.3122179202e+00\n  254    0 1.0000000000 -9.4684277831e+00 -8.5056723339e+00\n  255    0 1.0000000000 -9.6267896114e+00 -8.7000133149e+00\n  256    0 1.0000000000 -9.7840613704e+00 -8.8949987629e+00\n  257    0 1.0000000000 -9.9401042781e+00 -9.0903798379e+00\n  258    0 1.0000000000 -1.0094777897e+01 -9.2859014217e+00\n  259    0 1.0000000000 -1.0247940351e+01 -9.4813026103e+00\n  260    0 1.0000000000 -1.0399448558e+01 -9.6763172339e+00\n  261    0 1.0000000000 -1.0549158459e+01 -9.8706744051e+00\n  262    0 1.0000000000 -1.0696925271e+01 -1.0064099091e+01\n  263    0 1.0000000000 -1.0842603733e+01 -1.0256312711e+01\n  264    0 1.0000000000 -1.0986048365e+01 -1.0447033752e+01\n  265    0 1.0000000000 -1.1127113735e+01 -1.0635978409e+01\n  266    0 1.0000000000 -1.1265654730e+01 -1.0822861240e+01\n  267    0 1.0000000000 -1.1401526826e+01 -1.1007395835e+01\n  268    0 1.0000000000 -1.1534586371e+01 -1.1189295499e+01\n  269    0 1.0000000000 -1.1664690864e+01 -1.1368273954e+01\n  270    0 1.0000000000 -1.1791699241e+01 -1.1544046031e+01\n  271    0 1.0000000000 -1.1915472157e+01 -1.1716328391e+01\n  272    0 1.0000000000 -1.2035872277e+01 -1.1884840232e+01\n  273    0 1.0000000000 -1.2152764553e+01 -1.2049304004e+01\n  274    0 1.0000000000 -1.2266016519e+01 -1.2209446125e+01\n  275    0 1.0000000000 -1.2375498561e+01 -1.2364997694e+01\n  276    0 1.0000000000 -1.2481084207e+01 -1.2515695186e+01\n  277    0 1.0000000000 -1.2582650395e+01 -1.2661281159e+01\n  278    0 1.0000000000 -1.2680077743e+01 -1.2801504929e+01\n  279    0 1.0000000000 -1.2773250819e+01 -1.2936123250e+01\n  280    0 1.0000000000 -1.2862058395e+01 -1.3064900963e+01\n  281    0 1.0000000000 -1.2946393695e+01 -1.3187611639e+01\n  282    0 1.0000000000 -1.3026154645e+01 -1.3304038191e+01\n  283    0 1.0000000000 -1.3101244097e+01 -1.3413973478e+01\n  284    0 1.0000000000 -1.3171570060e+01 -1.3517220864e+01\n  285    0 1.0000000000 -1.3237045908e+01 -1.3613594773e+01\n  286    0 1.0000000000 -1.3297590584e+01 -1.3702921198e+01\n  287    0 1.0000000000 -1.3353128789e+01 -1.3785038187e+01\n  288    0 1.0000000000 -1.3403591157e+01 -1.3859796298e+01\n  289    0 1.0000000000 -1.3448914420e+01 -1.3927059017e+01\n  290    0 1.0000000000 -1.3489041560e+01 -1.3986703143e+01\n  291    0 1.0000000000 -1.3523921940e+01 -1.4038619132e+01\n  292    0 1.0000000000 -1.3553511428e+01 -1.4082711412e+01\n  293    0 1.0000000000 -1.3577772498e+01 -1.4118898649e+01\n  294    0 1.0000000000 -1.3596674328e+01 -1.4147113981e+01\n  295    0 1.0000000000 -1.3610192865e+01 -1.4167305205e+01\n  296    0 1.0000000000 -1.3618310887e+01 -1.4179434927e+01\n  297    0 1.0000000000 -1.3621018045e+01 -1.4183480668e+01\n