SINGLE-ORBITAL NN+NNN EFFECTIVE MODEL FIT

m=3
eon=0.0
t0=1.0
l_decay=0.5
dl=0.75
pairing=./m=3/pairing.txt
microscopic_orbitals=20

E_eff(k) = eps0 + 2*t1[cos(k.u1)+cos(k.u2)] + 4*t2*cos(k.u1)*cos(k.u2)

eps0     = -9.66696448805409e+00
t1       = -1.02928083326614e+00
t2       = -1.22492084016566e-01

RMSE=5.44551224776147e-01
MAE=4.57581830927246e-01
max_abs_error=1.14406823035260e+00
optimizer_success=True
optimizer_message=Linear least-squares solution
minimum_tracking_continuity=1.0000000000
mean_tracking_continuity=1.0000000000

# k_index idx continuity target fit\n    0    0 1.0000000000 -1.3805633555e+01 -1.4274056157e+01\n    1    0 1.0000000000 -1.3804899700e+01 -1.4272773080e+01\n    2    0 1.0000000000 -1.3802698402e+01 -1.4268925142e+01\n    3    0 1.0000000000 -1.3799030473e+01 -1.4262516216e+01\n    4    0 1.0000000000 -1.3793897261e+01 -1.4253552756e+01\n    5    0 1.0000000000 -1.3787300653e+01 -1.4242043788e+01\n    6    0 1.0000000000 -1.3779243073e+01 -1.4228000900e+01\n    7    0 1.0000000000 -1.3769727479e+01 -1.4211438232e+01\n    8    0 1.0000000000 -1.3758757364e+01 -1.4192372461e+01\n    9    0 1.0000000000 -1.3746336749e+01 -1.4170822785e+01\n   10    0 1.0000000000 -1.3732470183e+01 -1.4146810903e+01\n   11    0 1.0000000000 -1.3717162740e+01 -1.4120360992e+01\n   12    0 1.0000000000 -1.3700420013e+01 -1.4091499685e+01\n   13    0 1.0000000000 -1.3682248113e+01 -1.4060256044e+01\n   14    0 1.0000000000 -1.3662653660e+01 -1.4026661528e+01\n   15    0 1.0000000000 -1.3641643784e+01 -1.3990749963e+01\n   16    0 1.0000000000 -1.3619226115e+01 -1.3952557510e+01\n   17    0 1.0000000000 -1.3595408779e+01 -1.3912122625e+01\n   18    0 1.0000000000 -1.3570200395e+01 -1.3869486023e+01\n   19    0 1.0000000000 -1.3543610062e+01 -1.3824690635e+01\n   20    0 1.0000000000 -1.3515647361e+01 -1.3777781566e+01\n   21    0 1.0000000000 -1.3486322342e+01 -1.3728806050e+01\n   22    0 1.0000000000 -1.3455645517e+01 -1.3677813401e+01\n   23    0 1.0000000000 -1.3423627857e+01 -1.3624854964e+01\n   24    0 1.0000000000 -1.3390280779e+01 -1.3569984065e+01\n   25    0 1.0000000000 -1.3355616142e+01 -1.3513255952e+01\n   26    0 1.0000000000 -1.3319646235e+01 -1.3454727747e+01\n   27    0 1.0000000000 -1.3282383771e+01 -1.3394458383e+01\n   28    0 1.0000000000 -1.3243841878e+01 -1.3332508545e+01\n   29    0 1.0000000000 -1.3204034088e+01 -1.3268940612e+01\n   30    0 1.0000000000 -1.3162974328e+01 -1.3203818592e+01\n   31    0 1.0000000000 -1.3120676912e+01 -1.3137208056e+01\n   32    0 1.0000000000 -1.3077156530e+01 -1.3069176077e+01\n   33    0 1.0000000000 -1.3032428236e+01 -1.2999791156e+01\n   34    0 1.0000000000 -1.2986507442e+01 -1.2929123158e+01\n   35    0 1.0000000000 -1.2939409904e+01 -1.2857243240e+01\n   36    0 1.0000000000 -1.2891151711e+01 -1.2784223779e+01\n   37    0 1.0000000000 -1.2841749276e+01 -1.2710138299e+01\n   38    0 1.0000000000 -1.2791219325e+01 -1.2635061398e+01\n   39    0 1.0000000000 -1.2739578884e+01 -1.2559068672e+01\n   40    0 1.0000000000 -1.2686845270e+01 -1.2482236639e+01\n   41    0 1.0000000000 -1.2633036076e+01 -1.2404642664e+01\n   42    0 1.0000000000 -1.2578169165e+01 -1.2326364875e+01\n   43    0 1.0000000000 -1.2522262651e+01 -1.2247482093e+01\n   44    0 1.0000000000 -1.2465334894e+01 -1.2168073745e+01\n   45    0 1.0000000000 -1.2407404484e+01 -1.2088219790e+01\n   46    0 1.0000000000 -1.2348490230e+01 -1.2008000632e+01\n   47    0 1.0000000000 -1.2288611149e+01 -1.1927497047e+01\n   48    0 1.0000000000 -1.2227786453e+01 -1.1846790095e+01\n   49    0 1.0000000000 -1.2166035537e+01 -1.1765961039e+01\n   50    0 1.0000000000 -1.2103377967e+01 -1.1685091270e+01\n   51    0 1.0000000000 -1.2039833468e+01 -1.1604262215e+01\n   52    0 1.0000000000 -1.1975421911e+01 -1.1523555262e+01\n   53    0 1.0000000000 -1.1910163304e+01 -1.1443051677e+01\n   54    0 1.0000000000 -1.1844077775e+01 -1.1362832519e+01\n   55    0 1.0000000000 -1.1777185563e+01 -1.1282978564e+01\n   56    0 1.0000000000 -1.1709507008e+01 -1.1203570216e+01\n   57    0 1.0000000000 -1.1641062532e+01 -1.1124687434e+01\n   58    0 1.0000000000 -1.1571872636e+01 -1.1046409645e+01\n   59    0 1.0000000000 -1.1501957883e+01 -1.0968815670e+01\n   60    0 1.0000000000 -1.1431338884e+01 -1.0891983637e+01\n   61    0 1.0000000000 -1.1360036294e+01 -1.0815990911e+01\n   62    0 1.0000000000 -1.1288070794e+01 -1.0740914010e+01\n   63    0 1.0000000000 -1.1215463080e+01 -1.0666828530e+01\n   64    0 1.0000000000 -1.1142233858e+01 -1.0593809069e+01\n   65    0 1.0000000000 -1.1068403823e+01 -1.0521929151e+01\n   66    0 1.0000000000 -1.0993993658e+01 -1.0451261153e+01\n   67    0 1.0000000000 -1.0919024016e+01 -1.0381876232e+01\n   68    0 1.0000000000 -1.0843515512e+01 -1.0313844253e+01\n   69    0 1.0000000000 -1.0767488714e+01 -1.0247233717e+01\n   70    0 1.0000000000 -1.0690964130e+01 -1.0182111697e+01\n   71    0 1.0000000000 -1.0613962199e+01 -1.0118543764e+01\n   72    0 1.0000000000 -1.0536503283e+01 -1.0056593927e+01\n   73    0 1.0000000000 -1.0458607654e+01 -9.9963245622e+00\n   74    0 1.0000000000 -1.0380295488e+01 -9.9377963572e+00\n   75    0 1.0000000000 -1.0301586854e+01 -9.8810682446e+00\n   76    0 1.0000000000 -1.0222501703e+01 -9.8261973447e+00\n   77    0 1.0000000000 -1.0143059866e+01 -9.7732389080e+00\n   78    0 1.0000000000 -1.0063281038e+01 -9.7222462590e+00\n   79    0 1.0000000000 -9.9831847783e+00 -9.6732707431e+00\n   80    0 1.0000000000 -9.9027904947e+00 -9.6263616744e+00\n   81    0 1.0000000000 -9.8221174432e+00 -9.5815662864e+00\n   82    0 1.0000000000 -9.7411847187e+00 -9.5389296842e+00\n   83    0 1.0000000000 -9.6600112509e+00 -9.4984947994e+00\n   84    0 1.0000000000 -9.5786157995e+00 -9.4603023463e+00\n   85    0 1.0000000000 -9.4970169516e+00 -9.4243907816e+00\n   86    0 1.0000000000 -9.4152331214e+00 -9.3907962652e+00\n   87    0 1.0000000000 -9.3332825532e+00 -9.3595526238e+00\n   88    0 1.0000000000 -9.2511833298e+00 -9.3306913173e+00\n   89    0 1.0000000000 -9.1689533896e+00 -9.3042414064e+00\n   90    0 1.0000000000 -9.0866105601e+00 -9.2802295240e+00\n   91    0 1.0000000000 -9.0041726203e+00 -9.2586798481e+00\n   92    0 1.0000000000 -8.9216574219e+00 -9.2396140773e+00\n   93    0 1.0000000000 -8.8390831369e+00 -9.2230514092e+00\n   94    0 1.0000000000 -8.7564688075e+00 -9.2090085211e+00\n   95    0 1.0000000000 -8.6738357294e+00 -9.1974995529e+00\n   96    0 1.0000000000 -8.5912116014e+00 -9.1885360932e+00\n   97    0 1.0000000000 -8.5086470965e+00 -9.1821271674e+00\n   98    0 1.0000000000 -8.4263307937e+00 -9.1782792288e+00\n   99    0 1.0000000000 -8.3537603866e+00 -9.1769961520e+00\n  100    0 1.0000000000 -8.3533461815e+00 -9.1762064317e+00\n  101    0 1.0000000000 -8.3521036949e+00 -9.1738380661e+00\n  102    0 1.0000000000 -8.3500333138e+00 -9.1698934399e+00\n  103    0 1.0000000000 -8.3471356826e+00 -9.1643765251e+00\n  104    0 1.0000000000 -8.3434117030e+00 -9.1572928765e+00\n  105    0 1.0000000000 -8.3388625335e+00 -9.1486496270e+00\n  106    0 1.0000000000 -8.3334895883e+00 -9.1384554796e+00\n  107    0 1.0000000000 -8.3272945366e+00 -9.1267206988e+00\n  108    0 1.0000000000 -8.3202793017e+00 -9.1134571006e+00\n  109    0 1.0000000000 -8.3124460596e+00 -9.0986780403e+00\n  110    0 1.0000000000 -8.3037972376e+00 -9.0823983992e+00\n  111    0 1.0000000000 -8.2943355129e+00 -9.0646345695e+00\n  112    0 1.0000000000 -8.2840638110e+00 -9.0454044378e+00\n  113    0 1.0000000000 -8.2729853033e+00 -9.0247273674e+00\n  114    0 1.0000000000 -8.2611034058e+00 -9.0026241782e+00\n  115    0 1.0000000000 -8.2484217766e+00 -8.9791171262e+00\n  116    0 1.0000000000 -8.2349443137e+00 -8.9542298812e+00\n  117    0 1.0000000000 -8.2206751524e+00 -8.9279875024e+00\n  118    0 1.0000000000 -8.2056186630e+00 -8.9004164136e+00\n  119    0 1.0000000000 -8.1897794479e+00 -8.8715443767e+00\n  120    0 1.0000000000 -8.1731623386e+00 -8.8414004633e+00\n  121    0 1.0000000000 -8.1557723929e+00 -8.8100150258e+00\n  122    0 1.0000000000 -8.1376148920e+00 -8.7774196667e+00\n  123    0 1.0000000000 -8.1186953365e+00 -8.7436472067e+00\n  124    0 1.0000000000 -8.0990194440e+00 -8.7087316519e+00\n  125    0 1.0000000000 -8.0785931446e+00 -8.6727081591e+00\n  126    0 1.0000000000 -8.0574225781e+00 -8.6356130012e+00\n  127    0 1.0000000000 -8.0355140896e+00 -8.5974835296e+00\n  128    0 1.0000000000 -8.0128742263e+00 -8.5583581376e+00\n  129    0 1.0000000000 -7.9895097328e+00 -8.5182762212e+00\n  130    0 1.0000000000 -7.9654275477e+00 -8.4772781393e+00\n  131    0 1.0000000000 -7.9406347989e+00 -8.4354051737e+00\n  132    0 1.0000000000 -7.9151387998e+00 -8.3926994868e+00\n  133    0 1.0000000000 -7.8889470446e+00 -8.3492040796e+00\n  134    0 1.0000000000 -7.8620672038e+00 -8.3049627483e+00\n  135    0 1.0000000000 -7.8345071201e+00 -8.2600200403e+00\n  136    0 1.0000000000 -7.8062748033e+00 -8.2144212089e+00\n  137    0 1.0000000000 -7.7773784258e+00 -8.1682121684e+00\n  138    0 1.0000000000 -7.7478263180e+00 -8.1214394474e+00\n  139    0 1.0000000000 -7.7176269632e+00 -8.0741501419e+00\n  140    0 1.0000000000 -7.6867889929e+00 -8.0263918684e+00\n  141    0 1.0000000000 -7.6553211816e+00 -7.9782127154e+00\n  142    0 1.0000000000 -7.6232324421e+00 -7.9296611951e+00\n  143    0 1.0000000000 -7.5905318203e+00 -7.8807861949e+00\n  144    0 1.0000000000 -7.5572284900e+00 -7.8316369277e+00\n  145    0 1.0000000000 -7.5233317480e+00 -7.7822628826e+00\n  146    0 1.0000000000 -7.4888510086e+00 -7.7327137753e+00\n  147    0 1.0000000000 -7.4537957989e+00 -7.6830394973e+00\n  148    0 1.0000000000 -7.4181757528e+00 -7.6332900666e+00\n  149    0 1.0000000000 -7.3820006065e+00 -7.5835155765e+00\n  150    0 1.0000000000 -7.3452801929e+00 -7.5337661457e+00\n  151    0 1.0000000000 -7.3080244361e+00 -7.4840918678e+00\n  152    0 1.0000000000 -7.2702433466e+00 -7.4345427604e+00\n  153    0 1.0000000000 -7.2319470156e+00 -7.3851687154e+00\n  154    0 1.0000000000 -7.1931456099e+00 -7.3360194482e+00\n  155    0 1.0000000000 -7.1538493664e+00 -7.2871444480e+00\n  156    0 1.0000000000 -7.1140685871e+00 -7.2385929277e+00\n  157    0 1.0000000000 -7.0738136338e+00 -7.1904137746e+00\n  158    0 1.0000000000 -7.0330949227e+00 -7.1426555011e+00\n  159    0 1.0000000000 -6.9919229190e+00 -7.0953661957e+00\n  160    0 1.0000000000 -6.9503081324e+00 -7.0485934746e+00\n  161    0 1.0000000000 -6.9082611112e+00 -7.0023844341e+00\n  162    0 1.0000000000 -6.8657924375e+00 -6.9567856028e+00\n  163    0 1.0000000000 -6.8229127223e+00 -6.9118428947e+00\n  164    0 1.0000000000 -6.7796326001e+00 -6.8676015635e+00\n  165    0 1.0000000000 -6.7359627242e+00 -6.8241061563e+00\n  166    0 1.0000000000 -6.6919137618e+00 -6.7814004694e+00\n  167    0 1.0000000000 -6.6474963888e+00 -6.7395275037e+00\n  168    0 1.0000000000 -6.6027212856e+00 -6.6985294219e+00\n  169    0 1.0000000000 -6.5575991319e+00 -6.6584475054e+00\n  170    0 1.0000000000 -6.5121406025e+00 -6.6193221134e+00\n  171    0 1.0000000000 -6.4663563625e+00 -6.5811926419e+00\n  172    0 1.0000000000 -6.4202570630e+00 -6.5440974839e+00\n  173    0 1.0000000000 -6.3738533370e+00 -6.5080739912e+00\n  174    0 1.0000000000 -6.3271557950e+00 -6.4731584363e+00\n  175    0 1.0000000000 -6.2801750215e+00 -6.4393859763e+00\n  176    0 1.0000000000 -6.2329215708e+00 -6.4067906172e+00\n  177    0 1.0000000000 -6.1854059637e+00 -6.3754051797e+00\n  178    0 1.0000000000 -6.1376386846e+00 -6.3452612663e+00\n  179    0 1.0000000000 -6.0896301783e+00 -6.3163892294e+00\n  180    0 1.0000000000 -6.0413908481e+00 -6.2888181407e+00\n  181    0 1.0000000000 -5.9929310543e+00 -6.2625757619e+00\n  182    0 1.0000000000 -5.9442611133e+00 -6.2376885168e+00\n  183    0 1.0000000000 -5.8953912987e+00 -6.2141814649e+00\n  184    0 1.0000000000 -5.8463318446e+00 -6.1920782757e+00\n  185    0 1.0000000000 -5.7970929509e+00 -6.1714012052e+00\n  186    0 1.0000000000 -5.7476847947e+00 -6.1521710736e+00\n  187    0 1.0000000000 -5.6981175491e+00 -6.1344072439e+00\n  188    0 1.0000000000 -5.6484014151e+00 -6.1181276028e+00\n  189    0 1.0000000000 -5.5985466781e+00 -6.1033485425e+00\n  190    0 1.0000000000 -5.5485638073e+00 -6.0900849443e+00\n  191    0 1.0000000000 -5.4984636455e+00 -6.0783501635e+00\n  192    0 1.0000000000 -5.4482577885e+00 -6.0681560160e+00\n  193    0 1.0000000000 -5.3979594251e+00 -6.0595127665e+00\n  194    0 1.0000000000 -5.3475854351e+00 -6.0524291180e+00\n  195    0 1.0000000000 -5.2971626722e+00 -6.0469122031e+00\n  196    0 1.0000000000 -5.2467529307e+00 -6.0429675769e+00\n  197    0 1.0000000000 -5.1966237627e+00 -6.0405992113e+00\n  198    0 1.0000000000 -5.1552583615e+00 -6.0398094911e+00\n  199    0 1.0000000000 -5.2432986652e+00 -6.0413890558e+00\n  200    0 1.0000000000 -5.3455425321e+00 -6.0461276488e+00\n  201    0 1.0000000000 -5.4487884743e+00 -6.0540249612e+00\n  202    0 1.0000000000 -5.5528753992e+00 -6.0650804581e+00\n  203    0 1.0000000000 -5.6577604036e+00 -6.0792933499e+00\n  204    0 1.0000000000 -5.7634184732e+00 -6.0966625509e+00\n  205    0 1.0000000000 -5.8698289231e+00 -6.1171866275e+00\n  206    0 1.0000000000 -5.9769720804e+00 -6.1408637350e+00\n  207    0 1.0000000000 -6.0848281844e+00 -6.1676915434e+00\n  208    0 1.0000000000 -6.1933769412e+00 -6.1976671532e+00\n  209    0 1.0000000000 -6.3025973153e+00 -6.2307870017e+00\n  210    0 1.0000000000 -6.4124674184e+00 -6.2670467586e+00\n  211    0 1.0000000000 -6.5229644441e+00 -6.3064412141e+00\n  212    0 1.0000000000 -6.6340646257e+00 -6.3489641578e+00\n  213    0 1.0000000000 -6.7457432066e+00 -6.3946082506e+00\n  214    0 1.0000000000 -6.8579744181e+00 -6.4433648887e+00\n  215    0 1.0000000000 -6.9707314624e+00 -6.4952240624e+00\n  216    0 1.0000000000 -7.0839864990e+00 -6.5501742084e+00\n  217    0 1.0000000000 -7.1977106340e+00 -6.6082020579e+00\n  218    0 1.0000000000 -7.3118739112e+00 -6.6692924805e+00\n  219    0 1.0000000000 -7.4264453052e+00 -6.7334283254e+00\n  220    0 1.0000000000 -7.5413927170e+00 -6.8005902595e+00\n  221    0 1.0000000000 -7.6566829701e+00 -6.8707566052e+00\n  222    0 1.0000000000 -7.7722818096e+00 -6.9439031769e+00\n  223    0 1.0000000000 -7.8881539023e+00 -7.0200031184e+00\n  224    0 1.0000000000 -8.0042628384e+00 -7.0990267413e+00\n  225    0 1.0000000000 -8.1205711355e+00 -7.1809413662e+00\n  226    0 1.0000000000 -8.2370402440e+00 -7.2657111665e+00\n  227    0 1.0000000000 -8.3536305543e+00 -7.3532970169e+00\n  228    0 1.0000000000 -8.4703014064e+00 -7.4436563463e+00\n  229    0 1.0000000000 -8.5870111004e+00 -7.5367429973e+00\n  230    0 1.0000000000 -8.7037169099e+00 -7.6325070920e+00\n  231    0 1.0000000000 -8.8203750969e+00 -7.7308949055e+00\n  232    0 1.0000000000 -8.9369409289e+00 -7.8318487486e+00\n  233    0 1.0000000000 -9.0533686979e+00 -7.9353068585e+00\n  234    0 1.0000000000 -9.1696117412e+00 -8.0412033011e+00\n  235    0 1.0000000000 -9.2856224650e+00 -8.1494678827e+00\n  236    0 1.0000000000 -9.4013523697e+00 -8.2600260748e+00\n  237    0 1.0000000000 -9.5167520768e+00 -8.3727989494e+00\n  238    0 1.0000000000 -9.6317713591e+00 -8.4877031287e+00\n  239    0 1.0000000000 -9.7463591719e+00 -8.6046507474e+00\n  240    0 1.0000000000 -9.8604636869e+00 -8.7235494288e+00\n  241    0 1.0000000000 -9.9740323285e+00 -8.8443022760e+00\n  242    0 1.0000000000 -1.0087011811e+01 -8.9668078772e+00\n  243    0 1.0000000000 -1.0199348181e+01 -9.0909603269e+00\n  244    0 1.0000000000 -1.0310986855e+01 -9.2166492623e+00\n  245    0 1.0000000000 -1.0421872669e+01 -9.3437599149e+00\n  246    0 1.0000000000 -1.0531949922e+01 -9.4721731795e+00\n  247    0 1.0000000000 -1.0641162424e+01 -9.6017656973e+00\n  248    0 1.0000000000 -1.0749453548e+01 -9.7324099571e+00\n  249    0 1.0000000000 -1.0856766280e+01 -9.8639744112e+00\n  250    0 1.0000000000 -1.0963043273e+01 -9.9963236080e+00\n  251    0 1.0000000000 -1.1068226907e+01 -1.0129318340e+01\n  252    0 1.0000000000 -1.1172259340e+01 -1.0262815810e+01\n  253    0 1.0000000000 -1.1275082569e+01 -1.0396669805e+01\n  254    0 1.0000000000 -1.1376638493e+01 -1.0530730900e+01\n  255    0 1.0000000000 -1.1476868973e+01 -1.0664846658e+01\n  256    0 1.0000000000 -1.1575715896e+01 -1.0798861859e+01\n  257    0 1.0000000000 -1.1673121236e+01 -1.0932618739e+01\n  258    0 1.0000000000 -1.1769027124e+01 -1.1065957236e+01\n  259    0 1.0000000000 -1.1863375914e+01 -1.1198715255e+01\n  260    0 1.0000000000 -1.1956110248e+01 -1.1330728946e+01\n  261    0 1.0000000000 -1.2047173126e+01 -1.1461832987e+01\n  262    0 1.0000000000 -1.2136507974e+01 -1.1591860883e+01\n  263    0 1.0000000000 -1.2224058717e+01 -1.1720645272e+01\n  264    0 1.0000000000 -1.2309769842e+01 -1.1848018239e+01\n  265    0 1.0000000000 -1.2393586476e+01 -1.1973811641e+01\n  266    0 1.0000000000 -1.2475454449e+01 -1.2097857436e+01\n  267    0 1.0000000000 -1.2555320372e+01 -1.2219988020e+01\n  268    0 1.0000000000 -1.2633131698e+01 -1.2340036564e+01\n  269    0 1.0000000000 -1.2708836802e+01 -1.2457837363e+01\n  270    0 1.0000000000 -1.2782385040e+01 -1.2573226181e+01\n  271    0 1.0000000000 -1.2853726827e+01 -1.2686040601e+01\n  272    0 1.0000000000 -1.2922813699e+01 -1.2796120374e+01\n  273    0 1.0000000000 -1.2989598381e+01 -1.2903307767e+01\n  274    0 1.0000000000 -1.3054034858e+01 -1.3007447915e+01\n  275    0 1.0000000000 -1.3116078432e+01 -1.3108389161e+01\n  276    0 1.0000000000 -1.3175685791e+01 -1.3205983400e+01\n  277    0 1.0000000000 -1.3232815072e+01 -1.3300086414e+01\n  278    0 1.0000000000 -1.3287425916e+01 -1.3390558202e+01\n  279    0 1.0000000000 -1.3339479531e+01 -1.3477263306e+01\n  280    0 1.0000000000 -1.3388938750e+01 -1.3560071122e+01\n  281    0 1.0000000000 -1.3435768081e+01 -1.3638856209e+01\n  282    0 1.0000000000 -1.3479933763e+01 -1.3713498580e+01\n  283    0 1.0000000000 -1.3521403816e+01 -1.3783883995e+01\n  284    0 1.0000000000 -1.3560148089e+01 -1.3849904225e+01\n  285    0 1.0000000000 -1.3596138304e+01 -1.3911457316e+01\n  286    0 1.0000000000 -1.3629348101e+01 -1.3968447832e+01\n  287    0 1.0000000000 -1.3659753076e+01 -1.4020787087e+01\n  288    0 1.0000000000 -1.3687330820e+01 -1.4068393363e+01\n  289    0 1.0000000000 -1.3712060952e+01 -1.4111192102e+01\n  290    0 1.0000000000 -1.3733925150e+01 -1.4149116098e+01\n  291    0 1.0000000000 -1.3752907182e+01 -1.4182105653e+01\n  292    0 1.0000000000 -1.3768992927e+01 -1.4210108727e+01\n  293    0 1.0000000000 -1.3782170401e+01 -1.4233081069e+01\n  294    0 1.0000000000 -1.3792429772e+01 -1.4250986321e+01\n  295    0 1.0000000000 -1.3799763378e+01 -1.4263796112e+01\n  296    0 1.0000000000 -1.3804165737e+01 -1.4271490128e+01\n  297    0 1.0000000000 -1.3805633555e+01 -1.4274056157e+01\n