SINGLE-ORBITAL NN+NNN EFFECTIVE MODEL FIT

m=4
eon=0.0
t0=1.0
l_decay=0.5
dl=0.75
pairing=./m=4/pairing.txt
microscopic_orbitals=34

E_eff(k) = eps0 + 2*t1[cos(k.u1)+cos(k.u2)] + 4*t2*cos(k.u1)*cos(k.u2)

eps0     = -1.10675949661982e+01
t1       = -7.17651438325286e-01
t2       = -5.58887822633177e-02

RMSE=4.20679134560253e-01
MAE=3.48071234083885e-01
max_abs_error=9.00271897391976e-01
optimizer_success=True
optimizer_message=Linear least-squares solution
minimum_tracking_continuity=1.0000000000
mean_tracking_continuity=1.0000000000

# k_index idx continuity target fit\n    0    0 1.0000000000 -1.3818232780e+01 -1.4161755849e+01\n    1    0 1.0000000000 -1.3817794559e+01 -1.4160920684e+01\n    2    0 1.0000000000 -1.3816479997e+01 -1.4158416031e+01\n    3    0 1.0000000000 -1.3814289397e+01 -1.4154244411e+01\n    4    0 1.0000000000 -1.3811223262e+01 -1.4148410025e+01\n    5    0 1.0000000000 -1.3807282300e+01 -1.4140918748e+01\n    6    0 1.0000000000 -1.3802467416e+01 -1.4131778123e+01\n    7    0 1.0000000000 -1.3796779718e+01 -1.4120997354e+01\n    8    0 1.0000000000 -1.3790220514e+01 -1.4108587295e+01\n    9    0 1.0000000000 -1.3782791311e+01 -1.4094560444e+01\n   10    0 1.0000000000 -1.3774493813e+01 -1.4078930923e+01\n   11    0 1.0000000000 -1.3765329926e+01 -1.4061714470e+01\n   12    0 1.0000000000 -1.3755301749e+01 -1.4042928421e+01\n   13    0 1.0000000000 -1.3744411578e+01 -1.4022591692e+01\n   14    0 1.0000000000 -1.3732661904e+01 -1.4000724759e+01\n   15    0 1.0000000000 -1.3720055412e+01 -1.3977349643e+01\n   16    0 1.0000000000 -1.3706594979e+01 -1.3952489878e+01\n   17    0 1.0000000000 -1.3692283672e+01 -1.3926170497e+01\n   18    0 1.0000000000 -1.3677124749e+01 -1.3898418001e+01\n   19    0 1.0000000000 -1.3661121653e+01 -1.3869260334e+01\n   20    0 1.0000000000 -1.3644278016e+01 -1.3838726856e+01\n   21    0 1.0000000000 -1.3626597652e+01 -1.3806848312e+01\n   22    0 1.0000000000 -1.3608084560e+01 -1.3773656800e+01\n   23    0 1.0000000000 -1.3588742916e+01 -1.3739185742e+01\n   24    0 1.0000000000 -1.3568577079e+01 -1.3703469846e+01\n   25    0 1.0000000000 -1.3547591580e+01 -1.3666545076e+01\n   26    0 1.0000000000 -1.3525791127e+01 -1.3628448612e+01\n   27    0 1.0000000000 -1.3503180600e+01 -1.3589218814e+01\n   28    0 1.0000000000 -1.3479765047e+01 -1.3548895183e+01\n   29    0 1.0000000000 -1.3455549684e+01 -1.3507518321e+01\n   30    0 1.0000000000 -1.3430539893e+01 -1.3465129891e+01\n   31    0 1.0000000000 -1.3404741217e+01 -1.3421772575e+01\n   32    0 1.0000000000 -1.3378159359e+01 -1.3377490031e+01\n   33    0 1.0000000000 -1.3350800179e+01 -1.3332326846e+01\n   34    0 1.0000000000 -1.3322669692e+01 -1.3286328496e+01\n   35    0 1.0000000000 -1.3293774062e+01 -1.3239541298e+01\n   36    0 1.0000000000 -1.3264119605e+01 -1.3192012363e+01\n   37    0 1.0000000000 -1.3233712781e+01 -1.3143789548e+01\n   38    0 1.0000000000 -1.3202560192e+01 -1.3094921409e+01\n   39    0 1.0000000000 -1.3170668580e+01 -1.3045457152e+01\n   40    0 1.0000000000 -1.3138044824e+01 -1.2995446585e+01\n   41    0 1.0000000000 -1.3104695938e+01 -1.2944940062e+01\n   42    0 1.0000000000 -1.3070629062e+01 -1.2893988440e+01\n   43    0 1.0000000000 -1.3035851469e+01 -1.2842643024e+01\n   44    0 1.0000000000 -1.3000370549e+01 -1.2790955513e+01\n   45    0 1.0000000000 -1.2964193819e+01 -1.2738977952e+01\n   46    0 1.0000000000 -1.2927328908e+01 -1.2686762678e+01\n   47    0 1.0000000000 -1.2889783563e+01 -1.2634362268e+01\n   48    0 1.0000000000 -1.2851565637e+01 -1.2581829485e+01\n   49    0 1.0000000000 -1.2812683094e+01 -1.2529217224e+01\n   50    0 1.0000000000 -1.2773144000e+01 -1.2476578462e+01\n   51    0 1.0000000000 -1.2732956519e+01 -1.2423966201e+01\n   52    0 1.0000000000 -1.2692128915e+01 -1.2371433417e+01\n   53    0 1.0000000000 -1.2650669542e+01 -1.2319033008e+01\n   54    0 1.0000000000 -1.2608586845e+01 -1.2266817734e+01\n   55    0 1.0000000000 -1.2565889354e+01 -1.2214840173e+01\n   56    0 1.0000000000 -1.2522585683e+01 -1.2163152662e+01\n   57    0 1.0000000000 -1.2478684522e+01 -1.2111807245e+01\n   58    0 1.0000000000 -1.2434194638e+01 -1.2060855624e+01\n   59    0 1.0000000000 -1.2389124869e+01 -1.2010349101e+01\n   60    0 1.0000000000 -1.2343484121e+01 -1.1960338533e+01\n   61    0 1.0000000000 -1.2297281364e+01 -1.1910874277e+01\n   62    0 1.0000000000 -1.2250525629e+01 -1.1862006138e+01\n   63    0 1.0000000000 -1.2203226003e+01 -1.1813783323e+01\n   64    0 1.0000000000 -1.2155391629e+01 -1.1766254387e+01\n   65    0 1.0000000000 -1.2107031696e+01 -1.1719467190e+01\n   66    0 1.0000000000 -1.2058155443e+01 -1.1673468840e+01\n   67    0 1.0000000000 -1.2008772151e+01 -1.1628305655e+01\n   68    0 1.0000000000 -1.1958891138e+01 -1.1584023110e+01\n   69    0 1.0000000000 -1.1908521760e+01 -1.1540665795e+01\n   70    0 1.0000000000 -1.1857673405e+01 -1.1498277365e+01\n   71    0 1.0000000000 -1.1806355489e+01 -1.1456900503e+01\n   72    0 1.0000000000 -1.1754577453e+01 -1.1416576872e+01\n   73    0 1.0000000000 -1.1702348760e+01 -1.1377347074e+01\n   74    0 1.0000000000 -1.1649678891e+01 -1.1339250610e+01\n   75    0 1.0000000000 -1.1596577345e+01 -1.1302325840e+01\n   76    0 1.0000000000 -1.1543053628e+01 -1.1266609944e+01\n   77    0 1.0000000000 -1.1489117257e+01 -1.1232138886e+01\n   78    0 1.0000000000 -1.1434777755e+01 -1.1198947374e+01\n   79    0 1.0000000000 -1.1380044643e+01 -1.1167068829e+01\n   80    0 1.0000000000 -1.1324927446e+01 -1.1136535352e+01\n   81    0 1.0000000000 -1.1269435679e+01 -1.1107377685e+01\n   82    0 1.0000000000 -1.1213578854e+01 -1.1079625189e+01\n   83    0 1.0000000000 -1.1157366469e+01 -1.1053305808e+01\n   84    0 1.0000000000 -1.1100808010e+01 -1.1028446043e+01\n   85    0 1.0000000000 -1.1043912947e+01 -1.1005070926e+01\n   86    0 1.0000000000 -1.0986690728e+01 -1.0983203994e+01\n   87    0 1.0000000000 -1.0929150783e+01 -1.0962867265e+01\n   88    0 1.0000000000 -1.0871302515e+01 -1.0944081216e+01\n   89    0 1.0000000000 -1.0813155300e+01 -1.0926864763e+01\n   90    0 1.0000000000 -1.0754718487e+01 -1.0911235242e+01\n   91    0 1.0000000000 -1.0696001394e+01 -1.0897208390e+01\n   92    0 1.0000000000 -1.0637013312e+01 -1.0884798332e+01\n   93    0 1.0000000000 -1.0577763507e+01 -1.0874017562e+01\n   94    0 1.0000000000 -1.0518261230e+01 -1.0864876937e+01\n   95    0 1.0000000000 -1.0458515755e+01 -1.0857385660e+01\n   96    0 1.0000000000 -1.0398536475e+01 -1.0851551275e+01\n   97    0 1.0000000000 -1.0338333321e+01 -1.0847379655e+01\n   98    0 1.0000000000 -1.0277919542e+01 -1.0844875002e+01\n   99    0 1.0000000000 -1.0217644216e+01 -1.0844039837e+01\n  100    0 1.0000000000 -1.0217334639e+01 -1.0843429774e+01\n  101    0 1.0000000000 -1.0216412101e+01 -1.0841600197e+01\n  102    0 1.0000000000 -1.0214876791e+01 -1.0838552950e+01\n  103    0 1.0000000000 -1.0212729026e+01 -1.0834291100e+01\n  104    0 1.0000000000 -1.0209969250e+01 -1.0828818939e+01\n  105    0 1.0000000000 -1.0206598028e+01 -1.0822141977e+01\n  106    0 1.0000000000 -1.0202616052e+01 -1.0814266937e+01\n  107    0 1.0000000000 -1.0198024139e+01 -1.0805201748e+01\n  108    0 1.0000000000 -1.0192823229e+01 -1.0794955539e+01\n  109    0 1.0000000000 -1.0187014386e+01 -1.0783538627e+01\n  110    0 1.0000000000 -1.0180598797e+01 -1.0770962506e+01\n  111    0 1.0000000000 -1.0173577772e+01 -1.0757239841e+01\n  112    0 1.0000000000 -1.0165952742e+01 -1.0742384449e+01\n  113    0 1.0000000000 -1.0157725261e+01 -1.0726411289e+01\n  114    0 1.0000000000 -1.0148897004e+01 -1.0709336442e+01\n  115    0 1.0000000000 -1.0139469765e+01 -1.0691177104e+01\n  116    0 1.0000000000 -1.0129445456e+01 -1.0671951558e+01\n  117    0 1.0000000000 -1.0118826111e+01 -1.0651679163e+01\n  118    0 1.0000000000 -1.0107613878e+01 -1.0630380332e+01\n  119    0 1.0000000000 -1.0095811024e+01 -1.0608076510e+01\n  120    0 1.0000000000 -1.0083419931e+01 -1.0584790157e+01\n  121    0 1.0000000000 -1.0070443094e+01 -1.0560544718e+01\n  122    0 1.0000000000 -1.0056883125e+01 -1.0535364608e+01\n  123    0 1.0000000000 -1.0042742745e+01 -1.0509275180e+01\n  124    0 1.0000000000 -1.0028024787e+01 -1.0482302705e+01\n  125    0 1.0000000000 -1.0012732196e+01 -1.0454474341e+01\n  126    0 1.0000000000 -9.9968680238e+00 -1.0425818109e+01\n  127    0 1.0000000000 -9.9804354299e+00 -1.0396362864e+01\n  128    0 1.0000000000 -9.9634376803e+00 -1.0366138264e+01\n  129    0 1.0000000000 -9.9458781457e+00 -1.0335174743e+01\n  130    0 1.0000000000 -9.9277602998e+00 -1.0303503479e+01\n  131    0 1.0000000000 -9.9090877184e+00 -1.0271156362e+01\n  132    0 1.0000000000 -9.8898640775e+00 -1.0238165963e+01\n  133    0 1.0000000000 -9.8700931517e+00 -1.0204565501e+01\n  134    0 1.0000000000 -9.8497788130e+00 -1.0170388807e+01\n  135    0 1.0000000000 -9.8289250289e+00 -1.0135670296e+01\n  136    0 1.0000000000 -9.8075358608e+00 -1.0100444925e+01\n  137    0 1.0000000000 -9.7856154622e+00 -1.0064748165e+01\n  138    0 1.0000000000 -9.7631680775e+00 -1.0028615957e+01\n  139    0 1.0000000000 -9.7401980394e+00 -9.9920846856e+00\n  140    0 1.0000000000 -9.7167097680e+00 -9.9551911331e+00\n  141    0 1.0000000000 -9.6927077682e+00 -9.9179724486e+00\n  142    0 1.0000000000 -9.6681966287e+00 -9.8804661083e+00\n  143    0 1.0000000000 -9.6431810194e+00 -9.8427098777e+00\n  144    0 1.0000000000 -9.6176656898e+00 -9.8047417743e+00\n  145    0 1.0000000000 -9.5916554674e+00 -9.7666000286e+00\n  146    0 1.0000000000 -9.5651552553e+00 -9.7283230463e+00\n  147    0 1.0000000000 -9.5381700305e+00 -9.6899493689e+00\n  148    0 1.0000000000 -9.5107048418e+00 -9.6515176355e+00\n  149    0 1.0000000000 -9.4827648081e+00 -9.6130665436e+00\n  150    0 1.0000000000 -9.4543551160e+00 -9.5746348102e+00\n  151    0 1.0000000000 -9.4254810182e+00 -9.5362611328e+00\n  152    0 1.0000000000 -9.3961478310e+00 -9.4979841505e+00\n  153    0 1.0000000000 -9.3663609327e+00 -9.4598424048e+00\n  154    0 1.0000000000 -9.3361257614e+00 -9.4218743014e+00\n  155    0 1.0000000000 -9.3054478126e+00 -9.3841180708e+00\n  156    0 1.0000000000 -9.2743326377e+00 -9.3466117305e+00\n  157    0 1.0000000000 -9.2427858416e+00 -9.3093930460e+00\n  158    0 1.0000000000 -9.2108130806e+00 -9.2724994935e+00\n  159    0 1.0000000000 -9.1784200602e+00 -9.2359682217e+00\n  160    0 1.0000000000 -9.1456125335e+00 -9.1998360144e+00\n  161    0 1.0000000000 -9.1123962984e+00 -9.1641392537e+00\n  162    0 1.0000000000 -9.0787771960e+00 -9.1289138832e+00\n  163    0 1.0000000000 -9.0447611085e+00 -9.0941953719e+00\n  164    0 1.0000000000 -9.0103539567e+00 -9.0600186784e+00\n  165    0 1.0000000000 -8.9755616983e+00 -9.0264182157e+00\n  166    0 1.0000000000 -8.9403903256e+00 -8.9934278167e+00\n  167    0 1.0000000000 -8.9048458634e+00 -8.9610806998e+00\n  168    0 1.0000000000 -8.8689343673e+00 -8.9294094359e+00\n  169    0 1.0000000000 -8.8326619210e+00 -8.8984459152e+00\n  170    0 1.0000000000 -8.7960346347e+00 -8.8682213155e+00\n  171    0 1.0000000000 -8.7590586429e+00 -8.8387660702e+00\n  172    0 1.0000000000 -8.7217401024e+00 -8.8101098384e+00\n  173    0 1.0000000000 -8.6840851901e+00 -8.7822814744e+00\n  174    0 1.0000000000 -8.6461001015e+00 -8.7553089990e+00\n  175    0 1.0000000000 -8.6077910481e+00 -8.7292195713e+00\n  176    0 1.0000000000 -8.5691642558e+00 -8.7040394610e+00\n  177    0 1.0000000000 -8.5302259631e+00 -8.6797940225e+00\n  178    0 1.0000000000 -8.4909824186e+00 -8.6565076688e+00\n  179    0 1.0000000000 -8.4514398802e+00 -8.6342038473e+00\n  180    0 1.0000000000 -8.4116046121e+00 -8.6129050160e+00\n  181    0 1.0000000000 -8.3714828842e+00 -8.5926326211e+00\n  182    0 1.0000000000 -8.3310809697e+00 -8.5734070751e+00\n  183    0 1.0000000000 -8.2904051442e+00 -8.5552477367e+00\n  184    0 1.0000000000 -8.2494616838e+00 -8.5381728905e+00\n  185    0 1.0000000000 -8.2082568650e+00 -8.5221997297e+00\n  186    0 1.0000000000 -8.1667969633e+00 -8.5073443378e+00\n  187    0 1.0000000000 -8.1250882539e+00 -8.4936216729e+00\n  188    0 1.0000000000 -8.0831370130e+00 -8.4810455526e+00\n  189    0 1.0000000000 -8.0409495214e+00 -8.4696286399e+00\n  190    0 1.0000000000 -7.9985320719e+00 -8.4593824308e+00\n  191    0 1.0000000000 -7.9558909847e+00 -8.4503172423e+00\n  192    0 1.0000000000 -7.9130326398e+00 -8.4424422023e+00\n  193    0 1.0000000000 -7.8699635490e+00 -8.4357652403e+00\n  194    0 1.0000000000 -7.8266905378e+00 -8.4302930794e+00\n  195    0 1.0000000000 -7.7832212856e+00 -8.4260312296e+00\n  196    0 1.0000000000 -7.7395664369e+00 -8.4229839822e+00\n  197    0 1.0000000000 -7.6957535775e+00 -8.4211544056e+00\n  198    0 1.0000000000 -7.6528749892e+00 -8.4205443420e+00\n  199    0 1.0000000000 -7.7393457654e+00 -8.4217645259e+00\n  200    0 1.0000000000 -7.8278496168e+00 -8.4254245286e+00\n  201    0 1.0000000000 -7.9165374743e+00 -8.4315227009e+00\n  202    0 1.0000000000 -8.0053740616e+00 -8.4400562864e+00\n  203    0 1.0000000000 -8.0943389986e+00 -8.4510214115e+00\n  204    0 1.0000000000 -8.1834141259e+00 -8.4644130696e+00\n  205    0 1.0000000000 -8.2725816562e+00 -8.4802251019e+00\n  206    0 1.0000000000 -8.3618237085e+00 -8.4984501747e+00\n  207    0 1.0000000000 -8.4511221531e+00 -8.5190797515e+00\n  208    0 1.0000000000 -8.5404585511e+00 -8.5421040623e+00\n  209    0 1.0000000000 -8.6298141279e+00 -8.5675120693e+00\n  210    0 1.0000000000 -8.7191697614e+00 -8.5952914292e+00\n  211    0 1.0000000000 -8.8085059775e+00 -8.6254284517e+00\n  212    0 1.0000000000 -8.8978029491e+00 -8.6579080565e+00\n  213    0 1.0000000000 -8.9870404972e+00 -8.6927137267e+00\n  214    0 1.0000000000 -9.0761980940e+00 -8.7298274601e+00\n  215    0 1.0000000000 -9.1652548661e+00 -8.7692297190e+00\n  216    0 1.0000000000 -9.2541895992e+00 -8.8108993778e+00\n  217    0 1.0000000000 -9.3429807436e+00 -8.8548136699e+00\n  218    0 1.0000000000 -9.4316064192e+00 -8.9009481329e+00\n  219    0 1.0000000000 -9.5200444228e+00 -8.9492765542e+00\n  220    0 1.0000000000 -9.6082722341e+00 -8.9997709154e+00\n  221    0 1.0000000000 -9.6962670237e+00 -9.0524013378e+00\n  222    0 1.0000000000 -9.7840056607e+00 -9.1071360277e+00\n  223    0 1.0000000000 -9.8714647211e+00 -9.1639412235e+00\n  224    0 1.0000000000 -9.9586204970e+00 -9.2227811431e+00\n  225    0 1.0000000000 -1.0045449006e+01 -9.2836179342e+00\n  226    0 1.0000000000 -1.0131925999e+01 -9.3464116263e+00\n  227    0 1.0000000000 -1.0218026975e+01 -9.4111200847e+00\n  228    0 1.0000000000 -1.0303727188e+01 -9.4776989685e+00\n  229    0 1.0000000000 -1.0389001660e+01 -9.5461016913e+00\n  230    0 1.0000000000 -1.0473825193e+01 -9.6162793857e+00\n  231    0 1.0000000000 -1.0558172378e+01 -9.6881808718e+00\n  232    0 1.0000000000 -1.0642017615e+01 -9.7617526307e+00\n  233    0 1.0000000000 -1.0725335119e+01 -9.8369387818e+00\n  234    0 1.0000000000 -1.0808098936e+01 -9.9136810664e+00\n  235    0 1.0000000000 -1.0890282959e+01 -9.9919188356e+00\n  236    0 1.0000000000 -1.0971860942e+01 -1.0071589045e+01\n  237    0 1.0000000000 -1.1052806512e+01 -1.0152626253e+01\n  238    0 1.0000000000 -1.1133093188e+01 -1.0234962631e+01\n  239    0 1.0000000000 -1.1212694394e+01 -1.0318527972e+01\n  240    0 1.0000000000 -1.1291583480e+01 -1.0403249712e+01\n  241    0 1.0000000000 -1.1369733732e+01 -1.0489052959e+01\n  242    0 1.0000000000 -1.1447118395e+01 -1.0575860520e+01\n  243    0 1.0000000000 -1.1523710684e+01 -1.0663592949e+01\n  244    0 1.0000000000 -1.1599483811e+01 -1.0752168590e+01\n  245    0 1.0000000000 -1.1674410993e+01 -1.0841503635e+01\n  246    0 1.0000000000 -1.1748465477e+01 -1.0931512182e+01\n  247    0 1.0000000000 -1.1821620557e+01 -1.1022106314e+01\n  248    0 1.0000000000 -1.1893849590e+01 -1.1113196169e+01\n  249    0 1.0000000000 -1.1965126021e+01 -1.1204690025e+01\n  250    0 1.0000000000 -1.2035423397e+01 -1.1296494399e+01\n  251    0 1.0000000000 -1.2104715390e+01 -1.1388514139e+01\n  252    0 1.0000000000 -1.2172975815e+01 -1.1480652536e+01\n  253    0 1.0000000000 -1.2240178650e+01 -1.1572811436e+01\n  254    0 1.0000000000 -1.2306298058e+01 -1.1664891358e+01\n  255    0 1.0000000000 -1.2371308405e+01 -1.1756791626e+01\n  256    0 1.0000000000 -1.2435184282e+01 -1.1848410497e+01\n  257    0 1.0000000000 -1.2497900525e+01 -1.1939645306e+01\n  258    0 1.0000000000 -1.2559432234e+01 -1.2030392607e+01\n  259    0 1.0000000000 -1.2619754797e+01 -1.2120548327e+01\n  260    0 1.0000000000 -1.2678843904e+01 -1.2210007917e+01\n  261    0 1.0000000000 -1.2736675577e+01 -1.2298666519e+01\n  262    0 1.0000000000 -1.2793226181e+01 -1.2386419128e+01\n  263    0 1.0000000000 -1.2848472449e+01 -1.2473160759e+01\n  264    0 1.0000000000 -1.2902391503e+01 -1.2558786625e+01\n  265    0 1.0000000000 -1.2954960871e+01 -1.2643192307e+01\n  266    0 1.0000000000 -1.3006158507e+01 -1.2726273936e+01\n  267    0 1.0000000000 -1.3055962815e+01 -1.2807928372e+01\n  268    0 1.0000000000 -1.3104352662e+01 -1.2888053389e+01\n  269    0 1.0000000000 -1.3151307402e+01 -1.2966547854e+01\n  270    0 1.0000000000 -1.3196806893e+01 -1.3043311915e+01\n  271    0 1.0000000000 -1.3240831514e+01 -1.3118247184e+01\n  272    0 1.0000000000 -1.3283362187e+01 -1.3191256920e+01\n  273    0 1.0000000000 -1.3324380390e+01 -1.3262246215e+01\n  274    0 1.0000000000 -1.3363868178e+01 -1.3331122172e+01\n  275    0 1.0000000000 -1.3401808199e+01 -1.3397794087e+01\n  276    0 1.0000000000 -1.3438183710e+01 -1.3462173627e+01\n  277    0 1.0000000000 -1.3472978591e+01 -1.3524175001e+01\n  278    0 1.0000000000 -1.3506177366e+01 -1.3583715137e+01\n  279    0 1.0000000000 -1.3537765211e+01 -1.3640713840e+01\n  280    0 1.0000000000 -1.3567727973e+01 -1.3695093964e+01\n  281    0 1.0000000000 -1.3596052184e+01 -1.3746781559e+01\n  282    0 1.0000000000 -1.3622725070e+01 -1.3795706032e+01\n  283    0 1.0000000000 -1.3647734568e+01 -1.3841800288e+01\n  284    0 1.0000000000 -1.3671069335e+01 -1.3885000869e+01\n  285    0 1.0000000000 -1.3692718762e+01 -1.3925248089e+01\n  286    0 1.0000000000 -1.3712672981e+01 -1.3962486156e+01\n  287    0 1.0000000000 -1.3730922876e+01 -1.3996663296e+01\n  288    0 1.0000000000 -1.3747460095e+01 -1.4027731852e+01\n  289    0 1.0000000000 -1.3762277054e+01 -1.4055648397e+01\n  290    0 1.0000000000 -1.3775366947e+01 -1.4080373818e+01\n  291    0 1.0000000000 -1.3786723754e+01 -1.4101873405e+01\n  292    0 1.0000000000 -1.3796342243e+01 -1.4120116921e+01\n  293    0 1.0000000000 -1.3804217980e+01 -1.4135078672e+01\n  294    0 1.0000000000 -1.3810347329e+01 -1.4146737557e+01\n  295    0 1.0000000000 -1.3814727460e+01 -1.4155077119e+01\n  296    0 1.0000000000 -1.3817356349e+01 -1.4160085576e+01\n  297    0 1.0000000000 -1.3818232780e+01 -1.4161755849e+01\n