SINGLE-ORBITAL NN+NNN EFFECTIVE MODEL FIT

m=5
eon=0.0
t0=1.0
l_decay=0.5
dl=0.75
pairing=./m=5/pairing.txt
microscopic_orbitals=52

E_eff(k) = eps0 + 2*t1[cos(k.u1)+cos(k.u2)] + 4*t2*cos(k.u1)*cos(k.u2)

eps0     = -1.19036465252300e+01
t1       = -5.14826489731624e-01
t2       = -2.79953896949727e-02

RMSE=3.18326699329445e-01
MAE=2.60503837214114e-01
max_abs_error=6.88303027535508e-01
optimizer_success=True
optimizer_message=Linear least-squares solution
minimum_tracking_continuity=1.0000000000
mean_tracking_continuity=1.0000000000

# k_index idx continuity target fit\n    0    0 1.0000000000 -1.3823862749e+01 -1.4074934043e+01\n    1    0 1.0000000000 -1.3823575211e+01 -1.4074359278e+01\n    2    0 1.0000000000 -1.3822712643e+01 -1.4072635563e+01\n    3    0 1.0000000000 -1.3821275175e+01 -1.4069764633e+01\n    4    0 1.0000000000 -1.3819263028e+01 -1.4065749379e+01\n    5    0 1.0000000000 -1.3816676511e+01 -1.4060593844e+01\n    6    0 1.0000000000 -1.3813516019e+01 -1.4054303220e+01\n    7    0 1.0000000000 -1.3809782036e+01 -1.4046883839e+01\n    8    0 1.0000000000 -1.3805475133e+01 -1.4038343173e+01\n    9    0 1.0000000000 -1.3800595969e+01 -1.4028689823e+01\n   10    0 1.0000000000 -1.3795145289e+01 -1.4017933506e+01\n   11    0 1.0000000000 -1.3789123927e+01 -1.4006085056e+01\n   12    0 1.0000000000 -1.3782532801e+01 -1.3993156401e+01\n   13    0 1.0000000000 -1.3775372917e+01 -1.3979160560e+01\n   14    0 1.0000000000 -1.3767645366e+01 -1.3964111626e+01\n   15    0 1.0000000000 -1.3759351326e+01 -1.3948024752e+01\n   16    0 1.0000000000 -1.3750492058e+01 -1.3930916135e+01\n   17    0 1.0000000000 -1.3741068911e+01 -1.3912803002e+01\n   18    0 1.0000000000 -1.3731083314e+01 -1.3893703593e+01\n   19    0 1.0000000000 -1.3720536784e+01 -1.3873637138e+01\n   20    0 1.0000000000 -1.3709430919e+01 -1.3852623843e+01\n   21    0 1.0000000000 -1.3697767400e+01 -1.3830684867e+01\n   22    0 1.0000000000 -1.3685547991e+01 -1.3807842299e+01\n   23    0 1.0000000000 -1.3672774537e+01 -1.3784119141e+01\n   24    0 1.0000000000 -1.3659448964e+01 -1.3759539279e+01\n   25    0 1.0000000000 -1.3645573279e+01 -1.3734127464e+01\n   26    0 1.0000000000 -1.3631149569e+01 -1.3707909283e+01\n   27    0 1.0000000000 -1.3616179998e+01 -1.3680911136e+01\n   28    0 1.0000000000 -1.3600666811e+01 -1.3653160208e+01\n   29    0 1.0000000000 -1.3584612328e+01 -1.3624684440e+01\n   30    0 1.0000000000 -1.3568018948e+01 -1.3595512507e+01\n   31    0 1.0000000000 -1.3550889146e+01 -1.3565673781e+01\n   32    0 1.0000000000 -1.3533225470e+01 -1.3535198308e+01\n   33    0 1.0000000000 -1.3515030544e+01 -1.3504116774e+01\n   34    0 1.0000000000 -1.3496307066e+01 -1.3472460475e+01\n   35    0 1.0000000000 -1.3477057806e+01 -1.3440261287e+01\n   36    0 1.0000000000 -1.3457285605e+01 -1.3407551631e+01\n   37    0 1.0000000000 -1.3436993376e+01 -1.3374364444e+01\n   38    0 1.0000000000 -1.3416184102e+01 -1.3340733141e+01\n   39    0 1.0000000000 -1.3394860835e+01 -1.3306691588e+01\n   40    0 1.0000000000 -1.3373026693e+01 -1.3272274060e+01\n   41    0 1.0000000000 -1.3350684863e+01 -1.3237515214e+01\n   42    0 1.0000000000 -1.3327838598e+01 -1.3202450048e+01\n   43    0 1.0000000000 -1.3304491215e+01 -1.3167113871e+01\n   44    0 1.0000000000 -1.3280646095e+01 -1.3131542262e+01\n   45    0 1.0000000000 -1.3256306683e+01 -1.3095771039e+01\n   46    0 1.0000000000 -1.3231476484e+01 -1.3059836222e+01\n   47    0 1.0000000000 -1.3206159066e+01 -1.3023773993e+01\n   48    0 1.0000000000 -1.3180358053e+01 -1.2987620663e+01\n   49    0 1.0000000000 -1.3154077131e+01 -1.2951412637e+01\n   50    0 1.0000000000 -1.3127320042e+01 -1.2915186372e+01\n   51    0 1.0000000000 -1.3100090583e+01 -1.2878978346e+01\n   52    0 1.0000000000 -1.3072392608e+01 -1.2842825017e+01\n   53    0 1.0000000000 -1.3044230023e+01 -1.2806762788e+01\n   54    0 1.0000000000 -1.3015606788e+01 -1.2770827970e+01\n   55    0 1.0000000000 -1.2986526914e+01 -1.2735056748e+01\n   56    0 1.0000000000 -1.2956994461e+01 -1.2699485139e+01\n   57    0 1.0000000000 -1.2927013540e+01 -1.2664148961e+01\n   58    0 1.0000000000 -1.2896588308e+01 -1.2629083795e+01\n   59    0 1.0000000000 -1.2865722970e+01 -1.2594324949e+01\n   60    0 1.0000000000 -1.2834421776e+01 -1.2559907421e+01\n   61    0 1.0000000000 -1.2802689020e+01 -1.2525865868e+01\n   62    0 1.0000000000 -1.2770529037e+01 -1.2492234566e+01\n   63    0 1.0000000000 -1.2737946208e+01 -1.2459047378e+01\n   64    0 1.0000000000 -1.2704944949e+01 -1.2426337722e+01\n   65    0 1.0000000000 -1.2671529718e+01 -1.2394138534e+01\n   66    0 1.0000000000 -1.2637705011e+01 -1.2362482236e+01\n   67    0 1.0000000000 -1.2603475360e+01 -1.2331400701e+01\n   68    0 1.0000000000 -1.2568845332e+01 -1.2300925228e+01\n   69    0 1.0000000000 -1.2533819527e+01 -1.2271086503e+01\n   70    0 1.0000000000 -1.2498402579e+01 -1.2241914569e+01\n   71    0 1.0000000000 -1.2462599153e+01 -1.2213438802e+01\n   72    0 1.0000000000 -1.2426413944e+01 -1.2185687873e+01\n   73    0 1.0000000000 -1.2389851677e+01 -1.2158689726e+01\n   74    0 1.0000000000 -1.2352917103e+01 -1.2132471545e+01\n   75    0 1.0000000000 -1.2315614998e+01 -1.2107059730e+01\n   76    0 1.0000000000 -1.2277950167e+01 -1.2082479869e+01\n   77    0 1.0000000000 -1.2239927435e+01 -1.2058756711e+01\n   78    0 1.0000000000 -1.2201551652e+01 -1.2035914143e+01\n   79    0 1.0000000000 -1.2162827686e+01 -1.2013975166e+01\n   80    0 1.0000000000 -1.2123760429e+01 -1.1992961871e+01\n   81    0 1.0000000000 -1.2084354789e+01 -1.1972895416e+01\n   82    0 1.0000000000 -1.2044615691e+01 -1.1953796007e+01\n   83    0 1.0000000000 -1.2004548078e+01 -1.1935682875e+01\n   84    0 1.0000000000 -1.1964156907e+01 -1.1918574258e+01\n   85    0 1.0000000000 -1.1923447149e+01 -1.1902487383e+01\n   86    0 1.0000000000 -1.1882423786e+01 -1.1887438449e+01\n   87    0 1.0000000000 -1.1841091813e+01 -1.1873442608e+01\n   88    0 1.0000000000 -1.1799456235e+01 -1.1860513953e+01\n   89    0 1.0000000000 -1.1757522065e+01 -1.1848665503e+01\n   90    0 1.0000000000 -1.1715294323e+01 -1.1837909187e+01\n   91    0 1.0000000000 -1.1672778037e+01 -1.1828255836e+01\n   92    0 1.0000000000 -1.1629978241e+01 -1.1819715170e+01\n   93    0 1.0000000000 -1.1586899970e+01 -1.1812295790e+01\n   94    0 1.0000000000 -1.1543548267e+01 -1.1806005165e+01\n   95    0 1.0000000000 -1.1499928175e+01 -1.1800849630e+01\n   96    0 1.0000000000 -1.1456044743e+01 -1.1796834376e+01\n   97    0 1.0000000000 -1.1411903031e+01 -1.1793963446e+01\n   98    0 1.0000000000 -1.1367508175e+01 -1.1792239731e+01\n   99    0 1.0000000000 -1.1322883591e+01 -1.1791664966e+01\n  100    0 1.0000000000 -1.1322655583e+01 -1.1791202958e+01\n  101    0 1.0000000000 -1.1321975192e+01 -1.1789817397e+01\n  102    0 1.0000000000 -1.1320842514e+01 -1.1787509679e+01\n  103    0 1.0000000000 -1.1319257710e+01 -1.1784282128e+01\n  104    0 1.0000000000 -1.1317221003e+01 -1.1780137994e+01\n  105    0 1.0000000000 -1.1314732682e+01 -1.1775081448e+01\n  106    0 1.0000000000 -1.1311793096e+01 -1.1769117584e+01\n  107    0 1.0000000000 -1.1308402661e+01 -1.1762252406e+01\n  108    0 1.0000000000 -1.1304561854e+01 -1.1754492826e+01\n  109    0 1.0000000000 -1.1300271217e+01 -1.1745846658e+01\n  110    0 1.0000000000 -1.1295531353e+01 -1.1736322608e+01\n  111    0 1.0000000000 -1.1290342930e+01 -1.1725930266e+01\n  112    0 1.0000000000 -1.1284706675e+01 -1.1714680095e+01\n  113    0 1.0000000000 -1.1278623382e+01 -1.1702583425e+01\n  114    0 1.0000000000 -1.1272093903e+01 -1.1689652435e+01\n  115    0 1.0000000000 -1.1265119155e+01 -1.1675900145e+01\n  116    0 1.0000000000 -1.1257700114e+01 -1.1661340404e+01\n  117    0 1.0000000000 -1.1249837818e+01 -1.1645987870e+01\n  118    0 1.0000000000 -1.1241533368e+01 -1.1629858004e+01\n  119    0 1.0000000000 -1.1232787923e+01 -1.1612967047e+01\n  120    0 1.0000000000 -1.1223602703e+01 -1.1595332006e+01\n  121    0 1.0000000000 -1.1213978988e+01 -1.1576970638e+01\n  122    0 1.0000000000 -1.1203918118e+01 -1.1557901432e+01\n  123    0 1.0000000000 -1.1193421491e+01 -1.1538143589e+01\n  124    0 1.0000000000 -1.1182490564e+01 -1.1517717003e+01\n  125    0 1.0000000000 -1.1171126853e+01 -1.1496642241e+01\n  126    0 1.0000000000 -1.1159331931e+01 -1.1474940526e+01\n  127    0 1.0000000000 -1.1147107427e+01 -1.1452633708e+01\n  128    0 1.0000000000 -1.1134455030e+01 -1.1429744248e+01\n  129    0 1.0000000000 -1.1121376483e+01 -1.1406295194e+01\n  130    0 1.0000000000 -1.1107873584e+01 -1.1382310158e+01\n  131    0 1.0000000000 -1.1093948187e+01 -1.1357813290e+01\n  132    0 1.0000000000 -1.1079602203e+01 -1.1332829256e+01\n  133    0 1.0000000000 -1.1064837592e+01 -1.1307383214e+01\n  134    0 1.0000000000 -1.1049656373e+01 -1.1281500785e+01\n  135    0 1.0000000000 -1.1034060613e+01 -1.1255208031e+01\n  136    0 1.0000000000 -1.1018052434e+01 -1.1228531426e+01\n  137    0 1.0000000000 -1.1001634010e+01 -1.1201497832e+01\n  138    0 1.0000000000 -1.0984807565e+01 -1.1174134468e+01\n  139    0 1.0000000000 -1.0967575371e+01 -1.1146468888e+01\n  140    0 1.0000000000 -1.0949939754e+01 -1.1118528949e+01\n  141    0 1.0000000000 -1.0931903087e+01 -1.1090342783e+01\n  142    0 1.0000000000 -1.0913467790e+01 -1.1061938772e+01\n  143    0 1.0000000000 -1.0894636332e+01 -1.1033345516e+01\n  144    0 1.0000000000 -1.0875411229e+01 -1.1004591806e+01\n  145    0 1.0000000000 -1.0855795042e+01 -1.0975706594e+01\n  146    0 1.0000000000 -1.0835790378e+01 -1.0946718966e+01\n  147    0 1.0000000000 -1.0815399889e+01 -1.0917658110e+01\n  148    0 1.0000000000 -1.0794626270e+01 -1.0888553287e+01\n  149    0 1.0000000000 -1.0773472260e+01 -1.0859433804e+01\n  150    0 1.0000000000 -1.0751940640e+01 -1.0830328981e+01\n  151    0 1.0000000000 -1.0730034231e+01 -1.0801268125e+01\n  152    0 1.0000000000 -1.0707755898e+01 -1.0772280497e+01\n  153    0 1.0000000000 -1.0685108543e+01 -1.0743395286e+01\n  154    0 1.0000000000 -1.0662095109e+01 -1.0714641576e+01\n  155    0 1.0000000000 -1.0638718575e+01 -1.0686048320e+01\n  156    0 1.0000000000 -1.0614981960e+01 -1.0657644308e+01\n  157    0 1.0000000000 -1.0590888318e+01 -1.0629458143e+01\n  158    0 1.0000000000 -1.0566440739e+01 -1.0601518203e+01\n  159    0 1.0000000000 -1.0541642349e+01 -1.0573852623e+01\n  160    0 1.0000000000 -1.0516496308e+01 -1.0546489260e+01\n  161    0 1.0000000000 -1.0491005808e+01 -1.0519455665e+01\n  162    0 1.0000000000 -1.0465174073e+01 -1.0492779061e+01\n  163    0 1.0000000000 -1.0439004361e+01 -1.0466486306e+01\n  164    0 1.0000000000 -1.0412499958e+01 -1.0440603878e+01\n  165    0 1.0000000000 -1.0385664183e+01 -1.0415157835e+01\n  166    0 1.0000000000 -1.0358500380e+01 -1.0390173802e+01\n  167    0 1.0000000000 -1.0331011924e+01 -1.0365676934e+01\n  168    0 1.0000000000 -1.0303202217e+01 -1.0341691897e+01\n  169    0 1.0000000000 -1.0275074685e+01 -1.0318242844e+01\n  170    0 1.0000000000 -1.0246632781e+01 -1.0295353384e+01\n  171    0 1.0000000000 -1.0217879984e+01 -1.0273046566e+01\n  172    0 1.0000000000 -1.0188819795e+01 -1.0251344850e+01\n  173    0 1.0000000000 -1.0159455737e+01 -1.0230270089e+01\n  174    0 1.0000000000 -1.0129791357e+01 -1.0209843503e+01\n  175    0 1.0000000000 -1.0099830223e+01 -1.0190085659e+01\n  176    0 1.0000000000 -1.0069575922e+01 -1.0171016453e+01\n  177    0 1.0000000000 -1.0039032061e+01 -1.0152655086e+01\n  178    0 1.0000000000 -1.0008202266e+01 -1.0135020045e+01\n  179    0 1.0000000000 -9.9770901808e+00 -1.0118129087e+01\n  180    0 1.0000000000 -9.9456994668e+00 -1.0101999221e+01\n  181    0 1.0000000000 -9.9140338015e+00 -1.0086646688e+01\n  182    0 1.0000000000 -9.8820968783e+00 -1.0072086946e+01\n  183    0 1.0000000000 -9.8498924065e+00 -1.0058334657e+01\n  184    0 1.0000000000 -9.8174241103e+00 -1.0045403667e+01\n  185    0 1.0000000000 -9.7846957292e+00 -1.0033306996e+01\n  186    0 1.0000000000 -9.7517110183e+00 -1.0022056826e+01\n  187    0 1.0000000000 -9.7184737492e+00 -1.0011664483e+01\n  188    0 1.0000000000 -9.6849877126e+00 -1.0002140433e+01\n  189    0 1.0000000000 -9.6512567225e+00 -9.9934942655e+00\n  190    0 1.0000000000 -9.6172846240e+00 -9.9857346858e+00\n  191    0 1.0000000000 -9.5830753096e+00 -9.9788695075e+00\n  192    0 1.0000000000 -9.5486327513e+00 -9.9729056431e+00\n  193    0 1.0000000000 -9.5139610726e+00 -9.9678490980e+00\n  194    0 1.0000000000 -9.4790647272e+00 -9.9637049634e+00\n  195    0 1.0000000000 -9.4439490332e+00 -9.9604774123e+00\n  196    0 1.0000000000 -9.4086222663e+00 -9.9581696945e+00\n  197    0 1.0000000000 -9.3731096843e+00 -9.9567841337e+00\n  198    0 1.0000000000 -9.3390099915e+00 -9.9563221251e+00\n  199    0 1.0000000000 -9.4089889576e+00 -9.9572461708e+00\n  200    0 1.0000000000 -9.4805435730e+00 -9.9600177179e+00\n  201    0 1.0000000000 -9.5519842143e+00 -9.9646349956e+00\n  202    0 1.0000000000 -9.6232876141e+00 -9.9710950498e+00\n  203    0 1.0000000000 -9.6944393949e+00 -9.9793937395e+00\n  204    0 1.0000000000 -9.7654265851e+00 -9.9895257312e+00\n  205    0 1.0000000000 -9.8362365281e+00 -1.0001484493e+01\n  206    0 1.0000000000 -9.9068566099e+00 -1.0015262284e+01\n  207    0 1.0000000000 -9.9772741695e+00 -1.0030850147e+01\n  208    0 1.0000000000 -1.0047476465e+01 -1.0048237900e+01\n  209    0 1.0000000000 -1.0117450660e+01 -1.0067414116e+01\n  210    0 1.0000000000 -1.0187183818e+01 -1.0088366121e+01\n  211    0 1.0000000000 -1.0256662904e+01 -1.0111079970e+01\n  212    0 1.0000000000 -1.0325874781e+01 -1.0135540439e+01\n  213    0 1.0000000000 -1.0394806217e+01 -1.0161731007e+01\n  214    0 1.0000000000 -1.0463443886e+01 -1.0189633840e+01\n  215    0 1.0000000000 -1.0531774370e+01 -1.0219229775e+01\n  216    0 1.0000000000 -1.0599784167e+01 -1.0250498302e+01\n  217    0 1.0000000000 -1.0667459690e+01 -1.0283417550e+01\n  218    0 1.0000000000 -1.0734787275e+01 -1.0317964268e+01\n  219    0 1.0000000000 -1.0801753187e+01 -1.0354113809e+01\n  220    0 1.0000000000 -1.0868343618e+01 -1.0391840115e+01\n  221    0 1.0000000000 -1.0934544700e+01 -1.0431115700e+01\n  222    0 1.0000000000 -1.1000342504e+01 -1.0471911636e+01\n  223    0 1.0000000000 -1.1065723047e+01 -1.0514197541e+01\n  224    0 1.0000000000 -1.1130672300e+01 -1.0557941563e+01\n  225    0 1.0000000000 -1.1195176190e+01 -1.0603110374e+01\n  226    0 1.0000000000 -1.1259220606e+01 -1.0649669155e+01\n  227    0 1.0000000000 -1.1322791406e+01 -1.0697581591e+01\n  228    0 1.0000000000 -1.1385874423e+01 -1.0746809864e+01\n  229    0 1.0000000000 -1.1448455468e+01 -1.0797314652e+01\n  230    0 1.0000000000 -1.1510520341e+01 -1.0849055122e+01\n  231    0 1.0000000000 -1.1572054831e+01 -1.0901988935e+01\n  232    0 1.0000000000 -1.1633044728e+01 -1.0956072250e+01\n  233    0 1.0000000000 -1.1693475825e+01 -1.1011259725e+01\n  234    0 1.0000000000 -1.1753333929e+01 -1.1067504530e+01\n  235    0 1.0000000000 -1.1812604863e+01 -1.1124758359e+01\n  236    0 1.0000000000 -1.1871274472e+01 -1.1182971444e+01\n  237    0 1.0000000000 -1.1929328636e+01 -1.1242092573e+01\n  238    0 1.0000000000 -1.1986753271e+01 -1.1302069113e+01\n  239    0 1.0000000000 -1.2043534337e+01 -1.1362847032e+01\n  240    0 1.0000000000 -1.2099657847e+01 -1.1424370934e+01\n  241    0 1.0000000000 -1.2155109871e+01 -1.1486584086e+01\n  242    0 1.0000000000 -1.2209876545e+01 -1.1549428455e+01\n  243    0 1.0000000000 -1.2263944078e+01 -1.1612844751e+01\n  244    0 1.0000000000 -1.2317298758e+01 -1.1676772465e+01\n  245    0 1.0000000000 -1.2369926958e+01 -1.1741149923e+01\n  246    0 1.0000000000 -1.2421815149e+01 -1.1805914333e+01\n  247    0 1.0000000000 -1.2472949900e+01 -1.1871001840e+01\n  248    0 1.0000000000 -1.2523317889e+01 -1.1936347588e+01\n  249    0 1.0000000000 -1.2572905909e+01 -1.2001885779e+01\n  250    0 1.0000000000 -1.2621700878e+01 -1.2067549740e+01\n  251    0 1.0000000000 -1.2669689840e+01 -1.2133271996e+01\n  252    0 1.0000000000 -1.2716859981e+01 -1.2198984340e+01\n  253    0 1.0000000000 -1.2763198628e+01 -1.2264617909e+01\n  254    0 1.0000000000 -1.2808693261e+01 -1.2330103270e+01\n  255    0 1.0000000000 -1.2853331519e+01 -1.2395370496e+01\n  256    0 1.0000000000 -1.2897101206e+01 -1.2460349257e+01\n  257    0 1.0000000000 -1.2939990300e+01 -1.2524968909e+01\n  258    0 1.0000000000 -1.2981986960e+01 -1.2589158585e+01\n  259    0 1.0000000000 -1.3023079530e+01 -1.2652847290e+01\n  260    0 1.0000000000 -1.3063256551e+01 -1.2715963998e+01\n  261    0 1.0000000000 -1.3102506762e+01 -1.2778437753e+01\n  262    0 1.0000000000 -1.3140819112e+01 -1.2840197768e+01\n  263    0 1.0000000000 -1.3178182765e+01 -1.2901173527e+01\n  264    0 1.0000000000 -1.3214587103e+01 -1.2961294894e+01\n  265    0 1.0000000000 -1.3250021740e+01 -1.3020492216e+01\n  266    0 1.0000000000 -1.3284476521e+01 -1.3078696428e+01\n  267    0 1.0000000000 -1.3317941534e+01 -1.3135839165e+01\n  268    0 1.0000000000 -1.3350407112e+01 -1.3191852866e+01\n  269    0 1.0000000000 -1.3381863841e+01 -1.3246670884e+01\n  270    0 1.0000000000 -1.3412302569e+01 -1.3300227598e+01\n  271    0 1.0000000000 -1.3441714404e+01 -1.3352458512e+01\n  272    0 1.0000000000 -1.3470090727e+01 -1.3403300373e+01\n  273    0 1.0000000000 -1.3497423197e+01 -1.3452691271e+01\n  274    0 1.0000000000 -1.3523703749e+01 -1.3500570744e+01\n  275    0 1.0000000000 -1.3548924611e+01 -1.3546879888e+01\n  276    0 1.0000000000 -1.3573078298e+01 -1.3591561453e+01\n  277    0 1.0000000000 -1.3596157623e+01 -1.3634559948e+01\n  278    0 1.0000000000 -1.3618155702e+01 -1.3675821735e+01\n  279    0 1.0000000000 -1.3639065955e+01 -1.3715295128e+01\n  280    0 1.0000000000 -1.3658882114e+01 -1.3752930486e+01\n  281    0 1.0000000000 -1.3677598222e+01 -1.3788680299e+01\n  282    0 1.0000000000 -1.3695208646e+01 -1.3822499279e+01\n  283    0 1.0000000000 -1.3711708070e+01 -1.3854344441e+01\n  284    0 1.0000000000 -1.3727091506e+01 -1.3884175181e+01\n  285    0 1.0000000000 -1.3741354296e+01 -1.3911953354e+01\n  286    0 1.0000000000 -1.3754492113e+01 -1.3937643344e+01\n  287    0 1.0000000000 -1.3766500966e+01 -1.3961212128e+01\n  288    0 1.0000000000 -1.3777377201e+01 -1.3982629344e+01\n  289    0 1.0000000000 -1.3787117505e+01 -1.4001867341e+01\n  290    0 1.0000000000 -1.3795718907e+01 -1.4018901238e+01\n  291    0 1.0000000000 -1.3803178783e+01 -1.4033708966e+01\n  292    0 1.0000000000 -1.3809494851e+01 -1.4046271315e+01\n  293    0 1.0000000000 -1.3814665182e+01 -1.4056571964e+01\n  294    0 1.0000000000 -1.3818688193e+01 -1.4064597520e+01\n  295    0 1.0000000000 -1.3821562653e+01 -1.4070337537e+01\n  296    0 1.0000000000 -1.3823287681e+01 -1.4073784542e+01\n  297    0 1.0000000000 -1.3823862749e+01 -1.4074934043e+01\n