SINGLE-ORBITAL NN+NNN EFFECTIVE MODEL FIT

m=6
eon=0.0
t0=1.0
l_decay=0.5
dl=0.75
pairing=./m=6/pairing.txt
microscopic_orbitals=74

E_eff(k) = eps0 + 2*t1[cos(k.u1)+cos(k.u2)] + 4*t2*cos(k.u1)*cos(k.u2)

eps0     = -1.24172696818726e+01
t1       = -3.82252632611433e-01
t2       = -1.52618774055668e-02

RMSE=2.43577818426894e-01
MAE=1.97801058056682e-01
max_abs_error=5.29858087528366e-01
optimizer_success=True
optimizer_message=Linear least-squares solution
minimum_tracking_continuity=1.0000000000
mean_tracking_continuity=1.0000000000

# k_index idx continuity target fit\n    0    0 1.0000000000 -1.3819608897e+01 -1.4007327722e+01\n    1    0 1.0000000000 -1.3819406598e+01 -1.4006912091e+01\n    2    0 1.0000000000 -1.3818799725e+01 -1.4005665617e+01\n    3    0 1.0000000000 -1.3817788343e+01 -1.4003589555e+01\n    4    0 1.0000000000 -1.3816372561e+01 -1.4000685995e+01\n    5    0 1.0000000000 -1.3814552532e+01 -1.3996957862e+01\n    6    0 1.0000000000 -1.3812328453e+01 -1.3992408908e+01\n    7    0 1.0000000000 -1.3809700564e+01 -1.3987043714e+01\n    8    0 1.0000000000 -1.3806669149e+01 -1.3980867683e+01\n    9    0 1.0000000000 -1.3803234535e+01 -1.3973887034e+01\n   10    0 1.0000000000 -1.3799397093e+01 -1.3966108795e+01\n   11    0 1.0000000000 -1.3795157237e+01 -1.3957540798e+01\n   12    0 1.0000000000 -1.3790515424e+01 -1.3948191670e+01\n   13    0 1.0000000000 -1.3785472155e+01 -1.3938070826e+01\n   14    0 1.0000000000 -1.3780027973e+01 -1.3927188456e+01\n   15    0 1.0000000000 -1.3774183463e+01 -1.3915555518e+01\n   16    0 1.0000000000 -1.3767939255e+01 -1.3903183725e+01\n   17    0 1.0000000000 -1.3761296021e+01 -1.3890085535e+01\n   18    0 1.0000000000 -1.3754254473e+01 -1.3876274135e+01\n   19    0 1.0000000000 -1.3746815369e+01 -1.3861763434e+01\n   20    0 1.0000000000 -1.3738979505e+01 -1.3846568043e+01\n   21    0 1.0000000000 -1.3730747723e+01 -1.3830703261e+01\n   22    0 1.0000000000 -1.3722120904e+01 -1.3814185063e+01\n   23    0 1.0000000000 -1.3713099970e+01 -1.3797030082e+01\n   24    0 1.0000000000 -1.3703685886e+01 -1.3779255591e+01\n   25    0 1.0000000000 -1.3693879657e+01 -1.3760879487e+01\n   26    0 1.0000000000 -1.3683682329e+01 -1.3741920275e+01\n   27    0 1.0000000000 -1.3673094989e+01 -1.3722397043e+01\n   28    0 1.0000000000 -1.3662118763e+01 -1.3702329451e+01\n   29    0 1.0000000000 -1.3650754818e+01 -1.3681737705e+01\n   30    0 1.0000000000 -1.3639004360e+01 -1.3660642538e+01\n   31    0 1.0000000000 -1.3626868636e+01 -1.3639065193e+01\n   32    0 1.0000000000 -1.3614348930e+01 -1.3617027395e+01\n   33    0 1.0000000000 -1.3601446565e+01 -1.3594551335e+01\n   34    0 1.0000000000 -1.3588162905e+01 -1.3571659643e+01\n   35    0 1.0000000000 -1.3574499350e+01 -1.3548375371e+01\n   36    0 1.0000000000 -1.3560457337e+01 -1.3524721964e+01\n   37    0 1.0000000000 -1.3546038343e+01 -1.3500723238e+01\n   38    0 1.0000000000 -1.3531243881e+01 -1.3476403358e+01\n   39    0 1.0000000000 -1.3516075500e+01 -1.3451786812e+01\n   40    0 1.0000000000 -1.3500534788e+01 -1.3426898387e+01\n   41    0 1.0000000000 -1.3484623365e+01 -1.3401763143e+01\n   42    0 1.0000000000 -1.3468342892e+01 -1.3376406390e+01\n   43    0 1.0000000000 -1.3451695060e+01 -1.3350853660e+01\n   44    0 1.0000000000 -1.3434681599e+01 -1.3325130682e+01\n   45    0 1.0000000000 -1.3417304271e+01 -1.3299263357e+01\n   46    0 1.0000000000 -1.3399564873e+01 -1.3273277731e+01\n   47    0 1.0000000000 -1.3381465238e+01 -1.3247199969e+01\n   48    0 1.0000000000 -1.3363007228e+01 -1.3221056330e+01\n   49    0 1.0000000000 -1.3344192741e+01 -1.3194873138e+01\n   50    0 1.0000000000 -1.3325023707e+01 -1.3168676757e+01\n   51    0 1.0000000000 -1.3305502088e+01 -1.3142493564e+01\n   52    0 1.0000000000 -1.3285629876e+01 -1.3116349925e+01\n   53    0 1.0000000000 -1.3265409096e+01 -1.3090272164e+01\n   54    0 1.0000000000 -1.3244841804e+01 -1.3064286537e+01\n   55    0 1.0000000000 -1.3223930085e+01 -1.3038419212e+01\n   56    0 1.0000000000 -1.3202676054e+01 -1.3012696234e+01\n   57    0 1.0000000000 -1.3181081856e+01 -1.2987143504e+01\n   58    0 1.0000000000 -1.3159149664e+01 -1.2961786751e+01\n   59    0 1.0000000000 -1.3136881680e+01 -1.2936651507e+01\n   60    0 1.0000000000 -1.3114280134e+01 -1.2911763082e+01\n   61    0 1.0000000000 -1.3091347283e+01 -1.2887146537e+01\n   62    0 1.0000000000 -1.3068085411e+01 -1.2862826657e+01\n   63    0 1.0000000000 -1.3044496829e+01 -1.2838827930e+01\n   64    0 1.0000000000 -1.3020583873e+01 -1.2815174523e+01\n   65    0 1.0000000000 -1.2996348905e+01 -1.2791890251e+01\n   66    0 1.0000000000 -1.2971794312e+01 -1.2768998560e+01\n   67    0 1.0000000000 -1.2946922505e+01 -1.2746522499e+01\n   68    0 1.0000000000 -1.2921735920e+01 -1.2724484701e+01\n   69    0 1.0000000000 -1.2896237014e+01 -1.2702907356e+01\n   70    0 1.0000000000 -1.2870428270e+01 -1.2681812189e+01\n   71    0 1.0000000000 -1.2844312192e+01 -1.2661220443e+01\n   72    0 1.0000000000 -1.2817891305e+01 -1.2641152851e+01\n   73    0 1.0000000000 -1.2791168157e+01 -1.2621629620e+01\n   74    0 1.0000000000 -1.2764145315e+01 -1.2602670407e+01\n   75    0 1.0000000000 -1.2736825368e+01 -1.2584294304e+01\n   76    0 1.0000000000 -1.2709210924e+01 -1.2566519813e+01\n   77    0 1.0000000000 -1.2681304610e+01 -1.2549364831e+01\n   78    0 1.0000000000 -1.2653109073e+01 -1.2532846634e+01\n   79    0 1.0000000000 -1.2624626977e+01 -1.2516981851e+01\n   80    0 1.0000000000 -1.2595861004e+01 -1.2501786460e+01\n   81    0 1.0000000000 -1.2566813854e+01 -1.2487275759e+01\n   82    0 1.0000000000 -1.2537488242e+01 -1.2473464360e+01\n   83    0 1.0000000000 -1.2507886902e+01 -1.2460366169e+01\n   84    0 1.0000000000 -1.2478012581e+01 -1.2447994376e+01\n   85    0 1.0000000000 -1.2447868044e+01 -1.2436361438e+01\n   86    0 1.0000000000 -1.2417456068e+01 -1.2425479068e+01\n   87    0 1.0000000000 -1.2386779448e+01 -1.2415358224e+01\n   88    0 1.0000000000 -1.2355840992e+01 -1.2406009097e+01\n   89    0 1.0000000000 -1.2324643522e+01 -1.2397441100e+01\n   90    0 1.0000000000 -1.2293189877e+01 -1.2389662860e+01\n   91    0 1.0000000000 -1.2261482910e+01 -1.2382682211e+01\n   92    0 1.0000000000 -1.2229525497e+01 -1.2376506180e+01\n   93    0 1.0000000000 -1.2197320537e+01 -1.2371140986e+01\n   94    0 1.0000000000 -1.2164870969e+01 -1.2366592033e+01\n   95    0 1.0000000000 -1.2132179811e+01 -1.2362863899e+01\n   96    0 1.0000000000 -1.2099250268e+01 -1.2359960339e+01\n   97    0 1.0000000000 -1.2066086189e+01 -1.2357884277e+01\n   98    0 1.0000000000 -1.2032695266e+01 -1.2356637803e+01\n   99    0 1.0000000000 -1.2000657767e+01 -1.2356222172e+01\n  100    0 1.0000000000 -1.2000468823e+01 -1.2355868011e+01\n  101    0 1.0000000000 -1.1999938858e+01 -1.2354805884e+01\n  102    0 1.0000000000 -1.1999067925e+01 -1.2353036861e+01\n  103    0 1.0000000000 -1.1997856112e+01 -1.2350562723e+01\n  104    0 1.0000000000 -1.1996303540e+01 -1.2347385961e+01\n  105    0 1.0000000000 -1.1994410366e+01 -1.2343509774e+01\n  106    0 1.0000000000 -1.1992176782e+01 -1.2338938065e+01\n  107    0 1.0000000000 -1.1989603013e+01 -1.2333675438e+01\n  108    0 1.0000000000 -1.1986689320e+01 -1.2327727190e+01\n  109    0 1.0000000000 -1.1983435998e+01 -1.2321099313e+01\n  110    0 1.0000000000 -1.1979843377e+01 -1.2313798479e+01\n  111    0 1.0000000000 -1.1975911819e+01 -1.2305832039e+01\n  112    0 1.0000000000 -1.1971641723e+01 -1.2297208016e+01\n  113    0 1.0000000000 -1.1967033520e+01 -1.2287935093e+01\n  114    0 1.0000000000 -1.1962087678e+01 -1.2278022606e+01\n  115    0 1.0000000000 -1.1956804695e+01 -1.2267480538e+01\n  116    0 1.0000000000 -1.1951185105e+01 -1.2256319503e+01\n  117    0 1.0000000000 -1.1945229477e+01 -1.2244550739e+01\n  118    0 1.0000000000 -1.1938938410e+01 -1.2232186096e+01\n  119    0 1.0000000000 -1.1932312540e+01 -1.2219238025e+01\n  120    0 1.0000000000 -1.1925352535e+01 -1.2205719562e+01\n  121    0 1.0000000000 -1.1918059095e+01 -1.2191644321e+01\n  122    0 1.0000000000 -1.1910432954e+01 -1.2177026474e+01\n  123    0 1.0000000000 -1.1902474879e+01 -1.2161880739e+01\n  124    0 1.0000000000 -1.1894185670e+01 -1.2146222367e+01\n  125    0 1.0000000000 -1.1885566158e+01 -1.2130067124e+01\n  126    0 1.0000000000 -1.1876617208e+01 -1.2113431279e+01\n  127    0 1.0000000000 -1.1867339716e+01 -1.2096331581e+01\n  128    0 1.0000000000 -1.1857734610e+01 -1.2078785248e+01\n  129    0 1.0000000000 -1.1847802849e+01 -1.2060809948e+01\n  130    0 1.0000000000 -1.1837545426e+01 -1.2042423782e+01\n  131    0 1.0000000000 -1.1826963363e+01 -1.2023645261e+01\n  132    0 1.0000000000 -1.1816057714e+01 -1.2004493294e+01\n  133    0 1.0000000000 -1.1804829562e+01 -1.1984987167e+01\n  134    0 1.0000000000 -1.1793280024e+01 -1.1965146519e+01\n  135    0 1.0000000000 -1.1781410244e+01 -1.1944991329e+01\n  136    0 1.0000000000 -1.1769221397e+01 -1.1924541892e+01\n  137    0 1.0000000000 -1.1756714689e+01 -1.1903818797e+01\n  138    0 1.0000000000 -1.1743891355e+01 -1.1882842912e+01\n  139    0 1.0000000000 -1.1730752659e+01 -1.1861635357e+01\n  140    0 1.0000000000 -1.1717299893e+01 -1.1840217488e+01\n  141    0 1.0000000000 -1.1703534379e+01 -1.1818610868e+01\n  142    0 1.0000000000 -1.1689457468e+01 -1.1796837256e+01\n  143    0 1.0000000000 -1.1675070538e+01 -1.1774918574e+01\n  144    0 1.0000000000 -1.1660374994e+01 -1.1752876893e+01\n  145    0 1.0000000000 -1.1645372271e+01 -1.1730734408e+01\n  146    0 1.0000000000 -1.1630063830e+01 -1.1708513413e+01\n  147    0 1.0000000000 -1.1614451157e+01 -1.1686236284e+01\n  148    0 1.0000000000 -1.1598535769e+01 -1.1663925452e+01\n  149    0 1.0000000000 -1.1582319205e+01 -1.1641603381e+01\n  150    0 1.0000000000 -1.1565803032e+01 -1.1619292549e+01\n  151    0 1.0000000000 -1.1548988843e+01 -1.1597015420e+01\n  152    0 1.0000000000 -1.1531878255e+01 -1.1574794425e+01\n  153    0 1.0000000000 -1.1514472910e+01 -1.1552651940e+01\n  154    0 1.0000000000 -1.1496774477e+01 -1.1530610259e+01\n  155    0 1.0000000000 -1.1478784645e+01 -1.1508691578e+01\n  156    0 1.0000000000 -1.1460505131e+01 -1.1486917965e+01\n  157    0 1.0000000000 -1.1441937674e+01 -1.1465311346e+01\n  158    0 1.0000000000 -1.1423084036e+01 -1.1443893476e+01\n  159    0 1.0000000000 -1.1403946001e+01 -1.1422685921e+01\n  160    0 1.0000000000 -1.1384525377e+01 -1.1401710036e+01\n  161    0 1.0000000000 -1.1364823994e+01 -1.1380986942e+01\n  162    0 1.0000000000 -1.1344843704e+01 -1.1360537504e+01\n  163    0 1.0000000000 -1.1324586377e+01 -1.1340382314e+01\n  164    0 1.0000000000 -1.1304053909e+01 -1.1320541666e+01\n  165    0 1.0000000000 -1.1283248214e+01 -1.1301035539e+01\n  166    0 1.0000000000 -1.1262171226e+01 -1.1281883573e+01\n  167    0 1.0000000000 -1.1240824899e+01 -1.1263105052e+01\n  168    0 1.0000000000 -1.1219211208e+01 -1.1244718885e+01\n  169    0 1.0000000000 -1.1197332146e+01 -1.1226743585e+01\n  170    0 1.0000000000 -1.1175189724e+01 -1.1209197253e+01\n  171    0 1.0000000000 -1.1152785972e+01 -1.1192097555e+01\n  172    0 1.0000000000 -1.1130122939e+01 -1.1175461709e+01\n  173    0 1.0000000000 -1.1107202690e+01 -1.1159306467e+01\n  174    0 1.0000000000 -1.1084027308e+01 -1.1143648095e+01\n  175    0 1.0000000000 -1.1060598893e+01 -1.1128502360e+01\n  176    0 1.0000000000 -1.1036919562e+01 -1.1113884512e+01\n  177    0 1.0000000000 -1.1012991447e+01 -1.1099809271e+01\n  178    0 1.0000000000 -1.0988816697e+01 -1.1086290809e+01\n  179    0 1.0000000000 -1.0964397475e+01 -1.1073342737e+01\n  180    0 1.0000000000 -1.0939735963e+01 -1.1060978095e+01\n  181    0 1.0000000000 -1.0914834353e+01 -1.1049209330e+01\n  182    0 1.0000000000 -1.0889694857e+01 -1.1038048295e+01\n  183    0 1.0000000000 -1.0864319699e+01 -1.1027506227e+01\n  184    0 1.0000000000 -1.0838711120e+01 -1.1017593741e+01\n  185    0 1.0000000000 -1.0812871377e+01 -1.1008320817e+01\n  186    0 1.0000000000 -1.0786802744e+01 -1.0999696794e+01\n  187    0 1.0000000000 -1.0760507512e+01 -1.0991730355e+01\n  188    0 1.0000000000 -1.0733987997e+01 -1.0984429521e+01\n  189    0 1.0000000000 -1.0707246539e+01 -1.0977801643e+01\n  190    0 1.0000000000 -1.0680285518e+01 -1.0971853396e+01\n  191    0 1.0000000000 -1.0653107370e+01 -1.0966590768e+01\n  192    0 1.0000000000 -1.0625714625e+01 -1.0962019059e+01\n  193    0 1.0000000000 -1.0598109995e+01 -1.0958142872e+01\n  194    0 1.0000000000 -1.0570296588e+01 -1.0954966110e+01\n  195    0 1.0000000000 -1.0542278573e+01 -1.0952491972e+01\n  196    0 1.0000000000 -1.0514063873e+01 -1.0950722949e+01\n  197    0 1.0000000000 -1.0485683992e+01 -1.0949660822e+01\n  198    0 1.0000000000 -1.0461755338e+01 -1.0949306661e+01\n  199    0 1.0000000000 -1.0513983550e+01 -1.0950014999e+01\n  200    0 1.0000000000 -1.0571083218e+01 -1.0952139485e+01\n  201    0 1.0000000000 -1.0627969349e+01 -1.0955678535e+01\n  202    0 1.0000000000 -1.0684619735e+01 -1.0960629511e+01\n  203    0 1.0000000000 -1.0741023588e+01 -1.0966988716e+01\n  204    0 1.0000000000 -1.0797171916e+01 -1.0974751394e+01\n  205    0 1.0000000000 -1.0853056208e+01 -1.0983911729e+01\n  206    0 1.0000000000 -1.0908668110e+01 -1.0994462843e+01\n  207    0 1.0000000000 -1.0963999327e+01 -1.1006396793e+01\n  208    0 1.0000000000 -1.1019041573e+01 -1.1019704565e+01\n  209    0 1.0000000000 -1.1073786564e+01 -1.1034376077e+01\n  210    0 1.0000000000 -1.1128226003e+01 -1.1050400171e+01\n  211    0 1.0000000000 -1.1182351583e+01 -1.1067764613e+01\n  212    0 1.0000000000 -1.1236154982e+01 -1.1086456086e+01\n  213    0 1.0000000000 -1.1289627864e+01 -1.1106460191e+01\n  214    0 1.0000000000 -1.1342761884e+01 -1.1127761438e+01\n  215    0 1.0000000000 -1.1395548687e+01 -1.1150343249e+01\n  216    0 1.0000000000 -1.1447979907e+01 -1.1174187952e+01\n  217    0 1.0000000000 -1.1500047177e+01 -1.1199276778e+01\n  218    0 1.0000000000 -1.1551742123e+01 -1.1225589858e+01\n  219    0 1.0000000000 -1.1603056373e+01 -1.1253106225e+01\n  220    0 1.0000000000 -1.1653981554e+01 -1.1281803811e+01\n  221    0 1.0000000000 -1.1704509299e+01 -1.1311659443e+01\n  222    0 1.0000000000 -1.1754631247e+01 -1.1342648850e+01\n  223    0 1.0000000000 -1.1804339047e+01 -1.1374746658e+01\n  224    0 1.0000000000 -1.1853624359e+01 -1.1407926395e+01\n  225    0 1.0000000000 -1.1902478860e+01 -1.1442160495e+01\n  226    0 1.0000000000 -1.1950894242e+01 -1.1477420300e+01\n  227    0 1.0000000000 -1.1998862219e+01 -1.1513676066e+01\n  228    0 1.0000000000 -1.2046374529e+01 -1.1550896971e+01\n  229    0 1.0000000000 -1.2093422934e+01 -1.1589051122e+01\n  230    0 1.0000000000 -1.2139999226e+01 -1.1628105564e+01\n  231    0 1.0000000000 -1.2186095229e+01 -1.1668026294e+01\n  232    0 1.0000000000 -1.2231702802e+01 -1.1708778270e+01\n  233    0 1.0000000000 -1.2276813842e+01 -1.1750325428e+01\n  234    0 1.0000000000 -1.2321420284e+01 -1.1792630699e+01\n  235    0 1.0000000000 -1.2365514111e+01 -1.1835656024e+01\n  236    0 1.0000000000 -1.2409087349e+01 -1.1879362376e+01\n  237    0 1.0000000000 -1.2452132076e+01 -1.1923709785e+01\n  238    0 1.0000000000 -1.2494640420e+01 -1.1968657354e+01\n  239    0 1.0000000000 -1.2536604567e+01 -1.2014163294e+01\n  240    0 1.0000000000 -1.2578016760e+01 -1.2060184946e+01\n  241    0 1.0000000000 -1.2618869305e+01 -1.2106678815e+01\n  242    0 1.0000000000 -1.2659154572e+01 -1.2153600597e+01\n  243    0 1.0000000000 -1.2698864997e+01 -1.2200905222e+01\n  244    0 1.0000000000 -1.2737993090e+01 -1.2248546882e+01\n  245    0 1.0000000000 -1.2776531431e+01 -1.2296479076e+01\n  246    0 1.0000000000 -1.2814472678e+01 -1.2344654645e+01\n  247    0 1.0000000000 -1.2851809571e+01 -1.2393025824e+01\n  248    0 1.0000000000 -1.2888534929e+01 -1.2441544275e+01\n  249    0 1.0000000000 -1.2924641657e+01 -1.2490161146e+01\n  250    0 1.0000000000 -1.2960122751e+01 -1.2538827113e+01\n  251    0 1.0000000000 -1.2994971296e+01 -1.2587492432e+01\n  252    0 1.0000000000 -1.3029180473e+01 -1.2636106995e+01\n  253    0 1.0000000000 -1.3062743557e+01 -1.2684620382e+01\n  254    0 1.0000000000 -1.3095653927e+01 -1.2732981919e+01\n  255    0 1.0000000000 -1.3127905064e+01 -1.2781140736e+01\n  256    0 1.0000000000 -1.3159490551e+01 -1.2829045829e+01\n  257    0 1.0000000000 -1.3190404085e+01 -1.2876646115e+01\n  258    0 1.0000000000 -1.3220639469e+01 -1.2923890505e+01\n  259    0 1.0000000000 -1.3250190625e+01 -1.2970727958e+01\n  260    0 1.0000000000 -1.3279051587e+01 -1.3017107555e+01\n  261    0 1.0000000000 -1.3307216511e+01 -1.3062978558e+01\n  262    0 1.0000000000 -1.3334679674e+01 -1.3108290482e+01\n  263    0 1.0000000000 -1.3361435478e+01 -1.3152993163e+01\n  264    0 1.0000000000 -1.3387478450e+01 -1.3197036825e+01\n  265    0 1.0000000000 -1.3412803249e+01 -1.3240372148e+01\n  266    0 1.0000000000 -1.3437404664e+01 -1.3282950343e+01\n  267    0 1.0000000000 -1.3461277619e+01 -1.3324723217e+01\n  268    0 1.0000000000 -1.3484417174e+01 -1.3365643244e+01\n  269    0 1.0000000000 -1.3506818528e+01 -1.3405663636e+01\n  270    0 1.0000000000 -1.3528477021e+01 -1.3444738412e+01\n  271    0 1.0000000000 -1.3549388137e+01 -1.3482822466e+01\n  272    0 1.0000000000 -1.3569547502e+01 -1.3519871638e+01\n  273    0 1.0000000000 -1.3588950893e+01 -1.3555842781e+01\n  274    0 1.0000000000 -1.3607594235e+01 -1.3590693826e+01\n  275    0 1.0000000000 -1.3625473604e+01 -1.3624383851e+01\n  276    0 1.0000000000 -1.3642585228e+01 -1.3656873144e+01\n  277    0 1.0000000000 -1.3658925490e+01 -1.3688123265e+01\n  278    0 1.0000000000 -1.3674490932e+01 -1.3718097111e+01\n  279    0 1.0000000000 -1.3689278251e+01 -1.3746758973e+01\n  280    0 1.0000000000 -1.3703284305e+01 -1.3774074597e+01\n  281    0 1.0000000000 -1.3716506113e+01 -1.3800011237e+01\n  282    0 1.0000000000 -1.3728940857e+01 -1.3824537712e+01\n  283    0 1.0000000000 -1.3740585882e+01 -1.3847624457e+01\n  284    0 1.0000000000 -1.3751438699e+01 -1.3869243570e+01\n  285    0 1.0000000000 -1.3761496986e+01 -1.3889368863e+01\n  286    0 1.0000000000 -1.3770758586e+01 -1.3907975902e+01\n  287    0 1.0000000000 -1.3779221513e+01 -1.3925042052e+01\n  288    0 1.0000000000 -1.3786883951e+01 -1.3940546514e+01\n  289    0 1.0000000000 -1.3793744251e+01 -1.3954470358e+01\n  290    0 1.0000000000 -1.3799800939e+01 -1.3966796561e+01\n  291    0 1.0000000000 -1.3805052711e+01 -1.3977510030e+01\n  292    0 1.0000000000 -1.3809498435e+01 -1.3986597633e+01\n  293    0 1.0000000000 -1.3813137154e+01 -1.3994048220e+01\n  294    0 1.0000000000 -1.3815968083e+01 -1.3999852640e+01\n  295    0 1.0000000000 -1.3817990612e+01 -1.4004003760e+01\n  296    0 1.0000000000 -1.3819204304e+01 -1.4006496476e+01\n  297    0 1.0000000000 -1.3819608897e+01 -1.4007327722e+01\n