SINGLE-ORBITAL NN+NNN EFFECTIVE MODEL FIT

m=7
eon=0.0
t0=1.0
l_decay=0.5
dl=0.75
pairing=./m=7/pairing.txt
microscopic_orbitals=100

E_eff(k) = eps0 + 2*t1[cos(k.u1)+cos(k.u2)] + 4*t2*cos(k.u1)*cos(k.u2)

eps0     = -1.27627408291166e+01
t1       = -2.92881967419228e-01
t2       = -9.09067608319886e-03

RMSE=1.90487410416952e-01
MAE=1.53917869500084e-01
max_abs_error=4.15763213526695e-01
optimizer_success=True
optimizer_message=Linear least-squares solution
minimum_tracking_continuity=1.0000000000
mean_tracking_continuity=1.0000000000

# k_index idx continuity target fit\n    0    0 1.0000000000 -1.3826097534e+01 -1.3970631403e+01\n    1    0 1.0000000000 -1.3825947806e+01 -1.3970318189e+01\n    2    0 1.0000000000 -1.3825498637e+01 -1.3969378861e+01\n    3    0 1.0000000000 -1.3824750061e+01 -1.3967814366e+01\n    4    0 1.0000000000 -1.3823702139e+01 -1.3965626278e+01\n    5    0 1.0000000000 -1.3822354954e+01 -1.3962816801e+01\n    6    0 1.0000000000 -1.3820708614e+01 -1.3959388764e+01\n    7    0 1.0000000000 -1.3818763252e+01 -1.3955345619e+01\n    8    0 1.0000000000 -1.3816519022e+01 -1.3950691436e+01\n    9    0 1.0000000000 -1.3813976105e+01 -1.3945430903e+01\n   10    0 1.0000000000 -1.3811134703e+01 -1.3939569315e+01\n   11    0 1.0000000000 -1.3807995044e+01 -1.3933112576e+01\n   12    0 1.0000000000 -1.3804557379e+01 -1.3926067186e+01\n   13    0 1.0000000000 -1.3800821982e+01 -1.3918440240e+01\n   14    0 1.0000000000 -1.3796789152e+01 -1.3910239417e+01\n   15    0 1.0000000000 -1.3792459211e+01 -1.3901472974e+01\n   16    0 1.0000000000 -1.3787832504e+01 -1.3892149740e+01\n   17    0 1.0000000000 -1.3782909400e+01 -1.3882279101e+01\n   18    0 1.0000000000 -1.3777690292e+01 -1.3871870997e+01\n   19    0 1.0000000000 -1.3772175596e+01 -1.3860935907e+01\n   20    0 1.0000000000 -1.3766365750e+01 -1.3849484843e+01\n   21    0 1.0000000000 -1.3760261217e+01 -1.3837529334e+01\n   22    0 1.0000000000 -1.3753862482e+01 -1.3825081419e+01\n   23    0 1.0000000000 -1.3747170054e+01 -1.3812153631e+01\n   24    0 1.0000000000 -1.3740184464e+01 -1.3798758989e+01\n   25    0 1.0000000000 -1.3732906266e+01 -1.3784910978e+01\n   26    0 1.0000000000 -1.3725336038e+01 -1.3770623544e+01\n   27    0 1.0000000000 -1.3717474379e+01 -1.3755911071e+01\n   28    0 1.0000000000 -1.3709321911e+01 -1.3740788376e+01\n   29    0 1.0000000000 -1.3700879279e+01 -1.3725270683e+01\n   30    0 1.0000000000 -1.3692147149e+01 -1.3709373620e+01\n   31    0 1.0000000000 -1.3683126212e+01 -1.3693113192e+01\n   32    0 1.0000000000 -1.3673817177e+01 -1.3676505772e+01\n   33    0 1.0000000000 -1.3664220779e+01 -1.3659568084e+01\n   34    0 1.0000000000 -1.3654337773e+01 -1.3642317180e+01\n   35    0 1.0000000000 -1.3644168934e+01 -1.3624770433e+01\n   36    0 1.0000000000 -1.3633715062e+01 -1.3606945510e+01\n   37    0 1.0000000000 -1.3622976976e+01 -1.3588860359e+01\n   38    0 1.0000000000 -1.3611955517e+01 -1.3570533190e+01\n   39    0 1.0000000000 -1.3600651547e+01 -1.3551982457e+01\n   40    0 1.0000000000 -1.3589065949e+01 -1.3533226839e+01\n   41    0 1.0000000000 -1.3577199627e+01 -1.3514285222e+01\n   42    0 1.0000000000 -1.3565053506e+01 -1.3495176678e+01\n   43    0 1.0000000000 -1.3552628531e+01 -1.3475920448e+01\n   44    0 1.0000000000 -1.3539925666e+01 -1.3456535921e+01\n   45    0 1.0000000000 -1.3526945898e+01 -1.3437042616e+01\n   46    0 1.0000000000 -1.3513690233e+01 -1.3417460161e+01\n   47    0 1.0000000000 -1.3500159695e+01 -1.3397808273e+01\n   48    0 1.0000000000 -1.3486355329e+01 -1.3378106741e+01\n   49    0 1.0000000000 -1.3472278201e+01 -1.3358375403e+01\n   50    0 1.0000000000 -1.3457929394e+01 -1.3338634125e+01\n   51    0 1.0000000000 -1.3443310011e+01 -1.3318902787e+01\n   52    0 1.0000000000 -1.3428421174e+01 -1.3299201255e+01\n   53    0 1.0000000000 -1.3413264024e+01 -1.3279549367e+01\n   54    0 1.0000000000 -1.3397839719e+01 -1.3259966912e+01\n   55    0 1.0000000000 -1.3382149438e+01 -1.3240473607e+01\n   56    0 1.0000000000 -1.3366194375e+01 -1.3221089080e+01\n   57    0 1.0000000000 -1.3349975745e+01 -1.3201832850e+01\n   58    0 1.0000000000 -1.3333494779e+01 -1.3182724306e+01\n   59    0 1.0000000000 -1.3316752726e+01 -1.3163782689e+01\n   60    0 1.0000000000 -1.3299750851e+01 -1.3145027071e+01\n   61    0 1.0000000000 -1.3282490439e+01 -1.3126476338e+01\n   62    0 1.0000000000 -1.3264972789e+01 -1.3108149169e+01\n   63    0 1.0000000000 -1.3247199218e+01 -1.3090064018e+01\n   64    0 1.0000000000 -1.3229171061e+01 -1.3072239095e+01\n   65    0 1.0000000000 -1.3210889665e+01 -1.3054692347e+01\n   66    0 1.0000000000 -1.3192356398e+01 -1.3037441444e+01\n   67    0 1.0000000000 -1.3173572641e+01 -1.3020503756e+01\n   68    0 1.0000000000 -1.3154539790e+01 -1.3003896336e+01\n   69    0 1.0000000000 -1.3135259258e+01 -1.2987635908e+01\n   70    0 1.0000000000 -1.3115732473e+01 -1.2971738845e+01\n   71    0 1.0000000000 -1.3095960878e+01 -1.2956221152e+01\n   72    0 1.0000000000 -1.3075945929e+01 -1.2941098456e+01\n   73    0 1.0000000000 -1.3055689098e+01 -1.2926385984e+01\n   74    0 1.0000000000 -1.3035191870e+01 -1.2912098550e+01\n   75    0 1.0000000000 -1.3014455746e+01 -1.2898250539e+01\n   76    0 1.0000000000 -1.2993482240e+01 -1.2884855897e+01\n   77    0 1.0000000000 -1.2972272877e+01 -1.2871928109e+01\n   78    0 1.0000000000 -1.2950829199e+01 -1.2859480194e+01\n   79    0 1.0000000000 -1.2929152758e+01 -1.2847524685e+01\n   80    0 1.0000000000 -1.2907245121e+01 -1.2836073621e+01\n   81    0 1.0000000000 -1.2885107866e+01 -1.2825138531e+01\n   82    0 1.0000000000 -1.2862742585e+01 -1.2814730427e+01\n   83    0 1.0000000000 -1.2840150879e+01 -1.2804859788e+01\n   84    0 1.0000000000 -1.2817334363e+01 -1.2795536554e+01\n   85    0 1.0000000000 -1.2794294665e+01 -1.2786770111e+01\n   86    0 1.0000000000 -1.2771033420e+01 -1.2778569288e+01\n   87    0 1.0000000000 -1.2747552279e+01 -1.2770942342e+01\n   88    0 1.0000000000 -1.2723852900e+01 -1.2763896952e+01\n   89    0 1.0000000000 -1.2699936953e+01 -1.2757440213e+01\n   90    0 1.0000000000 -1.2675806118e+01 -1.2751578625e+01\n   91    0 1.0000000000 -1.2651462086e+01 -1.2746318091e+01\n   92    0 1.0000000000 -1.2626906557e+01 -1.2741663909e+01\n   93    0 1.0000000000 -1.2602141240e+01 -1.2737620764e+01\n   94    0 1.0000000000 -1.2577167855e+01 -1.2734192727e+01\n   95    0 1.0000000000 -1.2551988129e+01 -1.2731383250e+01\n   96    0 1.0000000000 -1.2526603799e+01 -1.2729195162e+01\n   97    0 1.0000000000 -1.2501016610e+01 -1.2727630667e+01\n   98    0 1.0000000000 -1.2475228317e+01 -1.2726691339e+01\n   99    0 1.0000000000 -1.2449243828e+01 -1.2726378125e+01\n  100    0 1.0000000000 -1.2449112003e+01 -1.2726101525e+01\n  101    0 1.0000000000 -1.2448716536e+01 -1.2725272002e+01\n  102    0 1.0000000000 -1.2448057459e+01 -1.2723890393e+01\n  103    0 1.0000000000 -1.2447134822e+01 -1.2721958089e+01\n  104    0 1.0000000000 -1.2445948695e+01 -1.2719477035e+01\n  105    0 1.0000000000 -1.2444499170e+01 -1.2716449729e+01\n  106    0 1.0000000000 -1.2442786357e+01 -1.2712879219e+01\n  107    0 1.0000000000 -1.2440810386e+01 -1.2708769102e+01\n  108    0 1.0000000000 -1.2438571410e+01 -1.2704123515e+01\n  109    0 1.0000000000 -1.2436069599e+01 -1.2698947135e+01\n  110    0 1.0000000000 -1.2433305145e+01 -1.2693245176e+01\n  111    0 1.0000000000 -1.2430278258e+01 -1.2687023379e+01\n  112    0 1.0000000000 -1.2426989171e+01 -1.2680288008e+01\n  113    0 1.0000000000 -1.2423438133e+01 -1.2673045845e+01\n  114    0 1.0000000000 -1.2419625417e+01 -1.2665304183e+01\n  115    0 1.0000000000 -1.2415551312e+01 -1.2657070817e+01\n  116    0 1.0000000000 -1.2411216130e+01 -1.2648354037e+01\n  117    0 1.0000000000 -1.2406620201e+01 -1.2639162620e+01\n  118    0 1.0000000000 -1.2401763874e+01 -1.2629505822e+01\n  119    0 1.0000000000 -1.2396647520e+01 -1.2619393365e+01\n  120    0 1.0000000000 -1.2391271528e+01 -1.2608835432e+01\n  121    0 1.0000000000 -1.2385636307e+01 -1.2597842654e+01\n  122    0 1.0000000000 -1.2379742284e+01 -1.2586426100e+01\n  123    0 1.0000000000 -1.2373589907e+01 -1.2574597265e+01\n  124    0 1.0000000000 -1.2367179644e+01 -1.2562368061e+01\n  125    0 1.0000000000 -1.2360511979e+01 -1.2549750800e+01\n  126    0 1.0000000000 -1.2353587418e+01 -1.2536758187e+01\n  127    0 1.0000000000 -1.2346406485e+01 -1.2523403305e+01\n  128    0 1.0000000000 -1.2338969723e+01 -1.2509699602e+01\n  129    0 1.0000000000 -1.2331277694e+01 -1.2495660874e+01\n  130    0 1.0000000000 -1.2323330978e+01 -1.2481301259e+01\n  131    0 1.0000000000 -1.2315130176e+01 -1.2466635215e+01\n  132    0 1.0000000000 -1.2306675904e+01 -1.2451677510e+01\n  133    0 1.0000000000 -1.2297968799e+01 -1.2436443204e+01\n  134    0 1.0000000000 -1.2289009516e+01 -1.2420947638e+01\n  135    0 1.0000000000 -1.2279798728e+01 -1.2405206414e+01\n  136    0 1.0000000000 -1.2270337124e+01 -1.2389235382e+01\n  137    0 1.0000000000 -1.2260625416e+01 -1.2373050624e+01\n  138    0 1.0000000000 -1.2250664329e+01 -1.2356668436e+01\n  139    0 1.0000000000 -1.2240454607e+01 -1.2340105314e+01\n  140    0 1.0000000000 -1.2229997014e+01 -1.2323377935e+01\n  141    0 1.0000000000 -1.2219292329e+01 -1.2306503144e+01\n  142    0 1.0000000000 -1.2208341350e+01 -1.2289497930e+01\n  143    0 1.0000000000 -1.2197144890e+01 -1.2272379417e+01\n  144    0 1.0000000000 -1.2185703782e+01 -1.2255164842e+01\n  145    0 1.0000000000 -1.2174018873e+01 -1.2237871538e+01\n  146    0 1.0000000000 -1.2162091030e+01 -1.2220516918e+01\n  147    0 1.0000000000 -1.2149921134e+01 -1.2203118457e+01\n  148    0 1.0000000000 -1.2137510084e+01 -1.2185693674e+01\n  149    0 1.0000000000 -1.2124858795e+01 -1.2168260114e+01\n  150    0 1.0000000000 -1.2111968198e+01 -1.2150835331e+01\n  151    0 1.0000000000 -1.2098839242e+01 -1.2133436870e+01\n  152    0 1.0000000000 -1.2085472889e+01 -1.2116082251e+01\n  153    0 1.0000000000 -1.2071870118e+01 -1.2098788947e+01\n  154    0 1.0000000000 -1.2058031925e+01 -1.2081574372e+01\n  155    0 1.0000000000 -1.2043959319e+01 -1.2064455859e+01\n  156    0 1.0000000000 -1.2029653327e+01 -1.2047450645e+01\n  157    0 1.0000000000 -1.2015114990e+01 -1.2030575853e+01\n  158    0 1.0000000000 -1.2000345362e+01 -1.2013848475e+01\n  159    0 1.0000000000 -1.1985345515e+01 -1.1997285353e+01\n  160    0 1.0000000000 -1.1970116535e+01 -1.1980903165e+01\n  161    0 1.0000000000 -1.1954659520e+01 -1.1964718407e+01\n  162    0 1.0000000000 -1.1938975586e+01 -1.1948747375e+01\n  163    0 1.0000000000 -1.1923065859e+01 -1.1933006151e+01\n  164    0 1.0000000000 -1.1906931484e+01 -1.1917510585e+01\n  165    0 1.0000000000 -1.1890573616e+01 -1.1902276279e+01\n  166    0 1.0000000000 -1.1873993423e+01 -1.1887318574e+01\n  167    0 1.0000000000 -1.1857192091e+01 -1.1872652530e+01\n  168    0 1.0000000000 -1.1840170814e+01 -1.1858292914e+01\n  169    0 1.0000000000 -1.1822930803e+01 -1.1844254187e+01\n  170    0 1.0000000000 -1.1805473280e+01 -1.1830550483e+01\n  171    0 1.0000000000 -1.1787799480e+01 -1.1817195601e+01\n  172    0 1.0000000000 -1.1769910650e+01 -1.1804202989e+01\n  173    0 1.0000000000 -1.1751808052e+01 -1.1791585728e+01\n  174    0 1.0000000000 -1.1733492956e+01 -1.1779356523e+01\n  175    0 1.0000000000 -1.1714966647e+01 -1.1767527689e+01\n  176    0 1.0000000000 -1.1696230423e+01 -1.1756111135e+01\n  177    0 1.0000000000 -1.1677285589e+01 -1.1745118357e+01\n  178    0 1.0000000000 -1.1658133466e+01 -1.1734560424e+01\n  179    0 1.0000000000 -1.1638775386e+01 -1.1724447967e+01\n  180    0 1.0000000000 -1.1619212689e+01 -1.1714791168e+01\n  181    0 1.0000000000 -1.1599446730e+01 -1.1705599751e+01\n  182    0 1.0000000000 -1.1579478873e+01 -1.1696882971e+01\n  183    0 1.0000000000 -1.1559310495e+01 -1.1688649605e+01\n  184    0 1.0000000000 -1.1538942983e+01 -1.1680907943e+01\n  185    0 1.0000000000 -1.1518377736e+01 -1.1673665780e+01\n  186    0 1.0000000000 -1.1497616167e+01 -1.1666930410e+01\n  187    0 1.0000000000 -1.1476659698e+01 -1.1660708612e+01\n  188    0 1.0000000000 -1.1455509771e+01 -1.1655006653e+01\n  189    0 1.0000000000 -1.1434167843e+01 -1.1649830274e+01\n  190    0 1.0000000000 -1.1412635394e+01 -1.1645184687e+01\n  191    0 1.0000000000 -1.1390913939e+01 -1.1641074569e+01\n  192    0 1.0000000000 -1.1369005042e+01 -1.1637504060e+01\n  193    0 1.0000000000 -1.1346910369e+01 -1.1634476754e+01\n  194    0 1.0000000000 -1.1324631791e+01 -1.1631995700e+01\n  195    0 1.0000000000 -1.1302171723e+01 -1.1630063395e+01\n  196    0 1.0000000000 -1.1279534451e+01 -1.1628681786e+01\n  197    0 1.0000000000 -1.1256735447e+01 -1.1627852264e+01\n  198    0 1.0000000000 -1.1235283186e+01 -1.1627575664e+01\n  199    0 1.0000000000 -1.1279765757e+01 -1.1628128873e+01\n  200    0 1.0000000000 -1.1325569895e+01 -1.1629788056e+01\n  201    0 1.0000000000 -1.1371129211e+01 -1.1632551872e+01\n  202    0 1.0000000000 -1.1416431404e+01 -1.1636418089e+01\n  203    0 1.0000000000 -1.1461469753e+01 -1.1641383581e+01\n  204    0 1.0000000000 -1.1506238464e+01 -1.1647444331e+01\n  205    0 1.0000000000 -1.1550732009e+01 -1.1654595426e+01\n  206    0 1.0000000000 -1.1594944958e+01 -1.1662831064e+01\n  207    0 1.0000000000 -1.1638871925e+01 -1.1672144549e+01\n  208    0 1.0000000000 -1.1682507551e+01 -1.1682528291e+01\n  209    0 1.0000000000 -1.1725846488e+01 -1.1693973811e+01\n  210    0 1.0000000000 -1.1768883401e+01 -1.1706471738e+01\n  211    0 1.0000000000 -1.1811612966e+01 -1.1720011810e+01\n  212    0 1.0000000000 -1.1854029867e+01 -1.1734582878e+01\n  213    0 1.0000000000 -1.1896128798e+01 -1.1750172901e+01\n  214    0 1.0000000000 -1.1937904465e+01 -1.1766768954e+01\n  215    0 1.0000000000 -1.1979351583e+01 -1.1784357228e+01\n  216    0 1.0000000000 -1.2020464883e+01 -1.1802923029e+01\n  217    0 1.0000000000 -1.2061239107e+01 -1.1822450785e+01\n  218    0 1.0000000000 -1.2101669013e+01 -1.1842924046e+01\n  219    0 1.0000000000 -1.2141749376e+01 -1.1864325490e+01\n  220    0 1.0000000000 -1.2181474988e+01 -1.1886636925e+01\n  221    0 1.0000000000 -1.2220840661e+01 -1.1909839297e+01\n  222    0 1.0000000000 -1.2259841225e+01 -1.1933912689e+01\n  223    0 1.0000000000 -1.2298471533e+01 -1.1958836336e+01\n  224    0 1.0000000000 -1.2336726463e+01 -1.1984588624e+01\n  225    0 1.0000000000 -1.2374600915e+01 -1.2011147105e+01\n  226    0 1.0000000000 -1.2412089814e+01 -1.2038488496e+01\n  227    0 1.0000000000 -1.2449188116e+01 -1.2066588700e+01\n  228    0 1.0000000000 -1.2485890802e+01 -1.2095422808e+01\n  229    0 1.0000000000 -1.2522192884e+01 -1.2124965112e+01\n  230    0 1.0000000000 -1.2558089407e+01 -1.2155189121e+01\n  231    0 1.0000000000 -1.2593575448e+01 -1.2186067570e+01\n  232    0 1.0000000000 -1.2628646117e+01 -1.2217572439e+01\n  233    0 1.0000000000 -1.2663296562e+01 -1.2249674966e+01\n  234    0 1.0000000000 -1.2697521965e+01 -1.2282345662e+01\n  235    0 1.0000000000 -1.2731317551e+01 -1.2315554337e+01\n  236    0 1.0000000000 -1.2764678580e+01 -1.2349270111e+01\n  237    0 1.0000000000 -1.2797600357e+01 -1.2383461439e+01\n  238    0 1.0000000000 -1.2830078229e+01 -1.2418096133e+01\n  239    0 1.0000000000 -1.2862107586e+01 -1.2453141383e+01\n  240    0 1.0000000000 -1.2893683864e+01 -1.2488563787e+01\n  241    0 1.0000000000 -1.2924802546e+01 -1.2524329371e+01\n  242    0 1.0000000000 -1.2955459165e+01 -1.2560403619e+01\n  243    0 1.0000000000 -1.2985649301e+01 -1.2596751502e+01\n  244    0 1.0000000000 -1.3015368588e+01 -1.2633337509e+01\n  245    0 1.0000000000 -1.3044612709e+01 -1.2670125674e+01\n  246    0 1.0000000000 -1.3073377404e+01 -1.2707079615e+01\n  247    0 1.0000000000 -1.3101658467e+01 -1.2744162564e+01\n  248    0 1.0000000000 -1.3129451748e+01 -1.2781337401e+01\n  249    0 1.0000000000 -1.3156753155e+01 -1.2818566696e+01\n  250    0 1.0000000000 -1.3183558656e+01 -1.2855812740e+01\n  251    0 1.0000000000 -1.3209864279e+01 -1.2893037589e+01\n  252    0 1.0000000000 -1.3235666114e+01 -1.2930203101e+01\n  253    0 1.0000000000 -1.3260960313e+01 -1.2967270978e+01\n  254    0 1.0000000000 -1.3285743093e+01 -1.3004202810e+01\n  255    0 1.0000000000 -1.3310010736e+01 -1.3040960114e+01\n  256    0 1.0000000000 -1.3333759593e+01 -1.3077504382e+01\n  257    0 1.0000000000 -1.3356986079e+01 -1.3113797122e+01\n  258    0 1.0000000000 -1.3379686681e+01 -1.3149799907e+01\n  259    0 1.0000000000 -1.3401857957e+01 -1.3185474421e+01\n  260    0 1.0000000000 -1.3423496533e+01 -1.3220782501e+01\n  261    0 1.0000000000 -1.3444599111e+01 -1.3255686193e+01\n  262    0 1.0000000000 -1.3465162465e+01 -1.3290147791e+01\n  263    0 1.0000000000 -1.3485183445e+01 -1.3324129892e+01\n  264    0 1.0000000000 -1.3504658974e+01 -1.3357595440e+01\n  265    0 1.0000000000 -1.3523586057e+01 -1.3390507779e+01\n  266    0 1.0000000000 -1.3541961771e+01 -1.3422830697e+01\n  267    0 1.0000000000 -1.3559783277e+01 -1.3454528479e+01\n  268    0 1.0000000000 -1.3577047814e+01 -1.3485565954e+01\n  269    0 1.0000000000 -1.3593752700e+01 -1.3515908542e+01\n  270    0 1.0000000000 -1.3609895339e+01 -1.3545522306e+01\n  271    0 1.0000000000 -1.3625473213e+01 -1.3574373995e+01\n  272    0 1.0000000000 -1.3640483892e+01 -1.3602431097e+01\n  273    0 1.0000000000 -1.3654925027e+01 -1.3629661881e+01\n  274    0 1.0000000000 -1.3668794357e+01 -1.3656035443e+01\n  275    0 1.0000000000 -1.3682089704e+01 -1.3681521754e+01\n  276    0 1.0000000000 -1.3694808981e+01 -1.3706091705e+01\n  277    0 1.0000000000 -1.3706950184e+01 -1.3729717145e+01\n  278    0 1.0000000000 -1.3718511401e+01 -1.3752370926e+01\n  279    0 1.0000000000 -1.3729490806e+01 -1.3774026947e+01\n  280    0 1.0000000000 -1.3739886666e+01 -1.3794660188e+01\n  281    0 1.0000000000 -1.3749697334e+01 -1.3814246752e+01\n  282    0 1.0000000000 -1.3758921258e+01 -1.3832763900e+01\n  283    0 1.0000000000 -1.3767556975e+01 -1.3850190085e+01\n  284    0 1.0000000000 -1.3775603113e+01 -1.3866504989e+01\n  285    0 1.0000000000 -1.3783058396e+01 -1.3881689552e+01\n  286    0 1.0000000000 -1.3789921636e+01 -1.3895725999e+01\n  287    0 1.0000000000 -1.3796191743e+01 -1.3908597876e+01\n  288    0 1.0000000000 -1.3801867718e+01 -1.3920290067e+01\n  289    0 1.0000000000 -1.3806948655e+01 -1.3930788825e+01\n  290    0 1.0000000000 -1.3811433746e+01 -1.3940081787e+01\n  291    0 1.0000000000 -1.3815322273e+01 -1.3948158000e+01\n  292    0 1.0000000000 -1.3818613618e+01 -1.3955007937e+01\n  293    0 1.0000000000 -1.3821307253e+01 -1.3960623506e+01\n  294    0 1.0000000000 -1.3823402750e+01 -1.3964998074e+01\n  295    0 1.0000000000 -1.3824899772e+01 -1.3968126466e+01\n  296    0 1.0000000000 -1.3825798081e+01 -1.3970004984e+01\n  297    0 1.0000000000 -1.3826097534e+01 -1.3970631403e+01\n