SINGLE-ORBITAL NN+NNN EFFECTIVE MODEL FIT

m=2
eon=0.0
t0=1.0
l_decay=0.5
dl=0.5
pairing=./m=2/pairing.txt
microscopic_orbitals=10

E_eff(k) = eps0 + 2*t1[cos(k.u1)+cos(k.u2)] + 4*t2*cos(k.u1)*cos(k.u2)

eps0     = -8.76671326258650e+00
t1       = -1.58052966556760e+00
t2       = -3.02847840833694e-01

RMSE=6.65853206822684e-01
MAE=5.69437835197734e-01
max_abs_error=1.35920975657584e+00
optimizer_success=True
optimizer_message=Linear least-squares solution
minimum_tracking_continuity=1.0000000000
mean_tracking_continuity=1.0000000000

# k_index idx continuity target fit\n    0    0 1.0000000000 -1.5682018681e+01 -1.6300223288e+01\n    1    0 1.0000000000 -1.5680555787e+01 -1.6298021945e+01\n    2    0 1.0000000000 -1.5676167976e+01 -1.6291420130e+01\n    3    0 1.0000000000 -1.5668857853e+01 -1.6280424493e+01\n    4    0 1.0000000000 -1.5658629761e+01 -1.6265046104e+01\n    5    0 1.0000000000 -1.5645489774e+01 -1.6245300448e+01\n    6    0 1.0000000000 -1.5629445687e+01 -1.6221207408e+01\n    7    0 1.0000000000 -1.5610507014e+01 -1.6192791243e+01\n    8    0 1.0000000000 -1.5588684975e+01 -1.6160080565e+01\n    9    0 1.0000000000 -1.5563992485e+01 -1.6123108313e+01\n   10    0 1.0000000000 -1.5536444140e+01 -1.6081911712e+01\n   11    0 1.0000000000 -1.5506056203e+01 -1.6036532246e+01\n   12    0 1.0000000000 -1.5472846587e+01 -1.5987015607e+01\n   13    0 1.0000000000 -1.5436834836e+01 -1.5933411655e+01\n   14    0 1.0000000000 -1.5398042107e+01 -1.5875774363e+01\n   15    0 1.0000000000 -1.5356491146e+01 -1.5814161768e+01\n   16    0 1.0000000000 -1.5312206265e+01 -1.5748635909e+01\n   17    0 1.0000000000 -1.5265213318e+01 -1.5679262765e+01\n   18    0 1.0000000000 -1.5215539676e+01 -1.5606112188e+01\n   19    0 1.0000000000 -1.5163214195e+01 -1.5529257834e+01\n   20    0 1.0000000000 -1.5108267190e+01 -1.5448777090e+01\n   21    0 1.0000000000 -1.5050730406e+01 -1.5364750994e+01\n   22    0 1.0000000000 -1.4990636981e+01 -1.5277264151e+01\n   23    0 1.0000000000 -1.4928021414e+01 -1.5186404654e+01\n   24    0 1.0000000000 -1.4862919533e+01 -1.5092263991e+01\n   25    0 1.0000000000 -1.4795368456e+01 -1.4994936954e+01\n   26    0 1.0000000000 -1.4725406556e+01 -1.4894521541e+01\n   27    0 1.0000000000 -1.4653073421e+01 -1.4791118865e+01\n   28    0 1.0000000000 -1.4578409813e+01 -1.4684833041e+01\n   29    0 1.0000000000 -1.4501457632e+01 -1.4575771091e+01\n   30    0 1.0000000000 -1.4422259871e+01 -1.4464042831e+01\n   31    0 1.0000000000 -1.4340860574e+01 -1.4349760762e+01\n   32    0 1.0000000000 -1.4257304794e+01 -1.4233039956e+01\n   33    0 1.0000000000 -1.4171638546e+01 -1.4113997941e+01\n   34    0 1.0000000000 -1.4083908766e+01 -1.3992754583e+01\n   35    0 1.0000000000 -1.3994163263e+01 -1.3869431962e+01\n   36    0 1.0000000000 -1.3902450670e+01 -1.3744154256e+01\n   37    0 1.0000000000 -1.3808820405e+01 -1.3617047607e+01\n   38    0 1.0000000000 -1.3713322613e+01 -1.3488240001e+01\n   39    0 1.0000000000 -1.3616008129e+01 -1.3357861137e+01\n   40    0 1.0000000000 -1.3516928421e+01 -1.3226042295e+01\n   41    0 1.0000000000 -1.3416135547e+01 -1.3092916205e+01\n   42    0 1.0000000000 -1.3313682102e+01 -1.2958616915e+01\n   43    0 1.0000000000 -1.3209621172e+01 -1.2823279652e+01\n   44    0 1.0000000000 -1.3104006285e+01 -1.2687040689e+01\n   45    0 1.0000000000 -1.2996891359e+01 -1.2550037207e+01\n   46    0 1.0000000000 -1.2888330656e+01 -1.2412407158e+01\n   47    0 1.0000000000 -1.2778378730e+01 -1.2274289123e+01\n   48    0 1.0000000000 -1.2667090380e+01 -1.2135822175e+01\n   49    0 1.0000000000 -1.2554520600e+01 -1.1997145738e+01\n   50    0 1.0000000000 -1.2440724533e+01 -1.1858399449e+01\n   51    0 1.0000000000 -1.2325757418e+01 -1.1719723013e+01\n   52    0 1.0000000000 -1.2209674548e+01 -1.1581256065e+01\n   53    0 1.0000000000 -1.2092531220e+01 -1.1443138030e+01\n   54    0 1.0000000000 -1.1974382686e+01 -1.1305507980e+01\n   55    0 1.0000000000 -1.1855284112e+01 -1.1168504499e+01\n   56    0 1.0000000000 -1.1735290529e+01 -1.1032265536e+01\n   57    0 1.0000000000 -1.1614456790e+01 -1.0896928272e+01\n   58    0 1.0000000000 -1.1492837527e+01 -1.0762628982e+01\n   59    0 1.0000000000 -1.1370487104e+01 -1.0629502892e+01\n   60    0 1.0000000000 -1.1247459583e+01 -1.0497684050e+01\n   61    0 1.0000000000 -1.1123808675e+01 -1.0367305186e+01\n   62    0 1.0000000000 -1.0999587707e+01 -1.0238497581e+01\n   63    0 1.0000000000 -1.0874849580e+01 -1.0111390932e+01\n   64    0 1.0000000000 -1.0749646733e+01 -9.9861132250e+00\n   65    0 1.0000000000 -1.0624031110e+01 -9.8627906049e+00\n   66    0 1.0000000000 -1.0498054121e+01 -9.7415472465e+00\n   67    0 1.0000000000 -1.0371766618e+01 -9.6225052317e+00\n   68    0 1.0000000000 -1.0245218855e+01 -9.5057844258e+00\n   69    0 1.0000000000 -1.0118460471e+01 -9.3915023566e+00\n   70    0 1.0000000000 -9.9915404531e+00 -9.2797740966e+00\n   71    0 1.0000000000 -9.8645071242e+00 -9.1707121466e+00\n   72    0 1.0000000000 -9.7374081164e+00 -9.0644263228e+00\n   73    0 1.0000000000 -9.6102903570e+00 -8.9610236460e+00\n   74    0 1.0000000000 -9.4832000568e+00 -8.8606082338e+00\n   75    0 1.0000000000 -9.3561827027e+00 -8.7632811962e+00\n   76    0 1.0000000000 -9.2292830567e+00 -8.6691405332e+00\n   77    0 1.0000000000 -9.1025451636e+00 -8.5782810364e+00\n   78    0 1.0000000000 -8.9760123669e+00 -8.4907941937e+00\n   79    0 1.0000000000 -8.8497273384e+00 -8.4067680969e+00\n   80    0 1.0000000000 -8.7237321247e+00 -8.3262873532e+00\n   81    0 1.0000000000 -8.5980682159e+00 -8.2494329999e+00\n   82    0 1.0000000000 -8.4727766457e+00 -8.1762824227e+00\n   83    0 1.0000000000 -8.3478981372e+00 -8.1069092781e+00\n   84    0 1.0000000000 -8.2234733114e+00 -8.0413834190e+00\n   85    0 1.0000000000 -8.0995429930e+00 -7.9797708243e+00\n   86    0 1.0000000000 -7.9761486614e+00 -7.9221335328e+00\n   87    0 1.0000000000 -7.8533331313e+00 -7.8685295803e+00\n   88    0 1.0000000000 -7.7311416069e+00 -7.8190129414e+00\n   89    0 1.0000000000 -7.6096233648e+00 -7.7736334752e+00\n   90    0 1.0000000000 -7.4888345472e+00 -7.7324368749e+00\n   91    0 1.0000000000 -7.3688430144e+00 -7.6954646221e+00\n   92    0 1.0000000000 -7.2497372617e+00 -7.6627539446e+00\n   93    0 1.0000000000 -7.1316439815e+00 -7.6343377795e+00\n   94    0 1.0000000000 -7.0147658197e+00 -7.6102447392e+00\n   95    0 1.0000000000 -6.8994723559e+00 -7.5904990835e+00\n   96    0 1.0000000000 -6.7865558411e+00 -7.5751206945e+00\n   97    0 1.0000000000 -6.6781238509e+00 -7.5641250571e+00\n   98    0 1.0000000000 -6.5818023897e+00 -7.5575232429e+00\n   99    0 1.0000000000 -6.5326550917e+00 -7.5553218993e+00\n  100    0 1.0000000000 -6.5321003302e+00 -7.5543403241e+00\n  101    0 1.0000000000 -6.5304363133e+00 -7.5513965869e+00\n  102    0 1.0000000000 -6.5276638436e+00 -7.5464936517e+00\n  103    0 1.0000000000 -6.5237842581e+00 -7.5396364555e+00\n  104    0 1.0000000000 -6.5187994272e+00 -7.5308319029e+00\n  105    0 1.0000000000 -6.5127117524e+00 -7.5200888592e+00\n  106    0 1.0000000000 -6.5055241650e+00 -7.5074181418e+00\n  107    0 1.0000000000 -6.4972401231e+00 -7.4928325090e+00\n  108    0 1.0000000000 -6.4878636086e+00 -7.4763466474e+00\n  109    0 1.0000000000 -6.4773991239e+00 -7.4579771568e+00\n  110    0 1.0000000000 -6.4658516878e+00 -7.4377425338e+00\n  111    0 1.0000000000 -6.4532268315e+00 -7.4156631528e+00\n  112    0 1.0000000000 -6.4395305933e+00 -7.3917612459e+00\n  113    0 1.0000000000 -6.4247695137e+00 -7.3660608804e+00\n  114    0 1.0000000000 -6.4089506297e+00 -7.3385879343e+00\n  115    0 1.0000000000 -6.3920814689e+00 -7.3093700706e+00\n  116    0 1.0000000000 -6.3741700425e+00 -7.2784367091e+00\n  117    0 1.0000000000 -6.3552248392e+00 -7.2458189972e+00\n  118    0 1.0000000000 -6.3352548171e+00 -7.2115497781e+00\n  119    0 1.0000000000 -6.3142693967e+00 -7.1756635580e+00\n  120    0 1.0000000000 -6.2922784527e+00 -7.1381964713e+00\n  121    0 1.0000000000 -6.2692923053e+00 -7.0991862441e+00\n  122    0 1.0000000000 -6.2453217120e+00 -7.0586721565e+00\n  123    0 1.0000000000 -6.2203778581e+00 -7.0166950028e+00\n  124    0 1.0000000000 -6.1944723476e+00 -6.9732970502e+00\n  125    0 1.0000000000 -6.1676171931e+00 -6.9285219970e+00\n  126    0 1.0000000000 -6.1398248062e+00 -6.8824149278e+00\n  127    0 1.0000000000 -6.1111079872e+00 -6.8350222685e+00\n  128    0 1.0000000000 -6.0814799141e+00 -6.7863917395e+00\n  129    0 1.0000000000 -6.0509541321e+00 -6.7365723075e+00\n  130    0 1.0000000000 -6.0195445425e+00 -6.6856141367e+00\n  131    0 1.0000000000 -5.9872653912e+00 -6.6335685375e+00\n  132    0 1.0000000000 -5.9541312576e+00 -6.5804879154e+00\n  133    0 1.0000000000 -5.9201570424e+00 -6.5264257181e+00\n  134    0 1.0000000000 -5.8853579558e+00 -6.4714363816e+00\n  135    0 1.0000000000 -5.8497495056e+00 -6.4155752756e+00\n  136    0 1.0000000000 -5.8133474852e+00 -6.3588986475e+00\n  137    0 1.0000000000 -5.7761679606e+00 -6.3014635658e+00\n  138    0 1.0000000000 -5.7382272584e+00 -6.2433278628e+00\n  139    0 1.0000000000 -5.6995419534e+00 -6.1845500762e+00\n  140    0 1.0000000000 -5.6601288557e+00 -6.1251893903e+00\n  141    0 1.0000000000 -5.6200049979e+00 -6.0653055761e+00\n  142    0 1.0000000000 -5.5791876230e+00 -6.0049589318e+00\n  143    0 1.0000000000 -5.5376941711e+00 -5.9442102211e+00\n  144    0 1.0000000000 -5.4955422670e+00 -5.8831206130e+00\n  145    0 1.0000000000 -5.4527497076e+00 -5.8217516194e+00\n  146    0 1.0000000000 -5.4093344491e+00 -5.7601650338e+00\n  147    0 1.0000000000 -5.3653145950e+00 -5.6984228686e+00\n  148    0 1.0000000000 -5.3207083830e+00 -5.6365872929e+00\n  149    0 1.0000000000 -5.2755341736e+00 -5.5747205700e+00\n  150    0 1.0000000000 -5.2298104375e+00 -5.5128849943e+00\n  151    0 1.0000000000 -5.1835557440e+00 -5.4511428291e+00\n  152    0 1.0000000000 -5.1367887495e+00 -5.3895562435e+00\n  153    0 1.0000000000 -5.0895281865e+00 -5.3281872499e+00\n  154    0 1.0000000000 -5.0417928520e+00 -5.2670976418e+00\n  155    0 1.0000000000 -4.9936015978e+00 -5.2063489311e+00\n  156    0 1.0000000000 -4.9449733201e+00 -5.1460022868e+00\n  157    0 1.0000000000 -4.8959269503e+00 -5.0861184726e+00\n  158    0 1.0000000000 -4.8464814458e+00 -5.0267577867e+00\n  159    0 1.0000000000 -4.7966557821e+00 -4.9679800001e+00\n  160    0 1.0000000000 -4.7464689456e+00 -4.9098442971e+00\n  161    0 1.0000000000 -4.6959399270e+00 -4.8524092154e+00\n  162    0 1.0000000000 -4.6450877163e+00 -4.7957325873e+00\n  163    0 1.0000000000 -4.5939312990e+00 -4.7398714813e+00\n  164    0 1.0000000000 -4.5424896535e+00 -4.6848821448e+00\n  165    0 1.0000000000 -4.4907817505e+00 -4.6308199476e+00\n  166    0 1.0000000000 -4.4388265551e+00 -4.5777393254e+00\n  167    0 1.0000000000 -4.3866430308e+00 -4.5256937262e+00\n  168    0 1.0000000000 -4.3342501470e+00 -4.4747355554e+00\n  169    0 1.0000000000 -4.2816668906e+00 -4.4249161234e+00\n  170    0 1.0000000000 -4.2289122816e+00 -4.3762855944e+00\n  171    0 1.0000000000 -4.1760053959e+00 -4.3288929351e+00\n  172    0 1.0000000000 -4.1229653941e+00 -4.2827858659e+00\n  173    0 1.0000000000 -4.0698115609e+00 -4.2380108127e+00\n  174    0 1.0000000000 -4.0165633556e+00 -4.1946128602e+00\n  175    0 1.0000000000 -3.9632404786e+00 -4.1526357064e+00\n  176    0 1.0000000000 -3.9098629577e+00 -4.1121216188e+00\n  177    0 1.0000000000 -3.8564512616e+00 -4.0731113916e+00\n  178    0 1.0000000000 -3.8030264476e+00 -4.0356443049e+00\n  179    0 1.0000000000 -3.7496103592e+00 -3.9997580848e+00\n  180    0 1.0000000000 -3.6962258879e+00 -3.9654888657e+00\n  181    0 1.0000000000 -3.6428973283e+00 -3.9328711538e+00\n  182    0 1.0000000000 -3.5896508625e+00 -3.9019377923e+00\n  183    0 1.0000000000 -3.5365152326e+00 -3.8727199286e+00\n  184    0 1.0000000000 -3.4835226897e+00 -3.8452469825e+00\n  185    0 1.0000000000 -3.4307103587e+00 -3.8195466170e+00\n  186    0 1.0000000000 -3.3781222417e+00 -3.7956447101e+00\n  187    0 1.0000000000 -3.3258122355e+00 -3.7735653291e+00\n  188    0 1.0000000000 -3.2738487966e+00 -3.7533307061e+00\n  189    0 1.0000000000 -3.2223223865e+00 -3.7349612155e+00\n  190    0 1.0000000000 -3.1713577711e+00 -3.7184753539e+00\n  191    0 1.0000000000 -3.1211351610e+00 -3.7038897211e+00\n  192    0 1.0000000000 -3.0719281560e+00 -3.6912190037e+00\n  193    0 1.0000000000 -3.0241750708e+00 -3.6804759600e+00\n  194    0 1.0000000000 -2.9786189375e+00 -3.6716714074e+00\n  195    0 1.0000000000 -2.9365889204e+00 -3.6648142112e+00\n  196    0 1.0000000000 -2.9005390663e+00 -3.6599112760e+00\n  197    0 1.0000000000 -2.8747890740e+00 -3.6569675388e+00\n  198    0 1.0000000000 -2.8651491044e+00 -3.6559859637e+00\n  199    0 1.0000000000 -2.8849560513e+00 -3.6579494211e+00\n  200    0 1.0000000000 -2.9429682372e+00 -3.6638414988e+00\n  201    0 1.0000000000 -3.0274081933e+00 -3.6736672964e+00\n  202    0 1.0000000000 -3.1253320208e+00 -3.6874352584e+00\n  203    0 1.0000000000 -3.2304265018e+00 -3.7051570916e+00\n  204    0 1.0000000000 -3.3401055862e+00 -3.7268476503e+00\n  205    0 1.0000000000 -3.4532352466e+00 -3.7525247900e+00\n  206    0 1.0000000000 -3.5692627655e+00 -3.7822091892e+00\n  207    0 1.0000000000 -3.6878920526e+00 -3.8159241415e+00\n  208    0 1.0000000000 -3.8089514132e+00 -3.8536953179e+00\n  209    0 1.0000000000 -3.9323342138e+00 -3.8955505007e+00\n  210    0 1.0000000000 -4.0579698732e+00 -3.9415192910e+00\n  211    0 1.0000000000 -4.1858086075e+00 -3.9916327894e+00\n  212    0 1.0000000000 -4.3158128945e+00 -4.0459232534e+00\n  213    0 1.0000000000 -4.4479524344e+00 -4.1044237319e+00\n  214    0 1.0000000000 -4.5822010300e+00 -4.1671676785e+00\n  215    0 1.0000000000 -4.7185345713e+00 -4.2341885461e+00\n  216    0 1.0000000000 -4.8569296801e+00 -4.3055193641e+00\n  217    0 1.0000000000 -4.9973627633e+00 -4.3811923004e+00\n  218    0 1.0000000000 -5.1398093284e+00 -4.4612382101e+00\n  219    0 1.0000000000 -5.2842434704e+00 -4.5456861736e+00\n  220    0 1.0000000000 -5.4306374748e+00 -4.6345630256e+00\n  221    0 1.0000000000 -5.5789615011e+00 -4.7278928777e+00\n  222    0 1.0000000000 -5.7291833228e+00 -4.8256966364e+00\n  223    0 1.0000000000 -5.8812681098e+00 -4.9279915198e+00\n  224    0 1.0000000000 -6.0351782410e+00 -5.0347905743e+00\n  225    0 1.0000000000 -6.1908731412e+00 -5.1461021940e+00\n  226    0 1.0000000000 -6.3483091379e+00 -5.2619296457e+00\n  227    0 1.0000000000 -6.5074393325e+00 -5.3822706009e+00\n  228    0 1.0000000000 -6.6682134863e+00 -5.5071166781e+00\n  229    0 1.0000000000 -6.8305779178e+00 -5.6364529968e+00\n  230    0 1.0000000000 -6.9944754110e+00 -5.7702577466e+00\n  231    0 1.0000000000 -7.1598451342e+00 -5.9085017723e+00\n  232    0 1.0000000000 -7.3266225687e+00 -6.0511481781e+00\n  233    0 1.0000000000 -7.4947394474e+00 -6.1981519531e+00\n  234    0 1.0000000000 -7.6641237026e+00 -6.3494596193e+00\n  235    0 1.0000000000 -7.8346994241e+00 -6.5050089048e+00\n  236    0 1.0000000000 -8.0063868276e+00 -6.6647284436e+00\n  237    0 1.0000000000 -8.1791022321e+00 -6.8285375045e+00\n  238    0 1.0000000000 -8.3527580493e+00 -6.9963457497e+00\n  239    0 1.0000000000 -8.5272627820e+00 -7.1680530254e+00\n  240    0 1.0000000000 -8.7025210346e+00 -7.3435491853e+00\n  241    0 1.0000000000 -8.8784335345e+00 -7.5227139493e+00\n  242    0 1.0000000000 -9.0548971643e+00 -7.7054167971e+00\n  243    0 1.0000000000 -9.2318050066e+00 -7.8915168986e+00\n  244    0 1.0000000000 -9.4090463996e+00 -8.0808630825e+00\n  245    0 1.0000000000 -9.5865070053e+00 -8.2732938422e+00\n  246    0 1.0000000000 -9.7640688902e+00 -8.4686373815e+00\n  247    0 1.0000000000 -9.9416106171e+00 -8.6667116986e+00\n  248    0 1.0000000000 -1.0119007350e+01 -8.8673247107e+00\n  249    0 1.0000000000 -1.0296130972e+01 -9.0702744175e+00\n  250    0 1.0000000000 -1.0472850213e+01 -9.2753491047e+00\n  251    0 1.0000000000 -1.0649030793e+01 -9.4823275867e+00\n  252    0 1.0000000000 -1.0824535576e+01 -9.6909794885e+00\n  253    0 1.0000000000 -1.0999224733e+01 -9.9010655664e+00\n  254    0 1.0000000000 -1.1172955924e+01 -1.0112338066e+01\n  255    0 1.0000000000 -1.1345584482e+01 -1.0324541117e+01\n  256    0 1.0000000000 -1.1516963620e+01 -1.0537411166e+01\n  257    0 1.0000000000 -1.1686944633e+01 -1.0750677442e+01\n  258    0 1.0000000000 -1.1855377130e+01 -1.0964062454e+01\n  259    0 1.0000000000 -1.2022109255e+01 -1.1177282527e+01\n  260    0 1.0000000000 -1.2186987937e+01 -1.1390048363e+01\n  261    0 1.0000000000 -1.2349859136e+01 -1.1602065632e+01\n  262    0 1.0000000000 -1.2510568101e+01 -1.1813035591e+01\n  263    0 1.0000000000 -1.2668959636e+01 -1.2022655729e+01\n  264    0 1.0000000000 -1.2824878376e+01 -1.2230620435e+01\n  265    0 1.0000000000 -1.2978169065e+01 -1.2436621683e+01\n  266    0 1.0000000000 -1.3128676837e+01 -1.2640349743e+01\n  267    0 1.0000000000 -1.3276247515e+01 -1.2841493904e+01\n  268    0 1.0000000000 -1.3420727895e+01 -1.3039743211e+01\n  269    0 1.0000000000 -1.3561966049e+01 -1.3234787214e+01\n  270    0 1.0000000000 -1.3699811625e+01 -1.3426316729e+01\n  271    0 1.0000000000 -1.3834116142e+01 -1.3614024601e+01\n  272    0 1.0000000000 -1.3964733298e+01 -1.3797606477e+01\n  273    0 1.0000000000 -1.4091519265e+01 -1.3976761574e+01\n  274    0 1.0000000000 -1.4214332993e+01 -1.4151193449e+01\n  275    0 1.0000000000 -1.4333036503e+01 -1.4320610766e+01\n  276    0 1.0000000000 -1.4447495184e+01 -1.4484728053e+01\n  277    0 1.0000000000 -1.4557578083e+01 -1.4643266457e+01\n  278    0 1.0000000000 -1.4663158186e+01 -1.4795954475e+01\n  279    0 1.0000000000 -1.4764112699e+01 -1.4942528683e+01\n  280    0 1.0000000000 -1.4860323322e+01 -1.5082734444e+01\n  281    0 1.0000000000 -1.4951676506e+01 -1.5216326588e+01\n  282    0 1.0000000000 -1.5038063717e+01 -1.5343070087e+01\n  283    0 1.0000000000 -1.5119381672e+01 -1.5462740690e+01\n  284    0 1.0000000000 -1.5195532584e+01 -1.5575125540e+01\n  285    0 1.0000000000 -1.5266424378e+01 -1.5680023761e+01\n  286    0 1.0000000000 -1.5331970907e+01 -1.5777247010e+01\n  287    0 1.0000000000 -1.5392092150e+01 -1.5866620006e+01\n  288    0 1.0000000000 -1.5446714399e+01 -1.5947981011e+01\n  289    0 1.0000000000 -1.5495770432e+01 -1.6021182288e+01\n  290    0 1.0000000000 -1.5539199669e+01 -1.6086090509e+01\n  291    0 1.0000000000 -1.5576948312e+01 -1.6142587134e+01\n  292    0 1.0000000000 -1.5608969480e+01 -1.6190568743e+01\n  293    0 1.0000000000 -1.5635223312e+01 -1.6229947327e+01\n  294    0 1.0000000000 -1.5655677064e+01 -1.6260650535e+01\n  295    0 1.0000000000 -1.5670305187e+01 -1.6282621883e+01\n  296    0 1.0000000000 -1.5679089391e+01 -1.6295820908e+01\n  297    0 1.0000000000 -1.5682018681e+01 -1.6300223288e+01\n