SINGLE-ORBITAL NN+NNN EFFECTIVE MODEL FIT

m=3
eon=0.0
t0=1.0
l_decay=0.5
dl=0.5
pairing=./m=3/pairing.txt
microscopic_orbitals=20

E_eff(k) = eps0 + 2*t1[cos(k.u1)+cos(k.u2)] + 4*t2*cos(k.u1)*cos(k.u2)

eps0     = -1.13827513566954e+01
t1       = -1.12040291833043e+00
t2       = -1.30648801524122e-01

RMSE=5.96369729424145e-01
MAE=5.00856389138082e-01
max_abs_error=1.25490217460459e+00
optimizer_success=True
optimizer_message=Linear least-squares solution
minimum_tracking_continuity=1.0000000000
mean_tracking_continuity=1.0000000000

# k_index idx continuity target fit\n    0    0 1.0000000000 -1.5875260322e+01 -1.6386958236e+01\n    1    0 1.0000000000 -1.5874468500e+01 -1.6385566981e+01\n    2    0 1.0000000000 -1.5872093319e+01 -1.6381394616e+01\n    3    0 1.0000000000 -1.5868135635e+01 -1.6374445342e+01\n    4    0 1.0000000000 -1.5862596875e+01 -1.6364726158e+01\n    5    0 1.0000000000 -1.5855479034e+01 -1.6352246848e+01\n    6    0 1.0000000000 -1.5846784674e+01 -1.6337019979e+01\n    7    0 1.0000000000 -1.5836516924e+01 -1.6319060884e+01\n    8    0 1.0000000000 -1.5824679476e+01 -1.6298387644e+01\n    9    0 1.0000000000 -1.5811276583e+01 -1.6275021077e+01\n   10    0 1.0000000000 -1.5796313054e+01 -1.6248984711e+01\n   11    0 1.0000000000 -1.5779794256e+01 -1.6220304762e+01\n   12    0 1.0000000000 -1.5761726101e+01 -1.6189010108e+01\n   13    0 1.0000000000 -1.5742115053e+01 -1.6155132260e+01\n   14    0 1.0000000000 -1.5720968113e+01 -1.6118705331e+01\n   15    0 1.0000000000 -1.5698292820e+01 -1.6079765999e+01\n   16    0 1.0000000000 -1.5674097244e+01 -1.6038353473e+01\n   17    0 1.0000000000 -1.5648389981e+01 -1.5994509452e+01\n   18    0 1.0000000000 -1.5621180145e+01 -1.5948278083e+01\n   19    0 1.0000000000 -1.5592477362e+01 -1.5899705917e+01\n   20    0 1.0000000000 -1.5562291765e+01 -1.5848841863e+01\n   21    0 1.0000000000 -1.5530633985e+01 -1.5795737135e+01\n   22    0 1.0000000000 -1.5497515145e+01 -1.5740445206e+01\n   23    0 1.0000000000 -1.5462946849e+01 -1.5683021751e+01\n   24    0 1.0000000000 -1.5426941178e+01 -1.5623524589e+01\n   25    0 1.0000000000 -1.5389510680e+01 -1.5562013630e+01\n   26    0 1.0000000000 -1.5350668357e+01 -1.5498550809e+01\n   27    0 1.0000000000 -1.5310427664e+01 -1.5433200028e+01\n   28    0 1.0000000000 -1.5268802493e+01 -1.5366027091e+01\n   29    0 1.0000000000 -1.5225807166e+01 -1.5297099634e+01\n   30    0 1.0000000000 -1.5181456425e+01 -1.5226487062e+01\n   31    0 1.0000000000 -1.5135765421e+01 -1.5154260475e+01\n   32    0 1.0000000000 -1.5088749705e+01 -1.5080492600e+01\n   33    0 1.0000000000 -1.5040425216e+01 -1.5005257715e+01\n   34    0 1.0000000000 -1.4990808272e+01 -1.4928631574e+01\n   35    0 1.0000000000 -1.4939915556e+01 -1.4850691334e+01\n   36    0 1.0000000000 -1.4887764109e+01 -1.4771515473e+01\n   37    0 1.0000000000 -1.4834371312e+01 -1.4691183717e+01\n   38    0 1.0000000000 -1.4779754884e+01 -1.4609776950e+01\n   39    0 1.0000000000 -1.4723932859e+01 -1.4527377144e+01\n   40    0 1.0000000000 -1.4666923585e+01 -1.4444067268e+01\n   41    0 1.0000000000 -1.4608745704e+01 -1.4359931208e+01\n   42    0 1.0000000000 -1.4549418144e+01 -1.4275053682e+01\n   43    0 1.0000000000 -1.4488960103e+01 -1.4189520153e+01\n   44    0 1.0000000000 -1.4427391043e+01 -1.4103416749e+01\n   45    0 1.0000000000 -1.4364730670e+01 -1.4016830166e+01\n   46    0 1.0000000000 -1.4300998927e+01 -1.3929847591e+01\n   47    0 1.0000000000 -1.4236215980e+01 -1.3842556607e+01\n   48    0 1.0000000000 -1.4170402203e+01 -1.3755045109e+01\n   49    0 1.0000000000 -1.4103578169e+01 -1.3667401214e+01\n   50    0 1.0000000000 -1.4035764635e+01 -1.3579713172e+01\n   51    0 1.0000000000 -1.3966982528e+01 -1.3492069278e+01\n   52    0 1.0000000000 -1.3897252937e+01 -1.3404557780e+01\n   53    0 1.0000000000 -1.3826597097e+01 -1.3317266796e+01\n   54    0 1.0000000000 -1.3755036373e+01 -1.3230284221e+01\n   55    0 1.0000000000 -1.3682592256e+01 -1.3143697638e+01\n   56    0 1.0000000000 -1.3609286342e+01 -1.3057594233e+01\n   57    0 1.0000000000 -1.3535140324e+01 -1.2972060705e+01\n   58    0 1.0000000000 -1.3460175980e+01 -1.2887183179e+01\n   59    0 1.0000000000 -1.3384415156e+01 -1.2803047119e+01\n   60    0 1.0000000000 -1.3307879759e+01 -1.2719737242e+01\n   61    0 1.0000000000 -1.3230591741e+01 -1.2637337436e+01\n   62    0 1.0000000000 -1.3152573090e+01 -1.2555930670e+01\n   63    0 1.0000000000 -1.3073845816e+01 -1.2475598913e+01\n   64    0 1.0000000000 -1.2994431938e+01 -1.2396423053e+01\n   65    0 1.0000000000 -1.2914353476e+01 -1.2318482813e+01\n   66    0 1.0000000000 -1.2833632438e+01 -1.2241856672e+01\n   67    0 1.0000000000 -1.2752290805e+01 -1.2166621786e+01\n   68    0 1.0000000000 -1.2670350525e+01 -1.2092853911e+01\n   69    0 1.0000000000 -1.2587833501e+01 -1.2020627325e+01\n   70    0 1.0000000000 -1.2504761576e+01 -1.1950014752e+01\n   71    0 1.0000000000 -1.2421156528e+01 -1.1881087296e+01\n   72    0 1.0000000000 -1.2337040055e+01 -1.1813914358e+01\n   73    0 1.0000000000 -1.2252433770e+01 -1.1748563578e+01\n   74    0 1.0000000000 -1.2167359185e+01 -1.1685100757e+01\n   75    0 1.0000000000 -1.2081837707e+01 -1.1623589798e+01\n   76    0 1.0000000000 -1.1995890624e+01 -1.1564092636e+01\n   77    0 1.0000000000 -1.1909539098e+01 -1.1506669180e+01\n   78    0 1.0000000000 -1.1822804160e+01 -1.1451377252e+01\n   79    0 1.0000000000 -1.1735706694e+01 -1.1398272524e+01\n   80    0 1.0000000000 -1.1648267434e+01 -1.1347408469e+01\n   81    0 1.0000000000 -1.1560506960e+01 -1.1298836304e+01\n   82    0 1.0000000000 -1.1472445681e+01 -1.1252604935e+01\n   83    0 1.0000000000 -1.1384103842e+01 -1.1208760914e+01\n   84    0 1.0000000000 -1.1295501507e+01 -1.1167348388e+01\n   85    0 1.0000000000 -1.1206658567e+01 -1.1128409056e+01\n   86    0 1.0000000000 -1.1117594730e+01 -1.1091982127e+01\n   87    0 1.0000000000 -1.1028329529e+01 -1.1058104279e+01\n   88    0 1.0000000000 -1.0938882328e+01 -1.1026809625e+01\n   89    0 1.0000000000 -1.0849272336e+01 -1.0998129676e+01\n   90    0 1.0000000000 -1.0759518645e+01 -1.0972093310e+01\n   91    0 1.0000000000 -1.0669640286e+01 -1.0948726743e+01\n   92    0 1.0000000000 -1.0579656348e+01 -1.0928053503e+01\n   93    0 1.0000000000 -1.0489586222e+01 -1.0910094407e+01\n   94    0 1.0000000000 -1.0399450141e+01 -1.0894867539e+01\n   95    0 1.0000000000 -1.0309270537e+01 -1.0882388229e+01\n   96    0 1.0000000000 -1.0219076110e+01 -1.0872669044e+01\n   97    0 1.0000000000 -1.0128918109e+01 -1.0865719771e+01\n   98    0 1.0000000000 -1.0038983296e+01 -1.0861547406e+01\n   99    0 1.0000000000 -9.9591749028e+00 -1.0860156151e+01\n  100    0 1.0000000000 -9.9587222536e+00 -1.0859291104e+01\n  101    0 1.0000000000 -9.9573644438e+00 -1.0856696837e+01\n  102    0 1.0000000000 -9.9551018865e+00 -1.0852375960e+01\n  103    0 1.0000000000 -9.9519352702e+00 -1.0846332824e+01\n  104    0 1.0000000000 -9.9478655579e+00 -1.0838573516e+01\n  105    0 1.0000000000 -9.9428939869e+00 -1.0829105846e+01\n  106    0 1.0000000000 -9.9370220679e+00 -1.0817939349e+01\n  107    0 1.0000000000 -9.9302515839e+00 -1.0805085269e+01\n  108    0 1.0000000000 -9.9225845893e+00 -1.0790556547e+01\n  109    0 1.0000000000 -9.9140234085e+00 -1.0774367814e+01\n  110    0 1.0000000000 -9.9045706345e+00 -1.0756535371e+01\n  111    0 1.0000000000 -9.8942291273e+00 -1.0737077172e+01\n  112    0 1.0000000000 -9.8830020120e+00 -1.0716012810e+01\n  113    0 1.0000000000 -9.8708926771e+00 -1.0693363497e+01\n  114    0 1.0000000000 -9.8579047722e+00 -1.0669152037e+01\n  115    0 1.0000000000 -9.8440422057e+00 -1.0643402809e+01\n  116    0 1.0000000000 -9.8293091426e+00 -1.0616141742e+01\n  117    0 1.0000000000 -9.8137100019e+00 -1.0587396283e+01\n  118    0 1.0000000000 -9.7972494537e+00 -1.0557195378e+01\n  119    0 1.0000000000 -9.7799324163e+00 -1.0525569437e+01\n  120    0 1.0000000000 -9.7617640537e+00 -1.0492550304e+01\n  121    0 1.0000000000 -9.7427497717e+00 -1.0458171226e+01\n  122    0 1.0000000000 -9.7228952153e+00 -1.0422466820e+01\n  123    0 1.0000000000 -9.7022062647e+00 -1.0385473038e+01\n  124    0 1.0000000000 -9.6806890321e+00 -1.0347227129e+01\n  125    0 1.0000000000 -9.6583498581e+00 -1.0307767604e+01\n  126    0 1.0000000000 -9.6351953073e+00 -1.0267134195e+01\n  127    0 1.0000000000 -9.6112321652e+00 -1.0225367816e+01\n  128    0 1.0000000000 -9.5864674334e+00 -1.0182510522e+01\n  129    0 1.0000000000 -9.5609083258e+00 -1.0138605468e+01\n  130    0 1.0000000000 -9.5345622643e+00 -1.0093696862e+01\n  131    0 1.0000000000 -9.5074368745e+00 -1.0047829923e+01\n  132    0 1.0000000000 -9.4795399809e+00 -1.0001050835e+01\n  133    0 1.0000000000 -9.4508796026e+00 -9.9534067012e+00\n  134    0 1.0000000000 -9.4214639486e+00 -9.9049454945e+00\n  135    0 1.0000000000 -9.3913014129e+00 -9.8557160115e+00\n  136    0 1.0000000000 -9.3604005697e+00 -9.8057678221e+00\n  137    0 1.0000000000 -9.3287701687e+00 -9.7551512199e+00\n  138    0 1.0000000000 -9.2964191298e+00 -9.7039171715e+00\n  139    0 1.0000000000 -9.2633565382e+00 -9.6521172654e+00\n  140    0 1.0000000000 -9.2295916392e+00 -9.5998036595e+00\n  141    0 1.0000000000 -9.1951338332e+00 -9.5470290293e+00\n  142    0 1.0000000000 -9.1599926701e+00 -9.4938465143e+00\n  143    0 1.0000000000 -9.1241778445e+00 -9.4403096649e+00\n  144    0 1.0000000000 -9.0876991898e+00 -9.3864723880e+00\n  145    0 1.0000000000 -9.0505666734e+00 -9.3323888934e+00\n  146    0 1.0000000000 -9.0127903911e+00 -9.2781136384e+00\n  147    0 1.0000000000 -8.9743805614e+00 -9.2237012736e+00\n  148    0 1.0000000000 -8.9353475206e+00 -9.1692065878e+00\n  149    0 1.0000000000 -8.8957017168e+00 -9.1146844523e+00\n  150    0 1.0000000000 -8.8554537049e+00 -9.0601897664e+00\n  151    0 1.0000000000 -8.8146141409e+00 -9.0057774017e+00\n  152    0 1.0000000000 -8.7731937765e+00 -8.9515021467e+00\n  153    0 1.0000000000 -8.7312034537e+00 -8.8974186520e+00\n  154    0 1.0000000000 -8.6886540996e+00 -8.8435813752e+00\n  155    0 1.0000000000 -8.6455567205e+00 -8.7900445258e+00\n  156    0 1.0000000000 -8.6019223971e+00 -8.7368620108e+00\n  157    0 1.0000000000 -8.5577622791e+00 -8.6840873806e+00\n  158    0 1.0000000000 -8.5130875796e+00 -8.6317737747e+00\n  159    0 1.0000000000 -8.4679095706e+00 -8.5799738685e+00\n  160    0 1.0000000000 -8.4222395777e+00 -8.5287398202e+00\n  161    0 1.0000000000 -8.3760889747e+00 -8.4781232180e+00\n  162    0 1.0000000000 -8.3294691797e+00 -8.4281750286e+00\n  163    0 1.0000000000 -8.2823916496e+00 -8.3789455456e+00\n  164    0 1.0000000000 -8.2348678761e+00 -8.3304843389e+00\n  165    0 1.0000000000 -8.1869093814e+00 -8.2828402048e+00\n  166    0 1.0000000000 -8.1385277140e+00 -8.2360611169e+00\n  167    0 1.0000000000 -8.0897344449e+00 -8.1901941778e+00\n  168    0 1.0000000000 -8.0405411648e+00 -8.1452855717e+00\n  169    0 1.0000000000 -7.9909594803e+00 -8.1013805176e+00\n  170    0 1.0000000000 -7.9410010124e+00 -8.0585232243e+00\n  171    0 1.0000000000 -7.8906773941e+00 -8.0167568454e+00\n  172    0 1.0000000000 -7.8400002696e+00 -7.9761234362e+00\n  173    0 1.0000000000 -7.7889812949e+00 -7.9366639109e+00\n  174    0 1.0000000000 -7.7376321384e+00 -7.8984180021e+00\n  175    0 1.0000000000 -7.6859644846e+00 -7.8614242200e+00\n  176    0 1.0000000000 -7.6339900393e+00 -7.8257198144e+00\n  177    0 1.0000000000 -7.5817205374e+00 -7.7913407365e+00\n  178    0 1.0000000000 -7.5291677556e+00 -7.7583216031e+00\n  179    0 1.0000000000 -7.4763435294e+00 -7.7266956617e+00\n  180    0 1.0000000000 -7.4232597776e+00 -7.6964947569e+00\n  181    0 1.0000000000 -7.3699285378e+00 -7.6677492986e+00\n  182    0 1.0000000000 -7.3163620157e+00 -7.6404882308e+00\n  183    0 1.0000000000 -7.2625726561e+00 -7.6147390033e+00\n  184    0 1.0000000000 -7.2085732468e+00 -7.5905275433e+00\n  185    0 1.0000000000 -7.1543770705e+00 -7.5678782297e+00\n  186    0 1.0000000000 -7.0999981354e+00 -7.5468138685e+00\n  187    0 1.0000000000 -7.0454515326e+00 -7.5273556695e+00\n  188    0 1.0000000000 -6.9907540076e+00 -7.5095232257e+00\n  189    0 1.0000000000 -6.9359249118e+00 -7.4933344928e+00\n  190    0 1.0000000000 -6.8809878611e+00 -7.4788057715e+00\n  191    0 1.0000000000 -6.8259737952e+00 -7.4659516908e+00\n  192    0 1.0000000000 -6.7709270347e+00 -7.4547851939e+00\n  193    0 1.0000000000 -6.7159184007e+00 -7.4453175245e+00\n  194    0 1.0000000000 -6.6610771924e+00 -7.4375582156e+00\n  195    0 1.0000000000 -6.6066828839e+00 -7.4315150802e+00\n  196    0 1.0000000000 -6.5534984179e+00 -7.4271942034e+00\n  197    0 1.0000000000 -6.5045146501e+00 -7.4245999357e+00\n  198    0 1.0000000000 -6.4774461924e+00 -7.4237348895e+00\n  199    0 1.0000000000 -6.5491313944e+00 -7.4254651144e+00\n  200    0 1.0000000000 -6.6586021102e+00 -7.4306556356e+00\n  201    0 1.0000000000 -6.7714532612e+00 -7.4393059860e+00\n  202    0 1.0000000000 -6.8857764627e+00 -7.4514153667e+00\n  203    0 1.0000000000 -7.0011673691e+00 -7.4669826154e+00\n  204    0 1.0000000000 -7.1174784089e+00 -7.4860061634e+00\n  205    0 1.0000000000 -7.2346350765e+00 -7.5084839805e+00\n  206    0 1.0000000000 -7.3525896868e+00 -7.5344135080e+00\n  207    0 1.0000000000 -7.4713059186e+00 -7.5637915804e+00\n  208    0 1.0000000000 -7.5907526186e+00 -7.5966143361e+00\n  209    0 1.0000000000 -7.7109009778e+00 -7.6328771179e+00\n  210    0 1.0000000000 -7.8317231126e+00 -7.6725743634e+00\n  211    0 1.0000000000 -7.9531912949e+00 -7.7156994858e+00\n  212    0 1.0000000000 -8.0752775075e+00 -7.7622447461e+00\n  213    0 1.0000000000 -8.1979531731e+00 -7.8122011175e+00\n  214    0 1.0000000000 -8.3211889812e+00 -7.8655581417e+00\n  215    0 1.0000000000 -8.4449547741e+00 -7.9223037793e+00\n  216    0 1.0000000000 -8.5692194675e+00 -7.9824242540e+00\n  217    0 1.0000000000 -8.6939509964e+00 -8.0459038916e+00\n  218    0 1.0000000000 -8.8191162745e+00 -8.1127249558e+00\n  219    0 1.0000000000 -8.9446811664e+00 -8.1828674792e+00\n  220    0 1.0000000000 -9.0706104663e+00 -8.2563090938e+00\n  221    0 1.0000000000 -9.1968678840e+00 -8.3330248583e+00\n  222    0 1.0000000000 -9.3234160343e+00 -8.4129870867e+00\n  223    0 1.0000000000 -9.4502164319e+00 -8.4961651761e+00\n  224    0 1.0000000000 -9.5772294883e+00 -8.5825254367e+00\n  225    0 1.0000000000 -9.7044145125e+00 -8.6720309240e+00\n  226    0 1.0000000000 -9.8317297143e+00 -8.7646412748e+00\n  227    0 1.0000000000 -9.9591322102e+00 -8.8603125476e+00\n  228    0 1.0000000000 -1.0086578031e+01 -8.9589970678e+00\n  229    0 1.0000000000 -1.0214022134e+01 -9.0606432801e+00\n  230    0 1.0000000000 -1.0341418414e+01 -9.1651956082e+00\n  231    0 1.0000000000 -1.0468719720e+01 -9.2725943216e+00\n  232    0 1.0000000000 -1.0595877873e+01 -9.3827754131e+00\n  233    0 1.0000000000 -1.0722843684e+01 -9.4956704853e+00\n  234    0 1.0000000000 -1.0849566978e+01 -9.6112066481e+00\n  235    0 1.0000000000 -1.0975996619e+01 -9.7293064278e+00\n  236    0 1.0000000000 -1.1102080533e+01 -9.8498876887e+00\n  237    0 1.0000000000 -1.1227765742e+01 -9.9728635678e+00\n  238    0 1.0000000000 -1.1352998393e+01 -1.0098142423e+01\n  239    0 1.0000000000 -1.1477723788e+01 -1.0225627796e+01\n  240    0 1.0000000000 -1.1601886427e+01 -1.0355218390e+01\n  241    0 1.0000000000 -1.1725430041e+01 -1.0486808061e+01\n  242    0 1.0000000000 -1.1848297632e+01 -1.0620285830e+01\n  243    0 1.0000000000 -1.1970431518e+01 -1.0755535905e+01\n  244    0 1.0000000000 -1.2091773378e+01 -1.0892437724e+01\n  245    0 1.0000000000 -1.2212264295e+01 -1.1030866013e+01\n  246    0 1.0000000000 -1.2331844809e+01 -1.1170690863e+01\n  247    0 1.0000000000 -1.2450454965e+01 -1.1311777820e+01\n  248    0 1.0000000000 -1.2568034369e+01 -1.1453987998e+01\n  249    0 1.0000000000 -1.2684522240e+01 -1.1597178202e+01\n  250    0 1.0000000000 -1.2799857467e+01 -1.1741201077e+01\n  251    0 1.0000000000 -1.2913978670e+01 -1.1885905265e+01\n  252    0 1.0000000000 -1.3026824260e+01 -1.2031135586e+01\n  253    0 1.0000000000 -1.3138332497e+01 -1.2176733230e+01\n  254    0 1.0000000000 -1.3248441561e+01 -1.2322535970e+01\n  255    0 1.0000000000 -1.3357089608e+01 -1.2468378385e+01\n  256    0 1.0000000000 -1.3464214844e+01 -1.2614092104e+01\n  257    0 1.0000000000 -1.3569755590e+01 -1.2759506063e+01\n  258    0 1.0000000000 -1.3673650351e+01 -1.2904446773e+01\n  259    0 1.0000000000 -1.3775837884e+01 -1.3048738602e+01\n  260    0 1.0000000000 -1.3876257273e+01 -1.3192204078e+01\n  261    0 1.0000000000 -1.3974847998e+01 -1.3334664191e+01\n  262    0 1.0000000000 -1.4071550006e+01 -1.3475938715e+01\n  263    0 1.0000000000 -1.4166303789e+01 -1.3615846536e+01\n  264    0 1.0000000000 -1.4259050450e+01 -1.3754205995e+01\n  265    0 1.0000000000 -1.4349731786e+01 -1.3890835228e+01\n  266    0 1.0000000000 -1.4438290351e+01 -1.4025552529e+01\n  267    0 1.0000000000 -1.4524669538e+01 -1.4158176702e+01\n  268    0 1.0000000000 -1.4608813649e+01 -1.4288527434e+01\n  269    0 1.0000000000 -1.4690667970e+01 -1.4416425662e+01\n  270    0 1.0000000000 -1.4770178839e+01 -1.4541693943e+01\n  271    0 1.0000000000 -1.4847293725e+01 -1.4664156835e+01\n  272    0 1.0000000000 -1.4921961292e+01 -1.4783641267e+01\n  273    0 1.0000000000 -1.4994131478e+01 -1.4899976914e+01\n  274    0 1.0000000000 -1.5063755553e+01 -1.5012996573e+01\n  275    0 1.0000000000 -1.5130786199e+01 -1.5122536531e+01\n  276    0 1.0000000000 -1.5195177566e+01 -1.5228436930e+01\n  277    0 1.0000000000 -1.5256885345e+01 -1.5330542128e+01\n  278    0 1.0000000000 -1.5315866825e+01 -1.5428701056e+01\n  279    0 1.0000000000 -1.5372080960e+01 -1.5522767560e+01\n  280    0 1.0000000000 -1.5425488425e+01 -1.5612600740e+01\n  281    0 1.0000000000 -1.5476051673e+01 -1.5698065280e+01\n  282    0 1.0000000000 -1.5523734991e+01 -1.5779031762e+01\n  283    0 1.0000000000 -1.5568504557e+01 -1.5855376974e+01\n  284    0 1.0000000000 -1.5610328480e+01 -1.5926984199e+01\n  285    0 1.0000000000 -1.5649176857e+01 -1.5993743495e+01\n  286    0 1.0000000000 -1.5685021815e+01 -1.6055551955e+01\n  287    0 1.0000000000 -1.5717837550e+01 -1.6112313960e+01\n  288    0 1.0000000000 -1.5747600369e+01 -1.6163941402e+01\n  289    0 1.0000000000 -1.5774288725e+01 -1.6210353907e+01\n  290    0 1.0000000000 -1.5797883250e+01 -1.6251479019e+01\n  291    0 1.0000000000 -1.5818366784e+01 -1.6287252387e+01\n  292    0 1.0000000000 -1.5835724400e+01 -1.6317617916e+01\n  293    0 1.0000000000 -1.5849943430e+01 -1.6342527904e+01\n  294    0 1.0000000000 -1.5861013483e+01 -1.6361943163e+01\n  295    0 1.0000000000 -1.5868926460e+01 -1.6375833114e+01\n  296    0 1.0000000000 -1.5873676566e+01 -1.6384175858e+01\n  297    0 1.0000000000 -1.5875260322e+01 -1.6386958236e+01\n