SINGLE-ORBITAL NN+NNN EFFECTIVE MODEL FIT

m=4
eon=0.0
t0=1.0
l_decay=0.5
dl=0.5
pairing=./m=4/pairing.txt
microscopic_orbitals=34

E_eff(k) = eps0 + 2*t1[cos(k.u1)+cos(k.u2)] + 4*t2*cos(k.u1)*cos(k.u2)

eps0     = -1.29071161908846e+01
t1       = -7.78315740472408e-01
t2       = -5.93212889647899e-02

RMSE=4.57902977030794e-01
MAE=3.78552666858159e-01
max_abs_error=9.80759745787571e-01
optimizer_success=True
optimizer_message=Linear least-squares solution
minimum_tracking_continuity=1.0000000000
mean_tracking_continuity=1.0000000000

# k_index idx continuity target fit\n    0    0 1.0000000000 -1.5884671808e+01 -1.6257664309e+01\n    1    0 1.0000000000 -1.5884199344e+01 -1.6256761148e+01\n    2    0 1.0000000000 -1.5882782058e+01 -1.6254052574e+01\n    3    0 1.0000000000 -1.5880420270e+01 -1.6249541315e+01\n    4    0 1.0000000000 -1.5877114512e+01 -1.6243231914e+01\n    5    0 1.0000000000 -1.5872865529e+01 -1.6235130722e+01\n    6    0 1.0000000000 -1.5867674278e+01 -1.6225245898e+01\n    7    0 1.0000000000 -1.5861541928e+01 -1.6213587395e+01\n    8    0 1.0000000000 -1.5854469858e+01 -1.6200166951e+01\n    9    0 1.0000000000 -1.5846459659e+01 -1.6184998080e+01\n   10    0 1.0000000000 -1.5837513131e+01 -1.6168096056e+01\n   11    0 1.0000000000 -1.5827632282e+01 -1.6149477898e+01\n   12    0 1.0000000000 -1.5816819331e+01 -1.6129162352e+01\n   13    0 1.0000000000 -1.5805076700e+01 -1.6107169875e+01\n   14    0 1.0000000000 -1.5792407018e+01 -1.6083522611e+01\n   15    0 1.0000000000 -1.5778813119e+01 -1.6058244371e+01\n   16    0 1.0000000000 -1.5764298039e+01 -1.6031360607e+01\n   17    0 1.0000000000 -1.5748865017e+01 -1.6002898391e+01\n   18    0 1.0000000000 -1.5732517490e+01 -1.5972886380e+01\n   19    0 1.0000000000 -1.5715259094e+01 -1.5941354795e+01\n   20    0 1.0000000000 -1.5697093663e+01 -1.5908335384e+01\n   21    0 1.0000000000 -1.5678025224e+01 -1.5873861396e+01\n   22    0 1.0000000000 -1.5658057997e+01 -1.5837967543e+01\n   23    0 1.0000000000 -1.5637196393e+01 -1.5800689967e+01\n   24    0 1.0000000000 -1.5615445012e+01 -1.5762066203e+01\n   25    0 1.0000000000 -1.5592808640e+01 -1.5722135143e+01\n   26    0 1.0000000000 -1.5569292248e+01 -1.5680936993e+01\n   27    0 1.0000000000 -1.5544900988e+01 -1.5638513237e+01\n   28    0 1.0000000000 -1.5519640193e+01 -1.5594906592e+01\n   29    0 1.0000000000 -1.5493515370e+01 -1.5550160965e+01\n   30    0 1.0000000000 -1.5466532203e+01 -1.5504321412e+01\n   31    0 1.0000000000 -1.5438696548e+01 -1.5457434090e+01\n   32    0 1.0000000000 -1.5410014427e+01 -1.5409546210e+01\n   33    0 1.0000000000 -1.5380492031e+01 -1.5360705990e+01\n   34    0 1.0000000000 -1.5350135715e+01 -1.5310962610e+01\n   35    0 1.0000000000 -1.5318951990e+01 -1.5260366156e+01\n   36    0 1.0000000000 -1.5286947530e+01 -1.5208967575e+01\n   37    0 1.0000000000 -1.5254129160e+01 -1.5156818620e+01\n   38    0 1.0000000000 -1.5220503857e+01 -1.5103971802e+01\n   39    0 1.0000000000 -1.5186078745e+01 -1.5050480333e+01\n   40    0 1.0000000000 -1.5150861096e+01 -1.4996398073e+01\n   41    0 1.0000000000 -1.5114858321e+01 -1.4941779479e+01\n   42    0 1.0000000000 -1.5078077970e+01 -1.4886679549e+01\n   43    0 1.0000000000 -1.5040527727e+01 -1.4831153761e+01\n   44    0 1.0000000000 -1.5002215411e+01 -1.4775258027e+01\n   45    0 1.0000000000 -1.4963148964e+01 -1.4719048628e+01\n   46    0 1.0000000000 -1.4923336457e+01 -1.4662582163e+01\n   47    0 1.0000000000 -1.4882786081e+01 -1.4605915488e+01\n   48    0 1.0000000000 -1.4841506141e+01 -1.4549105662e+01\n   49    0 1.0000000000 -1.4799505062e+01 -1.4492209888e+01\n   50    0 1.0000000000 -1.4756791374e+01 -1.4435285455e+01\n   51    0 1.0000000000 -1.4713373718e+01 -1.4378389681e+01\n   52    0 1.0000000000 -1.4669260833e+01 -1.4321579856e+01\n   53    0 1.0000000000 -1.4624461563e+01 -1.4264913181e+01\n   54    0 1.0000000000 -1.4578984843e+01 -1.4208446716e+01\n   55    0 1.0000000000 -1.4532839702e+01 -1.4152237317e+01\n   56    0 1.0000000000 -1.4486035257e+01 -1.4096341583e+01\n   57    0 1.0000000000 -1.4438580710e+01 -1.4040815795e+01\n   58    0 1.0000000000 -1.4390485342e+01 -1.3985715864e+01\n   59    0 1.0000000000 -1.4341758511e+01 -1.3931097271e+01\n   60    0 1.0000000000 -1.4292409651e+01 -1.3877015011e+01\n   61    0 1.0000000000 -1.4242448261e+01 -1.3823523541e+01\n   62    0 1.0000000000 -1.4191883908e+01 -1.3770676723e+01\n   63    0 1.0000000000 -1.4140726222e+01 -1.3718527769e+01\n   64    0 1.0000000000 -1.4088984888e+01 -1.3667129188e+01\n   65    0 1.0000000000 -1.4036669648e+01 -1.3616532734e+01\n   66    0 1.0000000000 -1.3983790293e+01 -1.3566789353e+01\n   67    0 1.0000000000 -1.3930356660e+01 -1.3517949134e+01\n   68    0 1.0000000000 -1.3876378632e+01 -1.3470061254e+01\n   69    0 1.0000000000 -1.3821866128e+01 -1.3423173931e+01\n   70    0 1.0000000000 -1.3766829106e+01 -1.3377334379e+01\n   71    0 1.0000000000 -1.3711277554e+01 -1.3332588752e+01\n   72    0 1.0000000000 -1.3655221489e+01 -1.3288982106e+01\n   73    0 1.0000000000 -1.3598670952e+01 -1.3246558350e+01\n   74    0 1.0000000000 -1.3541636006e+01 -1.3205360200e+01\n   75    0 1.0000000000 -1.3484126733e+01 -1.3165429140e+01\n   76    0 1.0000000000 -1.3426153227e+01 -1.3126805377e+01\n   77    0 1.0000000000 -1.3367725595e+01 -1.3089527801e+01\n   78    0 1.0000000000 -1.3308853948e+01 -1.3053633948e+01\n   79    0 1.0000000000 -1.3249548405e+01 -1.3019159960e+01\n   80    0 1.0000000000 -1.3189819083e+01 -1.2986140549e+01\n   81    0 1.0000000000 -1.3129676097e+01 -1.2954608964e+01\n   82    0 1.0000000000 -1.3069129556e+01 -1.2924596953e+01\n   83    0 1.0000000000 -1.3008189561e+01 -1.2896134736e+01\n   84    0 1.0000000000 -1.2946866199e+01 -1.2869250973e+01\n   85    0 1.0000000000 -1.2885169544e+01 -1.2843972733e+01\n   86    0 1.0000000000 -1.2823109650e+01 -1.2820325469e+01\n   87    0 1.0000000000 -1.2760696554e+01 -1.2798332992e+01\n   88    0 1.0000000000 -1.2697940268e+01 -1.2778017446e+01\n   89    0 1.0000000000 -1.2634850780e+01 -1.2759399288e+01\n   90    0 1.0000000000 -1.2571438053e+01 -1.2742497264e+01\n   91    0 1.0000000000 -1.2507712026e+01 -1.2727328393e+01\n   92    0 1.0000000000 -1.2443682619e+01 -1.2713907949e+01\n   93    0 1.0000000000 -1.2379359740e+01 -1.2702249446e+01\n   94    0 1.0000000000 -1.2314753315e+01 -1.2692364622e+01\n   95    0 1.0000000000 -1.2249873360e+01 -1.2684263430e+01\n   96    0 1.0000000000 -1.2184730191e+01 -1.2677954028e+01\n   97    0 1.0000000000 -1.2119335287e+01 -1.2673442770e+01\n   98    0 1.0000000000 -1.2053707065e+01 -1.2670734196e+01\n   99    0 1.0000000000 -1.1988570766e+01 -1.2669831035e+01\n  100    0 1.0000000000 -1.1988235527e+01 -1.2669166800e+01\n  101    0 1.0000000000 -1.1987234171e+01 -1.2667174764e+01\n  102    0 1.0000000000 -1.1985566899e+01 -1.2663856933e+01\n  103    0 1.0000000000 -1.1983234048e+01 -1.2659216647e+01\n  104    0 1.0000000000 -1.1980236086e+01 -1.2653258579e+01\n  105    0 1.0000000000 -1.1976573615e+01 -1.2645988728e+01\n  106    0 1.0000000000 -1.1972247369e+01 -1.2637414415e+01\n  107    0 1.0000000000 -1.1967258213e+01 -1.2627544272e+01\n  108    0 1.0000000000 -1.1961607146e+01 -1.2616388239e+01\n  109    0 1.0000000000 -1.1955295297e+01 -1.2603957548e+01\n  110    0 1.0000000000 -1.1948323925e+01 -1.2590264716e+01\n  111    0 1.0000000000 -1.1940694420e+01 -1.2575323531e+01\n  112    0 1.0000000000 -1.1932408303e+01 -1.2559149037e+01\n  113    0 1.0000000000 -1.1923467223e+01 -1.2541757520e+01\n  114    0 1.0000000000 -1.1913872957e+01 -1.2523166493e+01\n  115    0 1.0000000000 -1.1903627409e+01 -1.2503394674e+01\n  116    0 1.0000000000 -1.1892732611e+01 -1.2482461973e+01\n  117    0 1.0000000000 -1.1881190721e+01 -1.2460389467e+01\n  118    0 1.0000000000 -1.1869004021e+01 -1.2437199381e+01\n  119    0 1.0000000000 -1.1856174917e+01 -1.2412915065e+01\n  120    0 1.0000000000 -1.1842705938e+01 -1.2387560972e+01\n  121    0 1.0000000000 -1.1828599736e+01 -1.2361162631e+01\n  122    0 1.0000000000 -1.1813859081e+01 -1.2333746623e+01\n  123    0 1.0000000000 -1.1798486866e+01 -1.2305340553e+01\n  124    0 1.0000000000 -1.1782486100e+01 -1.2275973025e+01\n  125    0 1.0000000000 -1.1765859909e+01 -1.2245673609e+01\n  126    0 1.0000000000 -1.1748611536e+01 -1.2214472813e+01\n  127    0 1.0000000000 -1.1730744337e+01 -1.2182402054e+01\n  128    0 1.0000000000 -1.1712261781e+01 -1.2149493625e+01\n  129    0 1.0000000000 -1.1693167451e+01 -1.2115780662e+01\n  130    0 1.0000000000 -1.1673465035e+01 -1.2081297111e+01\n  131    0 1.0000000000 -1.1653158335e+01 -1.2046077693e+01\n  132    0 1.0000000000 -1.1632251256e+01 -1.2010157872e+01\n  133    0 1.0000000000 -1.1610747810e+01 -1.1973573817e+01\n  134    0 1.0000000000 -1.1588652111e+01 -1.1936362363e+01\n  135    0 1.0000000000 -1.1565968376e+01 -1.1898560981e+01\n  136    0 1.0000000000 -1.1542700923e+01 -1.1860207732e+01\n  137    0 1.0000000000 -1.1518854167e+01 -1.1821341235e+01\n  138    0 1.0000000000 -1.1494432620e+01 -1.1782000625e+01\n  139    0 1.0000000000 -1.1469440888e+01 -1.1742225516e+01\n  140    0 1.0000000000 -1.1443883672e+01 -1.1702055957e+01\n  141    0 1.0000000000 -1.1417765762e+01 -1.1661532395e+01\n  142    0 1.0000000000 -1.1391092037e+01 -1.1620695635e+01\n  143    0 1.0000000000 -1.1363867465e+01 -1.1579586795e+01\n  144    0 1.0000000000 -1.1336097097e+01 -1.1538247269e+01\n  145    0 1.0000000000 -1.1307786069e+01 -1.1496718682e+01\n  146    0 1.0000000000 -1.1278939598e+01 -1.1455042849e+01\n  147    0 1.0000000000 -1.1249562978e+01 -1.1413261736e+01\n  148    0 1.0000000000 -1.1219661582e+01 -1.1371417411e+01\n  149    0 1.0000000000 -1.1189240858e+01 -1.1329552009e+01\n  150    0 1.0000000000 -1.1158306326e+01 -1.1287707684e+01\n  151    0 1.0000000000 -1.1126863577e+01 -1.1245926571e+01\n  152    0 1.0000000000 -1.1094918271e+01 -1.1204250738e+01\n  153    0 1.0000000000 -1.1062476135e+01 -1.1162722151e+01\n  154    0 1.0000000000 -1.1029542957e+01 -1.1121382625e+01\n  155    0 1.0000000000 -1.0996124592e+01 -1.1080273785e+01\n  156    0 1.0000000000 -1.0962226952e+01 -1.1039437025e+01\n  157    0 1.0000000000 -1.0927856007e+01 -1.0998913463e+01\n  158    0 1.0000000000 -1.0893017784e+01 -1.0958743904e+01\n  159    0 1.0000000000 -1.0857718361e+01 -1.0918968794e+01\n  160    0 1.0000000000 -1.0821963870e+01 -1.0879628185e+01\n  161    0 1.0000000000 -1.0785760490e+01 -1.0840761688e+01\n  162    0 1.0000000000 -1.0749114447e+01 -1.0802408439e+01\n  163    0 1.0000000000 -1.0712032012e+01 -1.0764607057e+01\n  164    0 1.0000000000 -1.0674519500e+01 -1.0727395603e+01\n  165    0 1.0000000000 -1.0636583262e+01 -1.0690811547e+01\n  166    0 1.0000000000 -1.0598229691e+01 -1.0654891727e+01\n  167    0 1.0000000000 -1.0559465214e+01 -1.0619672309e+01\n  168    0 1.0000000000 -1.0520296291e+01 -1.0585188758e+01\n  169    0 1.0000000000 -1.0480729416e+01 -1.0551475795e+01\n  170    0 1.0000000000 -1.0440771110e+01 -1.0518567366e+01\n  171    0 1.0000000000 -1.0400427920e+01 -1.0486496607e+01\n  172    0 1.0000000000 -1.0359706422e+01 -1.0455295811e+01\n  173    0 1.0000000000 -1.0318613212e+01 -1.0424996395e+01\n  174    0 1.0000000000 -1.0277154906e+01 -1.0395628866e+01\n  175    0 1.0000000000 -1.0235338142e+01 -1.0367222797e+01\n  176    0 1.0000000000 -1.0193169573e+01 -1.0339806789e+01\n  177    0 1.0000000000 -1.0150655865e+01 -1.0313408448e+01\n  178    0 1.0000000000 -1.0107803700e+01 -1.0288054355e+01\n  179    0 1.0000000000 -1.0064619769e+01 -1.0263770039e+01\n  180    0 1.0000000000 -1.0021110774e+01 -1.0240579953e+01\n  181    0 1.0000000000 -9.9772834217e+00 -1.0218507447e+01\n  182    0 1.0000000000 -9.9331444276e+00 -1.0197574746e+01\n  183    0 1.0000000000 -9.8887005109e+00 -1.0177802927e+01\n  184    0 1.0000000000 -9.8439583951e+00 -1.0159211900e+01\n  185    0 1.0000000000 -9.7989248069e+00 -1.0141820383e+01\n  186    0 1.0000000000 -9.7536064771e+00 -1.0125645889e+01\n  187    0 1.0000000000 -9.7080101419e+00 -1.0110704704e+01\n  188    0 1.0000000000 -9.6621425467e+00 -1.0097011872e+01\n  189    0 1.0000000000 -9.6160104538e+00 -1.0084581181e+01\n  190    0 1.0000000000 -9.5696206563e+00 -1.0073425148e+01\n  191    0 1.0000000000 -9.5229800070e+00 -1.0063555005e+01\n  192    0 1.0000000000 -9.4760954760e+00 -1.0054980692e+01\n  193    0 1.0000000000 -9.4289742796e+00 -1.0047710841e+01\n  194    0 1.0000000000 -9.3816242024e+00 -1.0041752773e+01\n  195    0 1.0000000000 -9.3340545535e+00 -1.0037112487e+01\n  196    0 1.0000000000 -9.2862799096e+00 -1.0033794656e+01\n  197    0 1.0000000000 -9.2383449836e+00 -1.0031802620e+01\n  198    0 1.0000000000 -9.1921165038e+00 -1.0031138385e+01\n  199    0 1.0000000000 -9.2857866790e+00 -1.0032466915e+01\n  200    0 1.0000000000 -9.3826281054e+00 -1.0036451889e+01\n  201    0 1.0000000000 -9.4796542346e+00 -1.0043091455e+01\n  202    0 1.0000000000 -9.5768179168e+00 -1.0052382519e+01\n  203    0 1.0000000000 -9.6740952890e+00 -1.0064320736e+01\n  204    0 1.0000000000 -9.7714660856e+00 -1.0078900489e+01\n  205    0 1.0000000000 -9.8689107937e+00 -1.0096114874e+01\n  206    0 1.0000000000 -9.9664099394e+00 -1.0115955671e+01\n  207    0 1.0000000000 -1.0063943851e+01 -1.0138413320e+01\n  208    0 1.0000000000 -1.0161492566e+01 -1.0163476886e+01\n  209    0 1.0000000000 -1.0259035788e+01 -1.0191134025e+01\n  210    0 1.0000000000 -1.0356552870e+01 -1.0221370940e+01\n  211    0 1.0000000000 -1.0454022805e+01 -1.0254172345e+01\n  212    0 1.0000000000 -1.0551424224e+01 -1.0289521414e+01\n  213    0 1.0000000000 -1.0648735394e+01 -1.0327399734e+01\n  214    0 1.0000000000 -1.0745934223e+01 -1.0367787258e+01\n  215    0 1.0000000000 -1.0842998263e+01 -1.0410662244e+01\n  216    0 1.0000000000 -1.0939904712e+01 -1.0456001212e+01\n  217    0 1.0000000000 -1.1036630423e+01 -1.0503778877e+01\n  218    0 1.0000000000 -1.1133151907e+01 -1.0553968101e+01\n  219    0 1.0000000000 -1.1229445341e+01 -1.0606539831e+01\n  220    0 1.0000000000 -1.1325486578e+01 -1.0661463044e+01\n  221    0 1.0000000000 -1.1421251147e+01 -1.0718704691e+01\n  222    0 1.0000000000 -1.1516714273e+01 -1.0778229635e+01\n  223    0 1.0000000000 -1.1611850874e+01 -1.0840000603e+01\n  224    0 1.0000000000 -1.1706635578e+01 -1.0903978129e+01\n  225    0 1.0000000000 -1.1801042732e+01 -1.0970120501e+01\n  226    0 1.0000000000 -1.1895046410e+01 -1.1038383714e+01\n  227    0 1.0000000000 -1.1988620427e+01 -1.1108721420e+01\n  228    0 1.0000000000 -1.2081738346e+01 -1.1181084890e+01\n  229    0 1.0000000000 -1.2174373496e+01 -1.1255422968e+01\n  230    0 1.0000000000 -1.2266498979e+01 -1.1331682040e+01\n  231    0 1.0000000000 -1.2358087689e+01 -1.1409805999e+01\n  232    0 1.0000000000 -1.2449112317e+01 -1.1489736219e+01\n  233    0 1.0000000000 -1.2539545375e+01 -1.1571411537e+01\n  234    0 1.0000000000 -1.2629359201e+01 -1.1654768229e+01\n  235    0 1.0000000000 -1.2718525982e+01 -1.1739740009e+01\n  236    0 1.0000000000 -1.2807017764e+01 -1.1826258018e+01\n  237    0 1.0000000000 -1.2894806468e+01 -1.1914250827e+01\n  238    0 1.0000000000 -1.2981863912e+01 -1.2003644449e+01\n  239    0 1.0000000000 -1.3068161818e+01 -1.2094362350e+01\n  240    0 1.0000000000 -1.3153671840e+01 -1.2186325478e+01\n  241    0 1.0000000000 -1.3238365573e+01 -1.2279452286e+01\n  242    0 1.0000000000 -1.3322214575e+01 -1.2373658774e+01\n  243    0 1.0000000000 -1.3405190384e+01 -1.2468858534e+01\n  244    0 1.0000000000 -1.3487264537e+01 -1.2564962802e+01\n  245    0 1.0000000000 -1.3568408589e+01 -1.2661880518e+01\n  246    0 1.0000000000 -1.3648594132e+01 -1.2759518397e+01\n  247    0 1.0000000000 -1.3727792815e+01 -1.2857781005e+01\n  248    0 1.0000000000 -1.3805976365e+01 -1.2956570840e+01\n  249    0 1.0000000000 -1.3883116603e+01 -1.3055788430e+01\n  250    0 1.0000000000 -1.3959185470e+01 -1.3155332429e+01\n  251    0 1.0000000000 -1.4034155042e+01 -1.3255099727e+01\n  252    0 1.0000000000 -1.4107997557e+01 -1.3354985564e+01\n  253    0 1.0000000000 -1.4180685428e+01 -1.3454883654e+01\n  254    0 1.0000000000 -1.4252191273e+01 -1.3554686314e+01\n  255    0 1.0000000000 -1.4322487930e+01 -1.3654284602e+01\n  256    0 1.0000000000 -1.4391548479e+01 -1.3753568459e+01\n  257    0 1.0000000000 -1.4459346266e+01 -1.3852426863e+01\n  258    0 1.0000000000 -1.4525854923e+01 -1.3950747979e+01\n  259    0 1.0000000000 -1.4591048388e+01 -1.4048419329e+01\n  260    0 1.0000000000 -1.4654900929e+01 -1.4145327950e+01\n  261    0 1.0000000000 -1.4717387164e+01 -1.4241360577e+01\n  262    0 1.0000000000 -1.4778482082e+01 -1.4336403812e+01\n  263    0 1.0000000000 -1.4838161064e+01 -1.4430344310e+01\n  264    0 1.0000000000 -1.4896399906e+01 -1.4523068961e+01\n  265    0 1.0000000000 -1.4953174838e+01 -1.4614465082e+01\n  266    0 1.0000000000 -1.5008462544e+01 -1.4704420606e+01\n  267    0 1.0000000000 -1.5062240187e+01 -1.4792824275e+01\n  268    0 1.0000000000 -1.5114485422e+01 -1.4879565837e+01\n  269    0 1.0000000000 -1.5165176422e+01 -1.4964536242e+01\n  270    0 1.0000000000 -1.5214291896e+01 -1.5047627838e+01\n  271    0 1.0000000000 -1.5261811107e+01 -1.5128734570e+01\n  272    0 1.0000000000 -1.5307713892e+01 -1.5207752177e+01\n  273    0 1.0000000000 -1.5351980679e+01 -1.5284578385e+01\n  274    0 1.0000000000 -1.5394592509e+01 -1.5359113107e+01\n  275    0 1.0000000000 -1.5435531049e+01 -1.5431258628e+01\n  276    0 1.0000000000 -1.5474778611e+01 -1.5500919803e+01\n  277    0 1.0000000000 -1.5512318172e+01 -1.5568004235e+01\n  278    0 1.0000000000 -1.5548133382e+01 -1.5632422464e+01\n  279    0 1.0000000000 -1.5582208589e+01 -1.5694088142e+01\n  280    0 1.0000000000 -1.5614528847e+01 -1.5752918209e+01\n  281    0 1.0000000000 -1.5645079933e+01 -1.5808833057e+01\n  282    0 1.0000000000 -1.5673848362e+01 -1.5861756697e+01\n  283    0 1.0000000000 -1.5700821397e+01 -1.5911616912e+01\n  284    0 1.0000000000 -1.5725987064e+01 -1.5958345404e+01\n  285    0 1.0000000000 -1.5749334162e+01 -1.6001877942e+01\n  286    0 1.0000000000 -1.5770852274e+01 -1.6042154488e+01\n  287    0 1.0000000000 -1.5790531781e+01 -1.6079119330e+01\n  288    0 1.0000000000 -1.5808363865e+01 -1.6112721194e+01\n  289    0 1.0000000000 -1.5824340522e+01 -1.6142913353e+01\n  290    0 1.0000000000 -1.5838454570e+01 -1.6169653728e+01\n  291    0 1.0000000000 -1.5850699653e+01 -1.6192904978e+01\n  292    0 1.0000000000 -1.5861070253e+01 -1.6212634575e+01\n  293    0 1.0000000000 -1.5869561687e+01 -1.6228814877e+01\n  294    0 1.0000000000 -1.5876170122e+01 -1.6241423187e+01\n  295    0 1.0000000000 -1.5880892568e+01 -1.6250441801e+01\n  296    0 1.0000000000 -1.5883726891e+01 -1.6255858047e+01\n  297    0 1.0000000000 -1.5884671808e+01 -1.6257664309e+01\n