SINGLE-ORBITAL NN+NNN EFFECTIVE MODEL FIT

m=5
eon=0.0
t0=1.0
l_decay=0.5
dl=0.5
pairing=./m=5/pairing.txt
microscopic_orbitals=52

E_eff(k) = eps0 + 2*t1[cos(k.u1)+cos(k.u2)] + 4*t2*cos(k.u1)*cos(k.u2)

eps0     = -1.38159668991402e+01
t1       = -5.57251755256430e-01
t2       = -2.96842362223311e-02

RMSE=3.45402438994112e-01
MAE=2.82500501362279e-01
max_abs_error=7.47207820270091e-01
optimizer_success=True
optimizer_message=Linear least-squares solution
minimum_tracking_continuity=1.0000000000
mean_tracking_continuity=1.0000000000

# k_index idx continuity target fit\n    0    0 1.0000000000 -1.5891777960e+01 -1.6163710865e+01\n    1    0 1.0000000000 -1.5891468001e+01 -1.6163089981e+01\n    2    0 1.0000000000 -1.5890538171e+01 -1.6161227953e+01\n    3    0 1.0000000000 -1.5888988609e+01 -1.6158126657e+01\n    4    0 1.0000000000 -1.5886819548e+01 -1.6153789215e+01\n    5    0 1.0000000000 -1.5884031312e+01 -1.6148219994e+01\n    6    0 1.0000000000 -1.5880624320e+01 -1.6141424603e+01\n    7    0 1.0000000000 -1.5876599080e+01 -1.6133409884e+01\n    8    0 1.0000000000 -1.5871956196e+01 -1.6124183907e+01\n    9    0 1.0000000000 -1.5866696363e+01 -1.6113755961e+01\n   10    0 1.0000000000 -1.5860820367e+01 -1.6102136548e+01\n   11    0 1.0000000000 -1.5854329086e+01 -1.6089337365e+01\n   12    0 1.0000000000 -1.5847223491e+01 -1.6075371302e+01\n   13    0 1.0000000000 -1.5839504641e+01 -1.6060252421e+01\n   14    0 1.0000000000 -1.5831173688e+01 -1.6043995945e+01\n   15    0 1.0000000000 -1.5822231874e+01 -1.6026618243e+01\n   16    0 1.0000000000 -1.5812680530e+01 -1.6008136813e+01\n   17    0 1.0000000000 -1.5802521078e+01 -1.5988570265e+01\n   18    0 1.0000000000 -1.5791755027e+01 -1.5967938300e+01\n   19    0 1.0000000000 -1.5780383976e+01 -1.5946261692e+01\n   20    0 1.0000000000 -1.5768409611e+01 -1.5923562269e+01\n   21    0 1.0000000000 -1.5755833707e+01 -1.5899862886e+01\n   22    0 1.0000000000 -1.5742658123e+01 -1.5875187408e+01\n   23    0 1.0000000000 -1.5728884808e+01 -1.5849560679e+01\n   24    0 1.0000000000 -1.5714515792e+01 -1.5823008504e+01\n   25    0 1.0000000000 -1.5699553194e+01 -1.5795557620e+01\n   26    0 1.0000000000 -1.5683999216e+01 -1.5767235665e+01\n   27    0 1.0000000000 -1.5667856141e+01 -1.5738071159e+01\n   28    0 1.0000000000 -1.5651126339e+01 -1.5708093468e+01\n   29    0 1.0000000000 -1.5633812258e+01 -1.5677332776e+01\n   30    0 1.0000000000 -1.5615916429e+01 -1.5645820057e+01\n   31    0 1.0000000000 -1.5597441464e+01 -1.5613587041e+01\n   32    0 1.0000000000 -1.5578390054e+01 -1.5580666185e+01\n   33    0 1.0000000000 -1.5558764968e+01 -1.5547090637e+01\n   34    0 1.0000000000 -1.5538569053e+01 -1.5512894205e+01\n   35    0 1.0000000000 -1.5517805233e+01 -1.5478111321e+01\n   36    0 1.0000000000 -1.5496476509e+01 -1.5442777009e+01\n   37    0 1.0000000000 -1.5474585954e+01 -1.5406926848e+01\n   38    0 1.0000000000 -1.5452136718e+01 -1.5370596936e+01\n   39    0 1.0000000000 -1.5429132023e+01 -1.5333823854e+01\n   40    0 1.0000000000 -1.5405575162e+01 -1.5296644629e+01\n   41    0 1.0000000000 -1.5381469501e+01 -1.5259096697e+01\n   42    0 1.0000000000 -1.5356818473e+01 -1.5221217867e+01\n   43    0 1.0000000000 -1.5331625582e+01 -1.5183046278e+01\n   44    0 1.0000000000 -1.5305894400e+01 -1.5144620367e+01\n   45    0 1.0000000000 -1.5279628563e+01 -1.5105978826e+01\n   46    0 1.0000000000 -1.5252831776e+01 -1.5067160562e+01\n   47    0 1.0000000000 -1.5225507804e+01 -1.5028204663e+01\n   48    0 1.0000000000 -1.5197660480e+01 -1.4989150353e+01\n   49    0 1.0000000000 -1.5169293695e+01 -1.4950036958e+01\n   50    0 1.0000000000 -1.5140411404e+01 -1.4910903861e+01\n   51    0 1.0000000000 -1.5111017619e+01 -1.4871790466e+01\n   52    0 1.0000000000 -1.5081116411e+01 -1.4832736157e+01\n   53    0 1.0000000000 -1.5050711909e+01 -1.4793780258e+01\n   54    0 1.0000000000 -1.5019808299e+01 -1.4754961994e+01\n   55    0 1.0000000000 -1.4988409818e+01 -1.4716320452e+01\n   56    0 1.0000000000 -1.4956520760e+01 -1.4677894541e+01\n   57    0 1.0000000000 -1.4924145469e+01 -1.4639722953e+01\n   58    0 1.0000000000 -1.4891288342e+01 -1.4601844122e+01\n   59    0 1.0000000000 -1.4857953824e+01 -1.4564296191e+01\n   60    0 1.0000000000 -1.4824146407e+01 -1.4527116966e+01\n   61    0 1.0000000000 -1.4789870634e+01 -1.4490343883e+01\n   62    0 1.0000000000 -1.4755131090e+01 -1.4454013971e+01\n   63    0 1.0000000000 -1.4719932406e+01 -1.4418163810e+01\n   64    0 1.0000000000 -1.4684279256e+01 -1.4382829498e+01\n   65    0 1.0000000000 -1.4648176356e+01 -1.4348046614e+01\n   66    0 1.0000000000 -1.4611628462e+01 -1.4313850182e+01\n   67    0 1.0000000000 -1.4574640368e+01 -1.4280274634e+01\n   68    0 1.0000000000 -1.4537216908e+01 -1.4247353778e+01\n   69    0 1.0000000000 -1.4499362950e+01 -1.4215120762e+01\n   70    0 1.0000000000 -1.4461083400e+01 -1.4183608043e+01\n   71    0 1.0000000000 -1.4422383196e+01 -1.4152847351e+01\n   72    0 1.0000000000 -1.4383267308e+01 -1.4122869660e+01\n   73    0 1.0000000000 -1.4343740737e+01 -1.4093705154e+01\n   74    0 1.0000000000 -1.4303808515e+01 -1.4065383200e+01\n   75    0 1.0000000000 -1.4263475703e+01 -1.4037932315e+01\n   76    0 1.0000000000 -1.4222747385e+01 -1.4011380140e+01\n   77    0 1.0000000000 -1.4181628677e+01 -1.3985753412e+01\n   78    0 1.0000000000 -1.4140124713e+01 -1.3961077933e+01\n   79    0 1.0000000000 -1.4098240654e+01 -1.3937378551e+01\n   80    0 1.0000000000 -1.4055981683e+01 -1.3914679127e+01\n   81    0 1.0000000000 -1.4013353001e+01 -1.3893002520e+01\n   82    0 1.0000000000 -1.3970359829e+01 -1.3872370554e+01\n   83    0 1.0000000000 -1.3927007407e+01 -1.3852804006e+01\n   84    0 1.0000000000 -1.3883300991e+01 -1.3834322576e+01\n   85    0 1.0000000000 -1.3839245851e+01 -1.3816944874e+01\n   86    0 1.0000000000 -1.3794847273e+01 -1.3800688398e+01\n   87    0 1.0000000000 -1.3750110553e+01 -1.3785569517e+01\n   88    0 1.0000000000 -1.3705041001e+01 -1.3771603454e+01\n   89    0 1.0000000000 -1.3659643937e+01 -1.3758804272e+01\n   90    0 1.0000000000 -1.3613924687e+01 -1.3747184858e+01\n   91    0 1.0000000000 -1.3567888589e+01 -1.3736756912e+01\n   92    0 1.0000000000 -1.3521540984e+01 -1.3727530935e+01\n   93    0 1.0000000000 -1.3474887220e+01 -1.3719516216e+01\n   94    0 1.0000000000 -1.3427932651e+01 -1.3712720825e+01\n   95    0 1.0000000000 -1.3380682631e+01 -1.3707151605e+01\n   96    0 1.0000000000 -1.3333142524e+01 -1.3702814163e+01\n   97    0 1.0000000000 -1.3285317705e+01 -1.3699712866e+01\n   98    0 1.0000000000 -1.3237213622e+01 -1.3697850839e+01\n   99    0 1.0000000000 -1.3188854953e+01 -1.3697229954e+01\n  100    0 1.0000000000 -1.3188608002e+01 -1.3696728628e+01\n  101    0 1.0000000000 -1.3187870817e+01 -1.3695225154e+01\n  102    0 1.0000000000 -1.3186643502e+01 -1.3692721046e+01\n  103    0 1.0000000000 -1.3184926224e+01 -1.3689218826e+01\n  104    0 1.0000000000 -1.3182719222e+01 -1.3684722020e+01\n  105    0 1.0000000000 -1.3180022801e+01 -1.3679235155e+01\n  106    0 1.0000000000 -1.3176837331e+01 -1.3672763758e+01\n  107    0 1.0000000000 -1.3173163253e+01 -1.3665314343e+01\n  108    0 1.0000000000 -1.3169001072e+01 -1.3656894412e+01\n  109    0 1.0000000000 -1.3164351361e+01 -1.3647512443e+01\n  110    0 1.0000000000 -1.3159214759e+01 -1.3637177882e+01\n  111    0 1.0000000000 -1.3153591974e+01 -1.3625901137e+01\n  112    0 1.0000000000 -1.3147483778e+01 -1.3613693561e+01\n  113    0 1.0000000000 -1.3140891009e+01 -1.3600567447e+01\n  114    0 1.0000000000 -1.3133814571e+01 -1.3586536011e+01\n  115    0 1.0000000000 -1.3126255435e+01 -1.3571613382e+01\n  116    0 1.0000000000 -1.3118214636e+01 -1.3555814585e+01\n  117    0 1.0000000000 -1.3109693273e+01 -1.3539155530e+01\n  118    0 1.0000000000 -1.3100692511e+01 -1.3521652989e+01\n  119    0 1.0000000000 -1.3091213580e+01 -1.3503324587e+01\n  120    0 1.0000000000 -1.3081257772e+01 -1.3484188779e+01\n  121    0 1.0000000000 -1.3070826443e+01 -1.3464264833e+01\n  122    0 1.0000000000 -1.3059921012e+01 -1.3443572810e+01\n  123    0 1.0000000000 -1.3048542962e+01 -1.3422133546e+01\n  124    0 1.0000000000 -1.3036693835e+01 -1.3399968628e+01\n  125    0 1.0000000000 -1.3024375240e+01 -1.3377100375e+01\n  126    0 1.0000000000 -1.3011588841e+01 -1.3353551813e+01\n  127    0 1.0000000000 -1.2998336367e+01 -1.3329346652e+01\n  128    0 1.0000000000 -1.2984619606e+01 -1.3304509267e+01\n  129    0 1.0000000000 -1.2970440406e+01 -1.3279064665e+01\n  130    0 1.0000000000 -1.2955800673e+01 -1.3253038468e+01\n  131    0 1.0000000000 -1.2940702373e+01 -1.3226456882e+01\n  132    0 1.0000000000 -1.2925147528e+01 -1.3199346671e+01\n  133    0 1.0000000000 -1.2909138220e+01 -1.3171735135e+01\n  134    0 1.0000000000 -1.2892676587e+01 -1.3143650074e+01\n  135    0 1.0000000000 -1.2875764821e+01 -1.3115119769e+01\n  136    0 1.0000000000 -1.2858405172e+01 -1.3086172948e+01\n  137    0 1.0000000000 -1.2840599944e+01 -1.3056838756e+01\n  138    0 1.0000000000 -1.2822351495e+01 -1.3027146731e+01\n  139    0 1.0000000000 -1.2803662236e+01 -1.2997126771e+01\n  140    0 1.0000000000 -1.2784534633e+01 -1.2966809103e+01\n  141    0 1.0000000000 -1.2764971200e+01 -1.2936224254e+01\n  142    0 1.0000000000 -1.2744974507e+01 -1.2905403021e+01\n  143    0 1.0000000000 -1.2724547171e+01 -1.2874376438e+01\n  144    0 1.0000000000 -1.2703691861e+01 -1.2843175746e+01\n  145    0 1.0000000000 -1.2682411294e+01 -1.2811832362e+01\n  146    0 1.0000000000 -1.2660708236e+01 -1.2780377846e+01\n  147    0 1.0000000000 -1.2638585499e+01 -1.2748843870e+01\n  148    0 1.0000000000 -1.2616045944e+01 -1.2717262185e+01\n  149    0 1.0000000000 -1.2593092477e+01 -1.2685664592e+01\n  150    0 1.0000000000 -1.2569728049e+01 -1.2654082908e+01\n  151    0 1.0000000000 -1.2545955654e+01 -1.2622548931e+01\n  152    0 1.0000000000 -1.2521778332e+01 -1.2591094415e+01\n  153    0 1.0000000000 -1.2497199164e+01 -1.2559751031e+01\n  154    0 1.0000000000 -1.2472221273e+01 -1.2528550339e+01\n  155    0 1.0000000000 -1.2446847823e+01 -1.2497523756e+01\n  156    0 1.0000000000 -1.2421082019e+01 -1.2466702523e+01\n  157    0 1.0000000000 -1.2394927104e+01 -1.2436117674e+01\n  158    0 1.0000000000 -1.2368386359e+01 -1.2405800006e+01\n  159    0 1.0000000000 -1.2341463104e+01 -1.2375780046e+01\n  160    0 1.0000000000 -1.2314160694e+01 -1.2346088021e+01\n  161    0 1.0000000000 -1.2286482522e+01 -1.2316753830e+01\n  162    0 1.0000000000 -1.2258432012e+01 -1.2287807008e+01\n  163    0 1.0000000000 -1.2230012626e+01 -1.2259276703e+01\n  164    0 1.0000000000 -1.2201227856e+01 -1.2231191642e+01\n  165    0 1.0000000000 -1.2172081227e+01 -1.2203580106e+01\n  166    0 1.0000000000 -1.2142576297e+01 -1.2176469895e+01\n  167    0 1.0000000000 -1.2112716651e+01 -1.2149888309e+01\n  168    0 1.0000000000 -1.2082505907e+01 -1.2123862112e+01\n  169    0 1.0000000000 -1.2051947708e+01 -1.2098417510e+01\n  170    0 1.0000000000 -1.2021045727e+01 -1.2073580125e+01\n  171    0 1.0000000000 -1.1989803664e+01 -1.2049374965e+01\n  172    0 1.0000000000 -1.1958225243e+01 -1.2025826402e+01\n  173    0 1.0000000000 -1.1926314214e+01 -1.2002958149e+01\n  174    0 1.0000000000 -1.1894074353e+01 -1.1980793231e+01\n  175    0 1.0000000000 -1.1861509457e+01 -1.1959353967e+01\n  176    0 1.0000000000 -1.1828623347e+01 -1.1938661944e+01\n  177    0 1.0000000000 -1.1795419865e+01 -1.1918737998e+01\n  178    0 1.0000000000 -1.1761902876e+01 -1.1899602190e+01\n  179    0 1.0000000000 -1.1728076264e+01 -1.1881273788e+01\n  180    0 1.0000000000 -1.1693943934e+01 -1.1863771247e+01\n  181    0 1.0000000000 -1.1659509812e+01 -1.1847112192e+01\n  182    0 1.0000000000 -1.1624777844e+01 -1.1831313396e+01\n  183    0 1.0000000000 -1.1589751996e+01 -1.1816390767e+01\n  184    0 1.0000000000 -1.1554436254e+01 -1.1802359331e+01\n  185    0 1.0000000000 -1.1518834631e+01 -1.1789233216e+01\n  186    0 1.0000000000 -1.1482951163e+01 -1.1777025640e+01\n  187    0 1.0000000000 -1.1446789920e+01 -1.1765748895e+01\n  188    0 1.0000000000 -1.1410355013e+01 -1.1755414335e+01\n  189    0 1.0000000000 -1.1373650607e+01 -1.1746032366e+01\n  190    0 1.0000000000 -1.1336680956e+01 -1.1737612435e+01\n  191    0 1.0000000000 -1.1299450450e+01 -1.1730163020e+01\n  192    0 1.0000000000 -1.1261963722e+01 -1.1723691622e+01\n  193    0 1.0000000000 -1.1224225887e+01 -1.1718204758e+01\n  194    0 1.0000000000 -1.1186243118e+01 -1.1713707951e+01\n  195    0 1.0000000000 -1.1148024376e+01 -1.1710205731e+01\n  196    0 1.0000000000 -1.1109588187e+01 -1.1707701623e+01\n  197    0 1.0000000000 -1.1071007895e+01 -1.1706198149e+01\n  198    0 1.0000000000 -1.1035483169e+01 -1.1705696823e+01\n  199    0 1.0000000000 -1.1109986911e+01 -1.1706699506e+01\n  200    0 1.0000000000 -1.1187852502e+01 -1.1709706905e+01\n  201    0 1.0000000000 -1.1265611152e+01 -1.1714717074e+01\n  202    0 1.0000000000 -1.1343213487e+01 -1.1721726765e+01\n  203    0 1.0000000000 -1.1420639108e+01 -1.1730731427e+01\n  204    0 1.0000000000 -1.1497872436e+01 -1.1741725197e+01\n  205    0 1.0000000000 -1.1574899191e+01 -1.1754700897e+01\n  206    0 1.0000000000 -1.1651705504e+01 -1.1769650023e+01\n  207    0 1.0000000000 -1.1728277619e+01 -1.1786562734e+01\n  208    0 1.0000000000 -1.1804601782e+01 -1.1805427845e+01\n  209    0 1.0000000000 -1.1880664186e+01 -1.1826232811e+01\n  210    0 1.0000000000 -1.1956450949e+01 -1.1848963715e+01\n  211    0 1.0000000000 -1.2031948101e+01 -1.1873605255e+01\n  212    0 1.0000000000 -1.2107141583e+01 -1.1900140727e+01\n  213    0 1.0000000000 -1.2182017244e+01 -1.1928552009e+01\n  214    0 1.0000000000 -1.2256560842e+01 -1.1958819545e+01\n  215    0 1.0000000000 -1.2330758046e+01 -1.1990922332e+01\n  216    0 1.0000000000 -1.2404594441e+01 -1.2024837895e+01\n  217    0 1.0000000000 -1.2478055529e+01 -1.2060542278e+01\n  218    0 1.0000000000 -1.2551126738e+01 -1.2098010023e+01\n  219    0 1.0000000000 -1.2623793419e+01 -1.2137214152e+01\n  220    0 1.0000000000 -1.2696040859e+01 -1.2178126157e+01\n  221    0 1.0000000000 -1.2767854279e+01 -1.2220715975e+01\n  222    0 1.0000000000 -1.2839218844e+01 -1.2264951985e+01\n  223    0 1.0000000000 -1.2910119665e+01 -1.2310800984e+01\n  224    0 1.0000000000 -1.2980541809e+01 -1.2358228181e+01\n  225    0 1.0000000000 -1.3050470298e+01 -1.2407197183e+01\n  226    0 1.0000000000 -1.3119890122e+01 -1.2457669990e+01\n  227    0 1.0000000000 -1.3188786238e+01 -1.2509606984e+01\n  228    0 1.0000000000 -1.3257143583e+01 -1.2562966922e+01\n  229    0 1.0000000000 -1.3324947075e+01 -1.2617706940e+01\n  230    0 1.0000000000 -1.3392181620e+01 -1.2673782546e+01\n  231    0 1.0000000000 -1.3458832121e+01 -1.2731147625e+01\n  232    0 1.0000000000 -1.3524883484e+01 -1.2789754442e+01\n  233    0 1.0000000000 -1.3590320622e+01 -1.2849553652e+01\n  234    0 1.0000000000 -1.3655128462e+01 -1.2910494310e+01\n  235    0 1.0000000000 -1.3719291957e+01 -1.2972523881e+01\n  236    0 1.0000000000 -1.3782796086e+01 -1.3035588266e+01\n  237    0 1.0000000000 -1.3845625866e+01 -1.3099631814e+01\n  238    0 1.0000000000 -1.3907766355e+01 -1.3164597350e+01\n  239    0 1.0000000000 -1.3969202664e+01 -1.3230426205e+01\n  240    0 1.0000000000 -1.4029919959e+01 -1.3297058246e+01\n  241    0 1.0000000000 -1.4089903472e+01 -1.3364431911e+01\n  242    0 1.0000000000 -1.4149138509e+01 -1.3432484249e+01\n  243    0 1.0000000000 -1.4207610452e+01 -1.3501150966e+01\n  244    0 1.0000000000 -1.4265304772e+01 -1.3570366469e+01\n  245    0 1.0000000000 -1.4322207034e+01 -1.3640063923e+01\n  246    0 1.0000000000 -1.4378302905e+01 -1.3710175300e+01\n  247    0 1.0000000000 -1.4433578163e+01 -1.3780631444e+01\n  248    0 1.0000000000 -1.4488018699e+01 -1.3851362133e+01\n  249    0 1.0000000000 -1.4541610533e+01 -1.3922296149e+01\n  250    0 1.0000000000 -1.4594339815e+01 -1.3993361343e+01\n  251    0 1.0000000000 -1.4646192835e+01 -1.4064484721e+01\n  252    0 1.0000000000 -1.4697156029e+01 -1.4135592513e+01\n  253    0 1.0000000000 -1.4747215991e+01 -1.4206610263e+01\n  254    0 1.0000000000 -1.4796359474e+01 -1.4277462913e+01\n  255    0 1.0000000000 -1.4844573403e+01 -1.4348074891e+01\n  256    0 1.0000000000 -1.4891844880e+01 -1.4418370209e+01\n  257    0 1.0000000000 -1.4938161192e+01 -1.4488272552e+01\n  258    0 1.0000000000 -1.4983509816e+01 -1.4557705387e+01\n  259    0 1.0000000000 -1.5027878431e+01 -1.4626592053e+01\n  260    0 1.0000000000 -1.5071254921e+01 -1.4694855877e+01\n  261    0 1.0000000000 -1.5113627386e+01 -1.4762420271e+01\n  262    0 1.0000000000 -1.5154984146e+01 -1.4829208847e+01\n  263    0 1.0000000000 -1.5195313747e+01 -1.4895145525e+01\n  264    0 1.0000000000 -1.5234604974e+01 -1.4960154646e+01\n  265    0 1.0000000000 -1.5272846850e+01 -1.5024161084e+01\n  266    0 1.0000000000 -1.5310028649e+01 -1.5087090363e+01\n  267    0 1.0000000000 -1.5346139899e+01 -1.5148868770e+01\n  268    0 1.0000000000 -1.5381170391e+01 -1.5209423473e+01\n  269    0 1.0000000000 -1.5415110183e+01 -1.5268682635e+01\n  270    0 1.0000000000 -1.5447949607e+01 -1.5326575531e+01\n  271    0 1.0000000000 -1.5479679275e+01 -1.5383032665e+01\n  272    0 1.0000000000 -1.5510290088e+01 -1.5437985883e+01\n  273    0 1.0000000000 -1.5539773237e+01 -1.5491368490e+01\n  274    0 1.0000000000 -1.5568120210e+01 -1.5543115357e+01\n  275    0 1.0000000000 -1.5595322800e+01 -1.5593163041e+01\n  276    0 1.0000000000 -1.5621373107e+01 -1.5641449887e+01\n  277    0 1.0000000000 -1.5646263547e+01 -1.5687916139e+01\n  278    0 1.0000000000 -1.5669986852e+01 -1.5732504044e+01\n  279    0 1.0000000000 -1.5692536078e+01 -1.5775157957e+01\n  280    0 1.0000000000 -1.5713904610e+01 -1.5815824436e+01\n  281    0 1.0000000000 -1.5734086164e+01 -1.5854452339e+01\n  282    0 1.0000000000 -1.5753074793e+01 -1.5890992920e+01\n  283    0 1.0000000000 -1.5770864889e+01 -1.5925399914e+01\n  284    0 1.0000000000 -1.5787451191e+01 -1.5957629623e+01\n  285    0 1.0000000000 -1.5802828782e+01 -1.5987640997e+01\n  286    0 1.0000000000 -1.5816993097e+01 -1.6015395709e+01\n  287    0 1.0000000000 -1.5829939926e+01 -1.6040858229e+01\n  288    0 1.0000000000 -1.5841665414e+01 -1.6063995884e+01\n  289    0 1.0000000000 -1.5852166067e+01 -1.6084778926e+01\n  290    0 1.0000000000 -1.5861438750e+01 -1.6103180584e+01\n  291    0 1.0000000000 -1.5869480694e+01 -1.6119177118e+01\n  292    0 1.0000000000 -1.5876289494e+01 -1.6132747858e+01\n  293    0 1.0000000000 -1.5881863113e+01 -1.6143875250e+01\n  294    0 1.0000000000 -1.5886199884e+01 -1.6152544883e+01\n  295    0 1.0000000000 -1.5889298505e+01 -1.6158745522e+01\n  296    0 1.0000000000 -1.5891158050e+01 -1.6162469127e+01\n  297    0 1.0000000000 -1.5891777960e+01 -1.6163710865e+01\n