SINGLE-ORBITAL NN+NNN EFFECTIVE MODEL FIT

m=6
eon=0.0
t0=1.0
l_decay=0.5
dl=0.5
pairing=./m=6/pairing.txt
microscopic_orbitals=74

E_eff(k) = eps0 + 2*t1[cos(k.u1)+cos(k.u2)] + 4*t2*cos(k.u1)*cos(k.u2)

eps0     = -1.43701329992102e+01
t1       = -4.13230600330745e-01
t2       = -1.61763442500851e-02

RMSE=2.63798703060494e-01
MAE=2.14130277843003e-01
max_abs_error=5.74026626498128e-01
optimizer_success=True
optimizer_message=Linear least-squares solution
minimum_tracking_continuity=1.0000000000
mean_tracking_continuity=1.0000000000

# k_index idx continuity target fit\n    0    0 1.0000000000 -1.5884743908e+01 -1.6087760778e+01\n    1    0 1.0000000000 -1.5884525864e+01 -1.6087312113e+01\n    2    0 1.0000000000 -1.5883871754e+01 -1.6085966571e+01\n    3    0 1.0000000000 -1.5882781647e+01 -1.6083725506e+01\n    4    0 1.0000000000 -1.5881255659e+01 -1.6080591176e+01\n    5    0 1.0000000000 -1.5879293952e+01 -1.6076566735e+01\n    6    0 1.0000000000 -1.5876896732e+01 -1.6071656237e+01\n    7    0 1.0000000000 -1.5874064253e+01 -1.6065864625e+01\n    8    0 1.0000000000 -1.5870796815e+01 -1.6059197731e+01\n    9    0 1.0000000000 -1.5867094762e+01 -1.6051662269e+01\n   10    0 1.0000000000 -1.5862958485e+01 -1.6043265826e+01\n   11    0 1.0000000000 -1.5858388422e+01 -1.6034016857e+01\n   12    0 1.0000000000 -1.5853385055e+01 -1.6023924674e+01\n   13    0 1.0000000000 -1.5847948910e+01 -1.6012999439e+01\n   14    0 1.0000000000 -1.5842080562e+01 -1.6001252153e+01\n   15    0 1.0000000000 -1.5835780629e+01 -1.5988694645e+01\n   16    0 1.0000000000 -1.5829049773e+01 -1.5975339559e+01\n   17    0 1.0000000000 -1.5821888704e+01 -1.5961200342e+01\n   18    0 1.0000000000 -1.5814298174e+01 -1.5946291232e+01\n   19    0 1.0000000000 -1.5806278980e+01 -1.5930627240e+01\n   20    0 1.0000000000 -1.5797831965e+01 -1.5914224139e+01\n   21    0 1.0000000000 -1.5788958015e+01 -1.5897098446e+01\n   22    0 1.0000000000 -1.5779658059e+01 -1.5879267405e+01\n   23    0 1.0000000000 -1.5769933071e+01 -1.5860748969e+01\n   24    0 1.0000000000 -1.5759784069e+01 -1.5841561786e+01\n   25    0 1.0000000000 -1.5749212113e+01 -1.5821725175e+01\n   26    0 1.0000000000 -1.5738218307e+01 -1.5801259110e+01\n   27    0 1.0000000000 -1.5726803797e+01 -1.5780184199e+01\n   28    0 1.0000000000 -1.5714969771e+01 -1.5758521662e+01\n   29    0 1.0000000000 -1.5702717461e+01 -1.5736293312e+01\n   30    0 1.0000000000 -1.5690048140e+01 -1.5713521531e+01\n   31    0 1.0000000000 -1.5676963122e+01 -1.5690229247e+01\n   32    0 1.0000000000 -1.5663463763e+01 -1.5666439915e+01\n   33    0 1.0000000000 -1.5649551460e+01 -1.5642177489e+01\n   34    0 1.0000000000 -1.5635227650e+01 -1.5617466397e+01\n   35    0 1.0000000000 -1.5620493813e+01 -1.5592331523e+01\n   36    0 1.0000000000 -1.5605351464e+01 -1.5566798175e+01\n   37    0 1.0000000000 -1.5589802163e+01 -1.5540892063e+01\n   38    0 1.0000000000 -1.5573847505e+01 -1.5514639273e+01\n   39    0 1.0000000000 -1.5557489128e+01 -1.5488066237e+01\n   40    0 1.0000000000 -1.5540728704e+01 -1.5461199715e+01\n   41    0 1.0000000000 -1.5523567947e+01 -1.5434066756e+01\n   42    0 1.0000000000 -1.5506008608e+01 -1.5406694684e+01\n   43    0 1.0000000000 -1.5488052473e+01 -1.5379111057e+01\n   44    0 1.0000000000 -1.5469701368e+01 -1.5351343652e+01\n   45    0 1.0000000000 -1.5450957155e+01 -1.5323420427e+01\n   46    0 1.0000000000 -1.5431821729e+01 -1.5295369499e+01\n   47    0 1.0000000000 -1.5412297026e+01 -1.5267219113e+01\n   48    0 1.0000000000 -1.5392385013e+01 -1.5238997613e+01\n   49    0 1.0000000000 -1.5372087693e+01 -1.5210733417e+01\n   50    0 1.0000000000 -1.5351407105e+01 -1.5182454983e+01\n   51    0 1.0000000000 -1.5330345320e+01 -1.5154190787e+01\n   52    0 1.0000000000 -1.5308904444e+01 -1.5125969287e+01\n   53    0 1.0000000000 -1.5287086614e+01 -1.5097818901e+01\n   54    0 1.0000000000 -1.5264894002e+01 -1.5069767972e+01\n   55    0 1.0000000000 -1.5242328810e+01 -1.5041844748e+01\n   56    0 1.0000000000 -1.5219393274e+01 -1.5014077342e+01\n   57    0 1.0000000000 -1.5196089658e+01 -1.4986493716e+01\n   58    0 1.0000000000 -1.5172420259e+01 -1.4959121643e+01\n   59    0 1.0000000000 -1.5148387404e+01 -1.4931988685e+01\n   60    0 1.0000000000 -1.5123993449e+01 -1.4905122162e+01\n   61    0 1.0000000000 -1.5099240778e+01 -1.4878549127e+01\n   62    0 1.0000000000 -1.5074131806e+01 -1.4852296336e+01\n   63    0 1.0000000000 -1.5048668974e+01 -1.4826390224e+01\n   64    0 1.0000000000 -1.5022854753e+01 -1.4800856876e+01\n   65    0 1.0000000000 -1.4996691638e+01 -1.4775722002e+01\n   66    0 1.0000000000 -1.4970182153e+01 -1.4751010911e+01\n   67    0 1.0000000000 -1.4943328847e+01 -1.4726748484e+01\n   68    0 1.0000000000 -1.4916134295e+01 -1.4702959152e+01\n   69    0 1.0000000000 -1.4888601096e+01 -1.4679666869e+01\n   70    0 1.0000000000 -1.4860731874e+01 -1.4656895088e+01\n   71    0 1.0000000000 -1.4832529278e+01 -1.4634666738e+01\n   72    0 1.0000000000 -1.4803995978e+01 -1.4613004201e+01\n   73    0 1.0000000000 -1.4775134669e+01 -1.4591929290e+01\n   74    0 1.0000000000 -1.4745948067e+01 -1.4571463225e+01\n   75    0 1.0000000000 -1.4716438909e+01 -1.4551626614e+01\n   76    0 1.0000000000 -1.4686609956e+01 -1.4532439431e+01\n   77    0 1.0000000000 -1.4656463988e+01 -1.4513920995e+01\n   78    0 1.0000000000 -1.4626003803e+01 -1.4496089954e+01\n   79    0 1.0000000000 -1.4595232222e+01 -1.4478964260e+01\n   80    0 1.0000000000 -1.4564152083e+01 -1.4462561160e+01\n   81    0 1.0000000000 -1.4532766243e+01 -1.4446897168e+01\n   82    0 1.0000000000 -1.4501077578e+01 -1.4431988058e+01\n   83    0 1.0000000000 -1.4469088980e+01 -1.4417848841e+01\n   84    0 1.0000000000 -1.4436803358e+01 -1.4404493755e+01\n   85    0 1.0000000000 -1.4404223638e+01 -1.4391936247e+01\n   86    0 1.0000000000 -1.4371352763e+01 -1.4380188961e+01\n   87    0 1.0000000000 -1.4338193690e+01 -1.4369263726e+01\n   88    0 1.0000000000 -1.4304749394e+01 -1.4359171543e+01\n   89    0 1.0000000000 -1.4271022862e+01 -1.4349922573e+01\n   90    0 1.0000000000 -1.4237017100e+01 -1.4341526130e+01\n   91    0 1.0000000000 -1.4202735131e+01 -1.4333990668e+01\n   92    0 1.0000000000 -1.4168179994e+01 -1.4327323775e+01\n   93    0 1.0000000000 -1.4133354755e+01 -1.4321532163e+01\n   94    0 1.0000000000 -1.4098262518e+01 -1.4316621665e+01\n   95    0 1.0000000000 -1.4062906454e+01 -1.4312597224e+01\n   96    0 1.0000000000 -1.4027289898e+01 -1.4309462893e+01\n   97    0 1.0000000000 -1.3991416741e+01 -1.4307221829e+01\n   98    0 1.0000000000 -1.3955294180e+01 -1.4305876287e+01\n   99    0 1.0000000000 -1.3920472310e+01 -1.4305427622e+01\n  100    0 1.0000000000 -1.3920269242e+01 -1.4305044110e+01\n  101    0 1.0000000000 -1.3919697222e+01 -1.4303893961e+01\n  102    0 1.0000000000 -1.3918756306e+01 -1.4301978333e+01\n  103    0 1.0000000000 -1.3917446586e+01 -1.4299299154e+01\n  104    0 1.0000000000 -1.3915768191e+01 -1.4295859123e+01\n  105    0 1.0000000000 -1.3913721287e+01 -1.4291661702e+01\n  106    0 1.0000000000 -1.3911306076e+01 -1.4286711119e+01\n  107    0 1.0000000000 -1.3908522797e+01 -1.4281012359e+01\n  108    0 1.0000000000 -1.3905371725e+01 -1.4274571159e+01\n  109    0 1.0000000000 -1.3901853173e+01 -1.4267394005e+01\n  110    0 1.0000000000 -1.3897967489e+01 -1.4259488125e+01\n  111    0 1.0000000000 -1.3893715057e+01 -1.4250861478e+01\n  112    0 1.0000000000 -1.3889096298e+01 -1.4241522751e+01\n  113    0 1.0000000000 -1.3884111669e+01 -1.4231481347e+01\n  114    0 1.0000000000 -1.3878761664e+01 -1.4220747378e+01\n  115    0 1.0000000000 -1.3873046810e+01 -1.4209331651e+01\n  116    0 1.0000000000 -1.3866967674e+01 -1.4197245660e+01\n  117    0 1.0000000000 -1.3860524856e+01 -1.4184501576e+01\n  118    0 1.0000000000 -1.3853718991e+01 -1.4171112231e+01\n  119    0 1.0000000000 -1.3846550751e+01 -1.4157091107e+01\n  120    0 1.0000000000 -1.3839020844e+01 -1.4142452321e+01\n  121    0 1.0000000000 -1.3831130010e+01 -1.4127210614e+01\n  122    0 1.0000000000 -1.3822879026e+01 -1.4111381333e+01\n  123    0 1.0000000000 -1.3814268705e+01 -1.4094980417e+01\n  124    0 1.0000000000 -1.3805299892e+01 -1.4078024379e+01\n  125    0 1.0000000000 -1.3795973469e+01 -1.4060530294e+01\n  126    0 1.0000000000 -1.3786290349e+01 -1.4042515776e+01\n  127    0 1.0000000000 -1.3776251481e+01 -1.4023998965e+01\n  128    0 1.0000000000 -1.3765857849e+01 -1.4004998505e+01\n  129    0 1.0000000000 -1.3755110469e+01 -1.3985533527e+01\n  130    0 1.0000000000 -1.3744010390e+01 -1.3965623633e+01\n  131    0 1.0000000000 -1.3732558695e+01 -1.3945288869e+01\n  132    0 1.0000000000 -1.3720756499e+01 -1.3924549710e+01\n  133    0 1.0000000000 -1.3708604951e+01 -1.3903427040e+01\n  134    0 1.0000000000 -1.3696105232e+01 -1.3881942127e+01\n  135    0 1.0000000000 -1.3683258554e+01 -1.3860116604e+01\n  136    0 1.0000000000 -1.3670066163e+01 -1.3837972448e+01\n  137    0 1.0000000000 -1.3656529335e+01 -1.3815531956e+01\n  138    0 1.0000000000 -1.3642649377e+01 -1.3792817724e+01\n  139    0 1.0000000000 -1.3628427629e+01 -1.3769852624e+01\n  140    0 1.0000000000 -1.3613865460e+01 -1.3746659778e+01\n  141    0 1.0000000000 -1.3598964270e+01 -1.3723262541e+01\n  142    0 1.0000000000 -1.3583725489e+01 -1.3699684471e+01\n  143    0 1.0000000000 -1.3568150578e+01 -1.3675949309e+01\n  144    0 1.0000000000 -1.3552241027e+01 -1.3652080955e+01\n  145    0 1.0000000000 -1.3535998355e+01 -1.3628103443e+01\n  146    0 1.0000000000 -1.3519424109e+01 -1.3604040915e+01\n  147    0 1.0000000000 -1.3502519866e+01 -1.3579917600e+01\n  148    0 1.0000000000 -1.3485287232e+01 -1.3555757789e+01\n  149    0 1.0000000000 -1.3467727838e+01 -1.3531585808e+01\n  150    0 1.0000000000 -1.3449843346e+01 -1.3507425997e+01\n  151    0 1.0000000000 -1.3431635444e+01 -1.3483302682e+01\n  152    0 1.0000000000 -1.3413105845e+01 -1.3459240154e+01\n  153    0 1.0000000000 -1.3394256291e+01 -1.3435262642e+01\n  154    0 1.0000000000 -1.3375088550e+01 -1.3411394288e+01\n  155    0 1.0000000000 -1.3355604415e+01 -1.3387659126e+01\n  156    0 1.0000000000 -1.3335805705e+01 -1.3364081056e+01\n  157    0 1.0000000000 -1.3315694262e+01 -1.3340683819e+01\n  158    0 1.0000000000 -1.3295271957e+01 -1.3317490973e+01\n  159    0 1.0000000000 -1.3274540682e+01 -1.3294525873e+01\n  160    0 1.0000000000 -1.3253502354e+01 -1.3271811641e+01\n  161    0 1.0000000000 -1.3232158913e+01 -1.3249371149e+01\n  162    0 1.0000000000 -1.3210512323e+01 -1.3227226993e+01\n  163    0 1.0000000000 -1.3188564571e+01 -1.3205401470e+01\n  164    0 1.0000000000 -1.3166317666e+01 -1.3183916557e+01\n  165    0 1.0000000000 -1.3143773638e+01 -1.3162793887e+01\n  166    0 1.0000000000 -1.3120934541e+01 -1.3142054728e+01\n  167    0 1.0000000000 -1.3097802448e+01 -1.3121719964e+01\n  168    0 1.0000000000 -1.3074379454e+01 -1.3101810070e+01\n  169    0 1.0000000000 -1.3050667674e+01 -1.3082345093e+01\n  170    0 1.0000000000 -1.3026669245e+01 -1.3063344632e+01\n  171    0 1.0000000000 -1.3002386320e+01 -1.3044827821e+01\n  172    0 1.0000000000 -1.2977821074e+01 -1.3026813303e+01\n  173    0 1.0000000000 -1.2952975701e+01 -1.3009319218e+01\n  174    0 1.0000000000 -1.2927852412e+01 -1.2992363180e+01\n  175    0 1.0000000000 -1.2902453437e+01 -1.2975962264e+01\n  176    0 1.0000000000 -1.2876781025e+01 -1.2960132983e+01\n  177    0 1.0000000000 -1.2850837440e+01 -1.2944891276e+01\n  178    0 1.0000000000 -1.2824624966e+01 -1.2930252490e+01\n  179    0 1.0000000000 -1.2798145902e+01 -1.2916231366e+01\n  180    0 1.0000000000 -1.2771402564e+01 -1.2902842021e+01\n  181    0 1.0000000000 -1.2744397285e+01 -1.2890097937e+01\n  182    0 1.0000000000 -1.2717132416e+01 -1.2878011947e+01\n  183    0 1.0000000000 -1.2689610323e+01 -1.2866596219e+01\n  184    0 1.0000000000 -1.2661833390e+01 -1.2855862250e+01\n  185    0 1.0000000000 -1.2633804018e+01 -1.2845820846e+01\n  186    0 1.0000000000 -1.2605524630e+01 -1.2836482119e+01\n  187    0 1.0000000000 -1.2576997668e+01 -1.2827855472e+01\n  188    0 1.0000000000 -1.2548225601e+01 -1.2819949592e+01\n  189    0 1.0000000000 -1.2519210934e+01 -1.2812772438e+01\n  190    0 1.0000000000 -1.2489956215e+01 -1.2806331238e+01\n  191    0 1.0000000000 -1.2460464065e+01 -1.2800632478e+01\n  192    0 1.0000000000 -1.2430737227e+01 -1.2795681895e+01\n  193    0 1.0000000000 -1.2400778677e+01 -1.2791484475e+01\n  194    0 1.0000000000 -1.2370591906e+01 -1.2788044443e+01\n  195    0 1.0000000000 -1.2340181778e+01 -1.2785365264e+01\n  196    0 1.0000000000 -1.2309558014e+01 -1.2783449636e+01\n  197    0 1.0000000000 -1.2278760608e+01 -1.2782299487e+01\n  198    0 1.0000000000 -1.2252701548e+01 -1.2781915975e+01\n  199    0 1.0000000000 -1.2309608866e+01 -1.2782683015e+01\n  200    0 1.0000000000 -1.2371587385e+01 -1.2784983559e+01\n  201    0 1.0000000000 -1.2433327179e+01 -1.2788815880e+01\n  202    0 1.0000000000 -1.2494803084e+01 -1.2794177099e+01\n  203    0 1.0000000000 -1.2556003274e+01 -1.2801063184e+01\n  204    0 1.0000000000 -1.2616918048e+01 -1.2809468946e+01\n  205    0 1.0000000000 -1.2677538283e+01 -1.2819388043e+01\n  206    0 1.0000000000 -1.2737855053e+01 -1.2830812973e+01\n  207    0 1.0000000000 -1.2797859501e+01 -1.2843735071e+01\n  208    0 1.0000000000 -1.2857542795e+01 -1.2858144512e+01\n  209    0 1.0000000000 -1.2916896104e+01 -1.2874030302e+01\n  210    0 1.0000000000 -1.2975910590e+01 -1.2891380276e+01\n  211    0 1.0000000000 -1.3034577407e+01 -1.2910181100e+01\n  212    0 1.0000000000 -1.3092887695e+01 -1.2930418260e+01\n  213    0 1.0000000000 -1.3150832586e+01 -1.2952076064e+01\n  214    0 1.0000000000 -1.3208403199e+01 -1.2975137638e+01\n  215    0 1.0000000000 -1.3265590648e+01 -1.2999584923e+01\n  216    0 1.0000000000 -1.3322386037e+01 -1.3025398671e+01\n  217    0 1.0000000000 -1.3378780470e+01 -1.3052558444e+01\n  218    0 1.0000000000 -1.3434765048e+01 -1.3081042612e+01\n  219    0 1.0000000000 -1.3490330873e+01 -1.3110828354e+01\n  220    0 1.0000000000 -1.3545469049e+01 -1.3141891653e+01\n  221    0 1.0000000000 -1.3600170691e+01 -1.3174207298e+01\n  222    0 1.0000000000 -1.3654426917e+01 -1.3207748886e+01\n  223    0 1.0000000000 -1.3708228861e+01 -1.3242488825e+01\n  224    0 1.0000000000 -1.3761567671e+01 -1.3278398333e+01\n  225    0 1.0000000000 -1.3814434511e+01 -1.3315447443e+01\n  226    0 1.0000000000 -1.3866820566e+01 -1.3353605013e+01\n  227    0 1.0000000000 -1.3918717045e+01 -1.3392838725e+01\n  228    0 1.0000000000 -1.3970115183e+01 -1.3433115100e+01\n  229    0 1.0000000000 -1.4021006243e+01 -1.3474399502e+01\n  230    0 1.0000000000 -1.4071381522e+01 -1.3516656153e+01\n  231    0 1.0000000000 -1.4121232351e+01 -1.3559848143e+01\n  232    0 1.0000000000 -1.4170550100e+01 -1.3603937445e+01\n  233    0 1.0000000000 -1.4219326180e+01 -1.3648884934e+01\n  234    0 1.0000000000 -1.4267552047e+01 -1.3694650402e+01\n  235    0 1.0000000000 -1.4315219203e+01 -1.3741192576e+01\n  236    0 1.0000000000 -1.4362319202e+01 -1.3788469149e+01\n  237    0 1.0000000000 -1.4408843652e+01 -1.3836436793e+01\n  238    0 1.0000000000 -1.4454784217e+01 -1.3885051196e+01\n  239    0 1.0000000000 -1.4500132622e+01 -1.3934267082e+01\n  240    0 1.0000000000 -1.4544880655e+01 -1.3984038245e+01\n  241    0 1.0000000000 -1.4589020168e+01 -1.4034317587e+01\n  242    0 1.0000000000 -1.4632543086e+01 -1.4085057142e+01\n  243    0 1.0000000000 -1.4675441405e+01 -1.4136208126e+01\n  244    0 1.0000000000 -1.4717707196e+01 -1.4187720968e+01\n  245    0 1.0000000000 -1.4759332611e+01 -1.4239545356e+01\n  246    0 1.0000000000 -1.4800309881e+01 -1.4291630280e+01\n  247    0 1.0000000000 -1.4840631324e+01 -1.4343924080e+01\n  248    0 1.0000000000 -1.4880289348e+01 -1.4396374494e+01\n  249    0 1.0000000000 -1.4919276447e+01 -1.4448928709e+01\n  250    0 1.0000000000 -1.4957585216e+01 -1.4501533414e+01\n  251    0 1.0000000000 -1.4995208341e+01 -1.4554134855e+01\n  252    0 1.0000000000 -1.5032138614e+01 -1.4606678895e+01\n  253    0 1.0000000000 -1.5068368927e+01 -1.4659111068e+01\n  254    0 1.0000000000 -1.5103892279e+01 -1.4711376646e+01\n  255    0 1.0000000000 -1.5138701780e+01 -1.4763420697e+01\n  256    0 1.0000000000 -1.5172790651e+01 -1.4815188154e+01\n  257    0 1.0000000000 -1.5206152227e+01 -1.4866623876e+01\n  258    0 1.0000000000 -1.5238779964e+01 -1.4917672720e+01\n  259    0 1.0000000000 -1.5270667438e+01 -1.4968279610e+01\n  260    0 1.0000000000 -1.5301808347e+01 -1.5018389602e+01\n  261    0 1.0000000000 -1.5332196518e+01 -1.5067947963e+01\n  262    0 1.0000000000 -1.5361825904e+01 -1.5116900238e+01\n  263    0 1.0000000000 -1.5390690594e+01 -1.5165192323e+01\n  264    0 1.0000000000 -1.5418784808e+01 -1.5212770544e+01\n  265    0 1.0000000000 -1.5446102905e+01 -1.5259581725e+01\n  266    0 1.0000000000 -1.5472639383e+01 -1.5305573266e+01\n  267    0 1.0000000000 -1.5498388882e+01 -1.5350693220e+01\n  268    0 1.0000000000 -1.5523346185e+01 -1.5394890362e+01\n  269    0 1.0000000000 -1.5547506225e+01 -1.5438114270e+01\n  270    0 1.0000000000 -1.5570864082e+01 -1.5480315397e+01\n  271    0 1.0000000000 -1.5593414988e+01 -1.5521445144e+01\n  272    0 1.0000000000 -1.5615154328e+01 -1.5561455937e+01\n  273    0 1.0000000000 -1.5636077642e+01 -1.5600301295e+01\n  274    0 1.0000000000 -1.5656180631e+01 -1.5637935905e+01\n  275    0 1.0000000000 -1.5675459152e+01 -1.5674315694e+01\n  276    0 1.0000000000 -1.5693909226e+01 -1.5709397892e+01\n  277    0 1.0000000000 -1.5711527036e+01 -1.5743141108e+01\n  278    0 1.0000000000 -1.5728308931e+01 -1.5775505389e+01\n  279    0 1.0000000000 -1.5744251427e+01 -1.5806452290e+01\n  280    0 1.0000000000 -1.5759351209e+01 -1.5835944930e+01\n  281    0 1.0000000000 -1.5773605131e+01 -1.5863948060e+01\n  282    0 1.0000000000 -1.5787010219e+01 -1.5890428112e+01\n  283    0 1.0000000000 -1.5799563674e+01 -1.5915353264e+01\n  284    0 1.0000000000 -1.5811262869e+01 -1.5938693483e+01\n  285    0 1.0000000000 -1.5822105354e+01 -1.5960420583e+01\n  286    0 1.0000000000 -1.5832088854e+01 -1.5980508268e+01\n  287    0 1.0000000000 -1.5841211274e+01 -1.5998932179e+01\n  288    0 1.0000000000 -1.5849470697e+01 -1.6015669931e+01\n  289    0 1.0000000000 -1.5856865386e+01 -1.6030701156e+01\n  290    0 1.0000000000 -1.5863393784e+01 -1.6044007534e+01\n  291    0 1.0000000000 -1.5869054515e+01 -1.6055572826e+01\n  292    0 1.0000000000 -1.5873846388e+01 -1.6065382902e+01\n  293    0 1.0000000000 -1.5877768391e+01 -1.6073425762e+01\n  294    0 1.0000000000 -1.5880819696e+01 -1.6079691562e+01\n  295    0 1.0000000000 -1.5882999661e+01 -1.6084172627e+01\n  296    0 1.0000000000 -1.5884307823e+01 -1.6086863465e+01\n  297    0 1.0000000000 -1.5884743908e+01 -1.6087760778e+01\n