SINGLE-ORBITAL NN+NNN EFFECTIVE MODEL FIT

m=7
eon=0.0
t0=1.0
l_decay=0.5
dl=0.5
pairing=./m=7/pairing.txt
microscopic_orbitals=100

E_eff(k) = eps0 + 2*t1[cos(k.u1)+cos(k.u2)] + 4*t2*cos(k.u1)*cos(k.u2)

eps0     = -1.47456640788639e+01
t1       = -3.16394835534803e-01
t2       = -9.63526813998328e-03

RMSE=2.06031946174394e-01
MAE=1.66423574961292e-01
max_abs_error=4.49805878007989e-01
optimizer_success=True
optimizer_message=Linear least-squares solution
minimum_tracking_continuity=1.0000000000
mean_tracking_continuity=1.0000000000

# k_index idx continuity target fit\n    0    0 1.0000000000 -1.5893615763e+01 -1.6049784494e+01\n    1    0 1.0000000000 -1.5893454369e+01 -1.6049446507e+01\n    2    0 1.0000000000 -1.5892970202e+01 -1.6048432888e+01\n    3    0 1.0000000000 -1.5892163299e+01 -1.6046744656e+01\n    4    0 1.0000000000 -1.5891033722e+01 -1.6044383512e+01\n    5    0 1.0000000000 -1.5889581562e+01 -1.6041351833e+01\n    6    0 1.0000000000 -1.5887806931e+01 -1.6037652672e+01\n    7    0 1.0000000000 -1.5885709968e+01 -1.6033289754e+01\n    8    0 1.0000000000 -1.5883290838e+01 -1.6028267471e+01\n    9    0 1.0000000000 -1.5880549729e+01 -1.6022590881e+01\n   10    0 1.0000000000 -1.5877486858e+01 -1.6016265700e+01\n   11    0 1.0000000000 -1.5874102462e+01 -1.6009298296e+01\n   12    0 1.0000000000 -1.5870396807e+01 -1.6001695685e+01\n   13    0 1.0000000000 -1.5866370183e+01 -1.5993465522e+01\n   14    0 1.0000000000 -1.5862022905e+01 -1.5984616094e+01\n   15    0 1.0000000000 -1.5857355311e+01 -1.5975156313e+01\n   16    0 1.0000000000 -1.5852367766e+01 -1.5965095702e+01\n   17    0 1.0000000000 -1.5847060661e+01 -1.5954444393e+01\n   18    0 1.0000000000 -1.5841434408e+01 -1.5943213110e+01\n   19    0 1.0000000000 -1.5835489446e+01 -1.5931413162e+01\n   20    0 1.0000000000 -1.5829226239e+01 -1.5919056431e+01\n   21    0 1.0000000000 -1.5822645274e+01 -1.5906155359e+01\n   22    0 1.0000000000 -1.5815747064e+01 -1.5892722936e+01\n   23    0 1.0000000000 -1.5808532144e+01 -1.5878772687e+01\n   24    0 1.0000000000 -1.5801001076e+01 -1.5864318660e+01\n   25    0 1.0000000000 -1.5793154444e+01 -1.5849375408e+01\n   26    0 1.0000000000 -1.5784992856e+01 -1.5833957978e+01\n   27    0 1.0000000000 -1.5776516947e+01 -1.5818081893e+01\n   28    0 1.0000000000 -1.5767727372e+01 -1.5801763141e+01\n   29    0 1.0000000000 -1.5758624810e+01 -1.5785018152e+01\n   30    0 1.0000000000 -1.5749209968e+01 -1.5767863786e+01\n   31    0 1.0000000000 -1.5739483570e+01 -1.5750317318e+01\n   32    0 1.0000000000 -1.5729446368e+01 -1.5732396415e+01\n   33    0 1.0000000000 -1.5719099136e+01 -1.5714119122e+01\n   34    0 1.0000000000 -1.5708442669e+01 -1.5695503842e+01\n   35    0 1.0000000000 -1.5697477789e+01 -1.5676569319e+01\n   36    0 1.0000000000 -1.5686205337e+01 -1.5657334620e+01\n   37    0 1.0000000000 -1.5674626178e+01 -1.5637819110e+01\n   38    0 1.0000000000 -1.5662741201e+01 -1.5618042442e+01\n   39    0 1.0000000000 -1.5650551314e+01 -1.5598024529e+01\n   40    0 1.0000000000 -1.5638057450e+01 -1.5577785526e+01\n   41    0 1.0000000000 -1.5625260563e+01 -1.5557345813e+01\n   42    0 1.0000000000 -1.5612161629e+01 -1.5536725971e+01\n   43    0 1.0000000000 -1.5598761646e+01 -1.5515946763e+01\n   44    0 1.0000000000 -1.5585061632e+01 -1.5495029110e+01\n   45    0 1.0000000000 -1.5571062628e+01 -1.5473994076e+01\n   46    0 1.0000000000 -1.5556765695e+01 -1.5452862841e+01\n   47    0 1.0000000000 -1.5542171917e+01 -1.5431656682e+01\n   48    0 1.0000000000 -1.5527282396e+01 -1.5410396953e+01\n   49    0 1.0000000000 -1.5512098256e+01 -1.5389105059e+01\n   50    0 1.0000000000 -1.5496620643e+01 -1.5367802441e+01\n   51    0 1.0000000000 -1.5480850720e+01 -1.5346510547e+01\n   52    0 1.0000000000 -1.5464789672e+01 -1.5325250817e+01\n   53    0 1.0000000000 -1.5448438704e+01 -1.5304044659e+01\n   54    0 1.0000000000 -1.5431799039e+01 -1.5282913424e+01\n   55    0 1.0000000000 -1.5414871922e+01 -1.5261878390e+01\n   56    0 1.0000000000 -1.5397658615e+01 -1.5240960737e+01\n   57    0 1.0000000000 -1.5380160400e+01 -1.5220181528e+01\n   58    0 1.0000000000 -1.5362378578e+01 -1.5199561686e+01\n   59    0 1.0000000000 -1.5344314467e+01 -1.5179121974e+01\n   60    0 1.0000000000 -1.5325969406e+01 -1.5158882971e+01\n   61    0 1.0000000000 -1.5307344750e+01 -1.5138865057e+01\n   62    0 1.0000000000 -1.5288441873e+01 -1.5119088389e+01\n   63    0 1.0000000000 -1.5269262166e+01 -1.5099572880e+01\n   64    0 1.0000000000 -1.5249807038e+01 -1.5080338181e+01\n   65    0 1.0000000000 -1.5230077915e+01 -1.5061403658e+01\n   66    0 1.0000000000 -1.5210076240e+01 -1.5042788378e+01\n   67    0 1.0000000000 -1.5189803474e+01 -1.5024511085e+01\n   68    0 1.0000000000 -1.5169261093e+01 -1.5006590182e+01\n   69    0 1.0000000000 -1.5148450589e+01 -1.4989043713e+01\n   70    0 1.0000000000 -1.5127373472e+01 -1.4971889348e+01\n   71    0 1.0000000000 -1.5106031266e+01 -1.4955144359e+01\n   72    0 1.0000000000 -1.5084425512e+01 -1.4938825606e+01\n   73    0 1.0000000000 -1.5062557765e+01 -1.4922949522e+01\n   74    0 1.0000000000 -1.5040429597e+01 -1.4907532092e+01\n   75    0 1.0000000000 -1.5018042593e+01 -1.4892588840e+01\n   76    0 1.0000000000 -1.4995398354e+01 -1.4878134813e+01\n   77    0 1.0000000000 -1.4972498494e+01 -1.4864184564e+01\n   78    0 1.0000000000 -1.4949344642e+01 -1.4850752141e+01\n   79    0 1.0000000000 -1.4925938441e+01 -1.4837851069e+01\n   80    0 1.0000000000 -1.4902281548e+01 -1.4825494338e+01\n   81    0 1.0000000000 -1.4878375633e+01 -1.4813694390e+01\n   82    0 1.0000000000 -1.4854222377e+01 -1.4802463107e+01\n   83    0 1.0000000000 -1.4829823478e+01 -1.4791811798e+01\n   84    0 1.0000000000 -1.4805180644e+01 -1.4781751187e+01\n   85    0 1.0000000000 -1.4780295595e+01 -1.4772291406e+01\n   86    0 1.0000000000 -1.4755170064e+01 -1.4763441978e+01\n   87    0 1.0000000000 -1.4729805797e+01 -1.4755211815e+01\n   88    0 1.0000000000 -1.4704204549e+01 -1.4747609204e+01\n   89    0 1.0000000000 -1.4678368088e+01 -1.4740641800e+01\n   90    0 1.0000000000 -1.4652298193e+01 -1.4734316618e+01\n   91    0 1.0000000000 -1.4625996654e+01 -1.4728640028e+01\n   92    0 1.0000000000 -1.4599465270e+01 -1.4723617746e+01\n   93    0 1.0000000000 -1.4572705853e+01 -1.4719254827e+01\n   94    0 1.0000000000 -1.4545720222e+01 -1.4715555667e+01\n   95    0 1.0000000000 -1.4518510208e+01 -1.4712523988e+01\n   96    0 1.0000000000 -1.4491077651e+01 -1.4710162844e+01\n   97    0 1.0000000000 -1.4463424399e+01 -1.4708474612e+01\n   98    0 1.0000000000 -1.4435552311e+01 -1.4707460993e+01\n   99    0 1.0000000000 -1.4407466485e+01 -1.4707123006e+01\n  100    0 1.0000000000 -1.4407323998e+01 -1.4706823827e+01\n  101    0 1.0000000000 -1.4406896548e+01 -1.4705926592e+01\n  102    0 1.0000000000 -1.4406184167e+01 -1.4704432203e+01\n  103    0 1.0000000000 -1.4405186908e+01 -1.4702342165e+01\n  104    0 1.0000000000 -1.4403904846e+01 -1.4699658584e+01\n  105    0 1.0000000000 -1.4402338076e+01 -1.4696384160e+01\n  106    0 1.0000000000 -1.4400486717e+01 -1.4692522192e+01\n  107    0 1.0000000000 -1.4398350906e+01 -1.4688076567e+01\n  108    0 1.0000000000 -1.4395930803e+01 -1.4683051763e+01\n  109    0 1.0000000000 -1.4393226590e+01 -1.4677452838e+01\n  110    0 1.0000000000 -1.4390238468e+01 -1.4671285431e+01\n  111    0 1.0000000000 -1.4386966661e+01 -1.4664555751e+01\n  112    0 1.0000000000 -1.4383411414e+01 -1.4657270575e+01\n  113    0 1.0000000000 -1.4379572991e+01 -1.4649437238e+01\n  114    0 1.0000000000 -1.4375451679e+01 -1.4641063627e+01\n  115    0 1.0000000000 -1.4371047786e+01 -1.4632158175e+01\n  116    0 1.0000000000 -1.4366361640e+01 -1.4622729849e+01\n  117    0 1.0000000000 -1.4361393591e+01 -1.4612788141e+01\n  118    0 1.0000000000 -1.4356144009e+01 -1.4602343062e+01\n  119    0 1.0000000000 -1.4350613285e+01 -1.4591405130e+01\n  120    0 1.0000000000 -1.4344801830e+01 -1.4579985358e+01\n  121    0 1.0000000000 -1.4338710076e+01 -1.4568095245e+01\n  122    0 1.0000000000 -1.4332338477e+01 -1.4555746763e+01\n  123    0 1.0000000000 -1.4325687505e+01 -1.4542952346e+01\n  124    0 1.0000000000 -1.4318757654e+01 -1.4529724877e+01\n  125    0 1.0000000000 -1.4311549439e+01 -1.4516077675e+01\n  126    0 1.0000000000 -1.4304063393e+01 -1.4502024481e+01\n  127    0 1.0000000000 -1.4296300070e+01 -1.4487579446e+01\n  128    0 1.0000000000 -1.4288260046e+01 -1.4472757116e+01\n  129    0 1.0000000000 -1.4279943914e+01 -1.4457572413e+01\n  130    0 1.0000000000 -1.4271352288e+01 -1.4442040629e+01\n  131    0 1.0000000000 -1.4262485803e+01 -1.4426177403e+01\n  132    0 1.0000000000 -1.4253345111e+01 -1.4409998707e+01\n  133    0 1.0000000000 -1.4243930887e+01 -1.4393520832e+01\n  134    0 1.0000000000 -1.4234243822e+01 -1.4376760370e+01\n  135    0 1.0000000000 -1.4224284628e+01 -1.4359734197e+01\n  136    0 1.0000000000 -1.4214054036e+01 -1.4342459457e+01\n  137    0 1.0000000000 -1.4203552797e+01 -1.4324953545e+01\n  138    0 1.0000000000 -1.4192781680e+01 -1.4307234087e+01\n  139    0 1.0000000000 -1.4181741471e+01 -1.4289318925e+01\n  140    0 1.0000000000 -1.4170432979e+01 -1.4271226098e+01\n  141    0 1.0000000000 -1.4158857027e+01 -1.4252973825e+01\n  142    0 1.0000000000 -1.4147014460e+01 -1.4234580483e+01\n  143    0 1.0000000000 -1.4134906139e+01 -1.4216064594e+01\n  144    0 1.0000000000 -1.4122532945e+01 -1.4197444801e+01\n  145    0 1.0000000000 -1.4109895775e+01 -1.4178739853e+01\n  146    0 1.0000000000 -1.4096995545e+01 -1.4159968584e+01\n  147    0 1.0000000000 -1.4083833189e+01 -1.4141149895e+01\n  148    0 1.0000000000 -1.4070409658e+01 -1.4122302735e+01\n  149    0 1.0000000000 -1.4056725921e+01 -1.4103446081e+01\n  150    0 1.0000000000 -1.4042782963e+01 -1.4084598921e+01\n  151    0 1.0000000000 -1.4028581787e+01 -1.4065780232e+01\n  152    0 1.0000000000 -1.4014123414e+01 -1.4047008963e+01\n  153    0 1.0000000000 -1.3999408880e+01 -1.4028304015e+01\n  154    0 1.0000000000 -1.3984439238e+01 -1.4009684222e+01\n  155    0 1.0000000000 -1.3969215558e+01 -1.3991168332e+01\n  156    0 1.0000000000 -1.3953738927e+01 -1.3972774991e+01\n  157    0 1.0000000000 -1.3938010446e+01 -1.3954522717e+01\n  158    0 1.0000000000 -1.3922031233e+01 -1.3936429891e+01\n  159    0 1.0000000000 -1.3905802424e+01 -1.3918514729e+01\n  160    0 1.0000000000 -1.3889325166e+01 -1.3900795271e+01\n  161    0 1.0000000000 -1.3872600626e+01 -1.3883289358e+01\n  162    0 1.0000000000 -1.3855629983e+01 -1.3866014619e+01\n  163    0 1.0000000000 -1.3838414433e+01 -1.3848988446e+01\n  164    0 1.0000000000 -1.3820955186e+01 -1.3832227983e+01\n  165    0 1.0000000000 -1.3803253467e+01 -1.3815750109e+01\n  166    0 1.0000000000 -1.3785310515e+01 -1.3799571413e+01\n  167    0 1.0000000000 -1.3767127586e+01 -1.3783708186e+01\n  168    0 1.0000000000 -1.3748705946e+01 -1.3768176402e+01\n  169    0 1.0000000000 -1.3730046878e+01 -1.3752991700e+01\n  170    0 1.0000000000 -1.3711151678e+01 -1.3738169369e+01\n  171    0 1.0000000000 -1.3692021655e+01 -1.3723724334e+01\n  172    0 1.0000000000 -1.3672658134e+01 -1.3709671141e+01\n  173    0 1.0000000000 -1.3653062449e+01 -1.3696023939e+01\n  174    0 1.0000000000 -1.3633235953e+01 -1.3682796470e+01\n  175    0 1.0000000000 -1.3613180006e+01 -1.3670002053e+01\n  176    0 1.0000000000 -1.3592895986e+01 -1.3657653571e+01\n  177    0 1.0000000000 -1.3572385280e+01 -1.3645763458e+01\n  178    0 1.0000000000 -1.3551649292e+01 -1.3634343686e+01\n  179    0 1.0000000000 -1.3530689434e+01 -1.3623405754e+01\n  180    0 1.0000000000 -1.3509507134e+01 -1.3612960675e+01\n  181    0 1.0000000000 -1.3488103833e+01 -1.3603018967e+01\n  182    0 1.0000000000 -1.3466480984e+01 -1.3593590640e+01\n  183    0 1.0000000000 -1.3444640053e+01 -1.3584685188e+01\n  184    0 1.0000000000 -1.3422582523e+01 -1.3576311578e+01\n  185    0 1.0000000000 -1.3400309891e+01 -1.3568478241e+01\n  186    0 1.0000000000 -1.3377823671e+01 -1.3561193065e+01\n  187    0 1.0000000000 -1.3355125397e+01 -1.3554463385e+01\n  188    0 1.0000000000 -1.3332216629e+01 -1.3548295978e+01\n  189    0 1.0000000000 -1.3309098960e+01 -1.3542697053e+01\n  190    0 1.0000000000 -1.3285774030e+01 -1.3537672249e+01\n  191    0 1.0000000000 -1.3262243555e+01 -1.3533226624e+01\n  192    0 1.0000000000 -1.3238509378e+01 -1.3529364656e+01\n  193    0 1.0000000000 -1.3214573589e+01 -1.3526090232e+01\n  194    0 1.0000000000 -1.3190438824e+01 -1.3523406650e+01\n  195    0 1.0000000000 -1.3166109158e+01 -1.3521316613e+01\n  196    0 1.0000000000 -1.3141593666e+01 -1.3519822224e+01\n  197    0 1.0000000000 -1.3116931214e+01 -1.3518924988e+01\n  198    0 1.0000000000 -1.3094592769e+01 -1.3518625809e+01\n  199    0 1.0000000000 -1.3141844407e+01 -1.3519224177e+01\n  200    0 1.0000000000 -1.3191455409e+01 -1.3521018795e+01\n  201    0 1.0000000000 -1.3240810892e+01 -1.3524008207e+01\n  202    0 1.0000000000 -1.3289886469e+01 -1.3528189986e+01\n  203    0 1.0000000000 -1.3338672728e+01 -1.3533560736e+01\n  204    0 1.0000000000 -1.3387162749e+01 -1.3540116088e+01\n  205    0 1.0000000000 -1.3435350329e+01 -1.3547850706e+01\n  206    0 1.0000000000 -1.3483229532e+01 -1.3556758281e+01\n  207    0 1.0000000000 -1.3530794541e+01 -1.3566831536e+01\n  208    0 1.0000000000 -1.3578039606e+01 -1.3578062225e+01\n  209    0 1.0000000000 -1.3624959009e+01 -1.3590441134e+01\n  210    0 1.0000000000 -1.3671547060e+01 -1.3603958080e+01\n  211    0 1.0000000000 -1.3717798085e+01 -1.3618601916e+01\n  212    0 1.0000000000 -1.3763706427e+01 -1.3634360529e+01\n  213    0 1.0000000000 -1.3809266444e+01 -1.3651220840e+01\n  214    0 1.0000000000 -1.3854472508e+01 -1.3669168813e+01\n  215    0 1.0000000000 -1.3899319004e+01 -1.3688189448e+01\n  216    0 1.0000000000 -1.3943800336e+01 -1.3708266793e+01\n  217    0 1.0000000000 -1.3987910922e+01 -1.3729383938e+01\n  218    0 1.0000000000 -1.4031645197e+01 -1.3751523027e+01\n  219    0 1.0000000000 -1.4074997617e+01 -1.3774665258e+01\n  220    0 1.0000000000 -1.4117962656e+01 -1.3798790886e+01\n  221    0 1.0000000000 -1.4160534809e+01 -1.3823879235e+01\n  222    0 1.0000000000 -1.4202708596e+01 -1.3849908696e+01\n  223    0 1.0000000000 -1.4244478560e+01 -1.3876856743e+01\n  224    0 1.0000000000 -1.4285839267e+01 -1.3904699931e+01\n  225    0 1.0000000000 -1.4326785312e+01 -1.3933413915e+01\n  226    0 1.0000000000 -1.4367311319e+01 -1.3962973451e+01\n  227    0 1.0000000000 -1.4407411940e+01 -1.3993352412e+01\n  228    0 1.0000000000 -1.4447081860e+01 -1.4024523798e+01\n  229    0 1.0000000000 -1.4486315793e+01 -1.4056459747e+01\n  230    0 1.0000000000 -1.4525108491e+01 -1.4089131553e+01\n  231    0 1.0000000000 -1.4563454740e+01 -1.4122509676e+01\n  232    0 1.0000000000 -1.4601349362e+01 -1.4156563762e+01\n  233    0 1.0000000000 -1.4638787219e+01 -1.4191262660e+01\n  234    0 1.0000000000 -1.4675763213e+01 -1.4226574439e+01\n  235    0 1.0000000000 -1.4712272286e+01 -1.4262466408e+01\n  236    0 1.0000000000 -1.4748309423e+01 -1.4298905140e+01\n  237    0 1.0000000000 -1.4783869656e+01 -1.4335856493e+01\n  238    0 1.0000000000 -1.4818948058e+01 -1.4373285632e+01\n  239    0 1.0000000000 -1.4853539755e+01 -1.4411157061e+01\n  240    0 1.0000000000 -1.4887639917e+01 -1.4449434641e+01\n  241    0 1.0000000000 -1.4921243767e+01 -1.4488081626e+01\n  242    0 1.0000000000 -1.4954346578e+01 -1.4527060688e+01\n  243    0 1.0000000000 -1.4986943677e+01 -1.4566333952e+01\n  244    0 1.0000000000 -1.5019030445e+01 -1.4605863024e+01\n  245    0 1.0000000000 -1.5050602320e+01 -1.4645609030e+01\n  246    0 1.0000000000 -1.5081654796e+01 -1.4685532648e+01\n  247    0 1.0000000000 -1.5112183427e+01 -1.4725594145e+01\n  248    0 1.0000000000 -1.5142183825e+01 -1.4765753417e+01\n  249    0 1.0000000000 -1.5171651666e+01 -1.4805970027e+01\n  250    0 1.0000000000 -1.5200582688e+01 -1.4846203246e+01\n  251    0 1.0000000000 -1.5228972693e+01 -1.4886412096e+01\n  252    0 1.0000000000 -1.5256817548e+01 -1.4926555390e+01\n  253    0 1.0000000000 -1.5284113189e+01 -1.4966591781e+01\n  254    0 1.0000000000 -1.5310855617e+01 -1.5006479802e+01\n  255    0 1.0000000000 -1.5337040906e+01 -1.5046177918e+01\n  256    0 1.0000000000 -1.5362665199e+01 -1.5085644568e+01\n  257    0 1.0000000000 -1.5387724710e+01 -1.5124838219e+01\n  258    0 1.0000000000 -1.5412215728e+01 -1.5163717408e+01\n  259    0 1.0000000000 -1.5436134617e+01 -1.5202240799e+01\n  260    0 1.0000000000 -1.5459477815e+01 -1.5240367228e+01\n  261    0 1.0000000000 -1.5482241837e+01 -1.5278055756e+01\n  262    0 1.0000000000 -1.5504423278e+01 -1.5315265723e+01\n  263    0 1.0000000000 -1.5526018811e+01 -1.5351956795e+01\n  264    0 1.0000000000 -1.5547025188e+01 -1.5388089018e+01\n  265    0 1.0000000000 -1.5567439244e+01 -1.5423622874e+01\n  266    0 1.0000000000 -1.5587257897e+01 -1.5458519327e+01\n  267    0 1.0000000000 -1.5606478147e+01 -1.5492739882e+01\n  268    0 1.0000000000 -1.5625097079e+01 -1.5526246631e+01\n  269    0 1.0000000000 -1.5643111865e+01 -1.5559002310e+01\n  270    0 1.0000000000 -1.5660519760e+01 -1.5590970349e+01\n  271    0 1.0000000000 -1.5677318112e+01 -1.5622114921e+01\n  272    0 1.0000000000 -1.5693504351e+01 -1.5652400996e+01\n  273    0 1.0000000000 -1.5709076001e+01 -1.5681794392e+01\n  274    0 1.0000000000 -1.5724030674e+01 -1.5710261819e+01\n  275    0 1.0000000000 -1.5738366074e+01 -1.5737770931e+01\n  276    0 1.0000000000 -1.5752079995e+01 -1.5764290375e+01\n  277    0 1.0000000000 -1.5765170325e+01 -1.5789789833e+01\n  278    0 1.0000000000 -1.5777635046e+01 -1.5814240070e+01\n  279    0 1.0000000000 -1.5789472231e+01 -1.5837612978e+01\n  280    0 1.0000000000 -1.5800680050e+01 -1.5859881616e+01\n  281    0 1.0000000000 -1.5811256767e+01 -1.5881020252e+01\n  282    0 1.0000000000 -1.5821200745e+01 -1.5901004405e+01\n  283    0 1.0000000000 -1.5830510438e+01 -1.5919810878e+01\n  284    0 1.0000000000 -1.5839184401e+01 -1.5937417794e+01\n  285    0 1.0000000000 -1.5847221285e+01 -1.5953804636e+01\n  286    0 1.0000000000 -1.5854619841e+01 -1.5968952271e+01\n  287    0 1.0000000000 -1.5861378915e+01 -1.5982842985e+01\n  288    0 1.0000000000 -1.5867497454e+01 -1.5995460508e+01\n  289    0 1.0000000000 -1.5872974504e+01 -1.6006790042e+01\n  290    0 1.0000000000 -1.5877809211e+01 -1.6016818282e+01\n  291    0 1.0000000000 -1.5882000818e+01 -1.6025533438e+01\n  292    0 1.0000000000 -1.5885548673e+01 -1.6032925254e+01\n  293    0 1.0000000000 -1.5888452220e+01 -1.6038985025e+01\n  294    0 1.0000000000 -1.5890711005e+01 -1.6043705609e+01\n  295    0 1.0000000000 -1.5892324675e+01 -1.6047081438e+01\n  296    0 1.0000000000 -1.5893292978e+01 -1.6049108530e+01\n  297    0 1.0000000000 -1.5893615763e+01 -1.6049784494e+01\n