R1	(0,0)	1	r1	(0.000000,0.000000)
R1	(0,0)	2	r1	(0.000000,1.000000)
R1	(0,0)	3	r1	(0.000000,2.000000)
R1	(0,0)	4	r1	(1.000000,1.000000)
R1	(0,0)	5	r1	(1.000000,2.000000)
R1	(0,0)	6	r2	(0.000000,0.000000)
R1	(0,0)	7	r2	(0.600000,0.800000)
R1	(0,0)	8	r2	(-0.200000,1.400000)
R1	(0,0)	9	r2	(1.200000,1.600000)
R1	(0,0)	10	r2	(0.400000,2.200000)
R2	(1,0)	1	r1	(2.000000,1.000000)
R2	(1,0)	2	r1	(2.000000,2.000000)
R2	(1,0)	3	r1	(2.000000,3.000000)
R2	(1,0)	4	r1	(3.000000,2.000000)
R2	(1,0)	5	r1	(3.000000,3.000000)
R2	(1,0)	6	r2	(2.000000,1.000000)
R2	(1,0)	7	r2	(2.600000,1.800000)
R2	(1,0)	8	r2	(1.800000,2.400000)
R2	(1,0)	9	r2	(3.200000,2.600000)
R2	(1,0)	10	r2	(2.400000,3.200000)
R3	(-1,0)	1	r1	(-2.000000,-1.000000)
R3	(-1,0)	2	r1	(-2.000000,0.000000)
R3	(-1,0)	3	r1	(-2.000000,1.000000)
R3	(-1,0)	4	r1	(-1.000000,0.000000)
R3	(-1,0)	5	r1	(-1.000000,1.000000)
R3	(-1,0)	6	r2	(-2.000000,-1.000000)
R3	(-1,0)	7	r2	(-1.400000,-0.200000)
R3	(-1,0)	8	r2	(-2.200000,0.400000)
R3	(-1,0)	9	r2	(-0.800000,0.600000)
R3	(-1,0)	10	r2	(-1.600000,1.200000)
R4	(0,1)	1	r1	(-1.000000,2.000000)
R4	(0,1)	2	r1	(-1.000000,3.000000)
R4	(0,1)	3	r1	(-1.000000,4.000000)
R4	(0,1)	4	r1	(0.000000,3.000000)
R4	(0,1)	5	r1	(0.000000,4.000000)
R4	(0,1)	6	r2	(-1.000000,2.000000)
R4	(0,1)	7	r2	(-0.400000,2.800000)
R4	(0,1)	8	r2	(-1.200000,3.400000)
R4	(0,1)	9	r2	(0.200000,3.600000)
R4	(0,1)	10	r2	(-0.600000,4.200000)
R5	(0,-1)	1	r1	(1.000000,-2.000000)
R5	(0,-1)	2	r1	(1.000000,-1.000000)
R5	(0,-1)	3	r1	(1.000000,0.000000)
R5	(0,-1)	4	r1	(2.000000,-1.000000)
R5	(0,-1)	5	r1	(2.000000,0.000000)
R5	(0,-1)	6	r2	(1.000000,-2.000000)
R5	(0,-1)	7	r2	(1.600000,-1.200000)
R5	(0,-1)	8	r2	(0.800000,-0.600000)
R5	(0,-1)	9	r2	(2.200000,-0.400000)
R5	(0,-1)	10	r2	(1.400000,0.200000)
R6	(1,1)	1	r1	(1.000000,3.000000)
R6	(1,1)	2	r1	(1.000000,4.000000)
R6	(1,1)	3	r1	(1.000000,5.000000)
R6	(1,1)	4	r1	(2.000000,4.000000)
R6	(1,1)	5	r1	(2.000000,5.000000)
R6	(1,1)	6	r2	(1.000000,3.000000)
R6	(1,1)	7	r2	(1.600000,3.800000)
R6	(1,1)	8	r2	(0.800000,4.400000)
R6	(1,1)	9	r2	(2.200000,4.600000)
R6	(1,1)	10	r2	(1.400000,5.200000)
R7	(-1,1)	1	r1	(-3.000000,1.000000)
R7	(-1,1)	2	r1	(-3.000000,2.000000)
R7	(-1,1)	3	r1	(-3.000000,3.000000)
R7	(-1,1)	4	r1	(-2.000000,2.000000)
R7	(-1,1)	5	r1	(-2.000000,3.000000)
R7	(-1,1)	6	r2	(-3.000000,1.000000)
R7	(-1,1)	7	r2	(-2.400000,1.800000)
R7	(-1,1)	8	r2	(-3.200000,2.400000)
R7	(-1,1)	9	r2	(-1.800000,2.600000)
R7	(-1,1)	10	r2	(-2.600000,3.200000)
R8	(-1,-1)	1	r1	(-1.000000,-3.000000)
R8	(-1,-1)	2	r1	(-1.000000,-2.000000)
R8	(-1,-1)	3	r1	(-1.000000,-1.000000)
R8	(-1,-1)	4	r1	(0.000000,-2.000000)
R8	(-1,-1)	5	r1	(0.000000,-1.000000)
R8	(-1,-1)	6	r2	(-1.000000,-3.000000)
R8	(-1,-1)	7	r2	(-0.400000,-2.200000)
R8	(-1,-1)	8	r2	(-1.200000,-1.600000)
R8	(-1,-1)	9	r2	(0.200000,-1.400000)
R8	(-1,-1)	10	r2	(-0.600000,-0.800000)
R9	(1,-1)	1	r1	(3.000000,-1.000000)
R9	(1,-1)	2	r1	(3.000000,0.000000)
R9	(1,-1)	3	r1	(3.000000,1.000000)
R9	(1,-1)	4	r1	(4.000000,0.000000)
R9	(1,-1)	5	r1	(4.000000,1.000000)
R9	(1,-1)	6	r2	(3.000000,-1.000000)
R9	(1,-1)	7	r2	(3.600000,-0.200000)
R9	(1,-1)	8	r2	(2.800000,0.400000)
R9	(1,-1)	9	r2	(4.200000,0.600000)
R9	(1,-1)	10	r2	(3.400000,1.200000)
