(0,0)	1	1	r1	r1	(0.00,0.00)	0.00	0.00
(0,0)	1	6	r1	r2	(0.00,0.00)	0.00	0.00
(0,0)	2	2	r1	r1	(0.00,0.00)	0.00	0.00
(0,0)	3	3	r1	r1	(0.00,0.00)	0.00	0.00
(0,0)	4	4	r1	r1	(0.00,0.00)	0.00	0.00
(0,0)	5	5	r1	r1	(0.00,0.00)	0.00	0.00
(0,0)	6	1	r2	r1	(0.00,0.00)	0.00	0.00
(0,0)	6	6	r2	r2	(0.00,0.00)	0.00	0.00
(0,0)	7	7	r2	r2	(0.00,0.00)	0.00	0.00
(0,0)	8	8	r2	r2	(0.00,0.00)	0.00	0.00
(0,0)	9	9	r2	r2	(0.00,0.00)	0.00	0.00
(0,0)	10	10	r2	r2	(0.00,0.00)	0.00	0.00
(0,0)	2	8	r1	r2	(-0.20,0.40)	0.45	116.57
(0,0)	8	2	r2	r1	(0.20,-0.40)	0.45	-63.43
(0,0)	4	7	r1	r2	(-0.40,-0.20)	0.45	-153.43
(0,0)	7	4	r2	r1	(0.40,0.20)	0.45	26.57
(0,0)	5	9	r1	r2	(0.20,-0.40)	0.45	-63.43
(0,0)	9	5	r2	r1	(-0.20,0.40)	0.45	116.57
(0,0)	3	10	r1	r2	(0.40,0.20)	0.45	26.57
(0,0)	10	3	r2	r1	(-0.40,-0.20)	0.45	-153.43
(0,0)	5	10	r1	r2	(-0.60,0.20)	0.63	161.57
(0,0)	10	5	r2	r1	(0.60,-0.20)	0.63	-18.43
(0,0)	4	9	r1	r2	(0.20,0.60)	0.63	71.57
(0,0)	9	4	r2	r1	(-0.20,-0.60)	0.63	-108.43
(0,0)	3	8	r1	r2	(-0.20,-0.60)	0.63	-108.43
(0,0)	8	3	r2	r1	(0.20,0.60)	0.63	71.57
(0,0)	2	7	r1	r2	(0.60,-0.20)	0.63	-18.43
(0,0)	7	2	r2	r1	(-0.60,0.20)	0.63	161.57
(0,1)	3	7	r1	r2	(-0.40,0.80)	0.89	116.57
(1,0)	9	2	r2	r1	(0.80,0.40)	0.89	26.57
(-1,0)	2	9	r1	r2	(-0.80,-0.40)	0.89	-153.43
(0,1)	10	4	r2	r1	(-0.40,0.80)	0.89	116.57
(0,-1)	7	3	r2	r1	(0.40,-0.80)	0.89	-63.43
(-1,0)	8	5	r2	r1	(-0.80,-0.40)	0.89	-153.43
(0,-1)	4	10	r1	r2	(0.40,-0.80)	0.89	-63.43
(1,0)	5	8	r1	r2	(0.80,0.40)	0.89	26.57
(1,1)	10	1	r2	r1	(0.60,0.80)	1.00	53.13
(1,0)	9	1	r2	r1	(0.80,-0.60)	1.00	-36.87
(0,1)	3	6	r1	r2	(-1.00,0.00)	1.00	180.00
(0,1)	10	7	r2	r2	(-0.80,0.60)	1.00	143.13
(0,0)	7	8	r2	r2	(-0.80,0.60)	1.00	143.13
(0,0)	8	7	r2	r2	(0.80,-0.60)	1.00	-36.87
(1,0)	9	6	r2	r2	(0.80,-0.60)	1.00	-36.87
(-1,0)	8	9	r2	r2	(-0.60,-0.80)	1.00	-126.87
(0,-1)	7	10	r2	r2	(0.80,-0.60)	1.00	-36.87
(0,0)	1	2	r1	r1	(0.00,1.00)	1.00	90.00
(0,0)	1	7	r1	r2	(0.60,0.80)	1.00	53.13
(0,0)	2	1	r1	r1	(0.00,-1.00)	1.00	-90.00
(0,0)	2	3	r1	r1	(0.00,1.00)	1.00	90.00
(0,0)	2	4	r1	r1	(1.00,0.00)	1.00	0.00
(0,0)	2	6	r1	r2	(0.00,-1.00)	1.00	-90.00
(0,0)	3	2	r1	r1	(0.00,-1.00)	1.00	-90.00
(0,0)	3	5	r1	r1	(1.00,0.00)	1.00	0.00
(0,0)	4	2	r1	r1	(-1.00,0.00)	1.00	180.00
(0,0)	4	5	r1	r1	(0.00,1.00)	1.00	90.00
(0,0)	5	3	r1	r1	(-1.00,0.00)	1.00	180.00
(0,0)	5	4	r1	r1	(0.00,-1.00)	1.00	-90.00
(0,0)	6	2	r2	r1	(0.00,1.00)	1.00	90.00
(0,0)	6	7	r2	r2	(0.60,0.80)	1.00	53.13
(0,0)	7	1	r2	r1	(-0.60,-0.80)	1.00	-126.87
(0,0)	7	6	r2	r2	(-0.60,-0.80)	1.00	-126.87
(0,0)	7	9	r2	r2	(0.60,0.80)	1.00	53.13
(0,0)	9	7	r2	r2	(-0.60,-0.80)	1.00	-126.87
(0,0)	9	10	r2	r2	(-0.80,0.60)	1.00	143.13
(0,0)	10	9	r2	r2	(0.80,-0.60)	1.00	-36.87
(1,0)	4	1	r1	r1	(1.00,0.00)	1.00	0.00
(1,0)	4	6	r1	r2	(1.00,-0.00)	1.00	-0.00
(1,0)	5	2	r1	r1	(1.00,0.00)	1.00	0.00
(1,0)	9	8	r2	r2	(0.60,0.80)	1.00	53.13
(-1,0)	1	4	r1	r1	(-1.00,0.00)	1.00	180.00
(-1,0)	1	9	r1	r2	(-0.80,0.60)	1.00	143.13
(-1,0)	2	5	r1	r1	(-1.00,0.00)	1.00	180.00
(-1,0)	6	4	r2	r1	(-1.00,0.00)	1.00	180.00
(-1,0)	6	9	r2	r2	(-0.80,0.60)	1.00	143.13
(0,1)	3	1	r1	r1	(-1.00,0.00)	1.00	180.00
(0,1)	3	4	r1	r1	(0.00,1.00)	1.00	90.00
(0,1)	8	6	r2	r2	(-0.80,0.60)	1.00	143.13
(0,-1)	1	3	r1	r1	(1.00,0.00)	1.00	0.00
(0,-1)	1	8	r1	r2	(0.80,-0.60)	1.00	-36.87
(0,-1)	4	3	r1	r1	(0.00,-1.00)	1.00	-90.00
(0,-1)	6	3	r2	r1	(1.00,0.00)	1.00	0.00
(0,-1)	6	8	r2	r2	(0.80,-0.60)	1.00	-36.87
(1,1)	5	1	r1	r1	(0.00,1.00)	1.00	90.00
(1,1)	5	6	r1	r2	(0.00,1.00)	1.00	90.00
(1,1)	10	6	r2	r2	(0.60,0.80)	1.00	53.13
(-1,-1)	1	5	r1	r1	(0.00,-1.00)	1.00	-90.00
(-1,-1)	1	10	r1	r2	(-0.60,-0.80)	1.00	-126.87
(-1,-1)	6	5	r2	r1	(0.00,-1.00)	1.00	-90.00
(-1,-1)	6	10	r2	r2	(-0.60,-0.80)	1.00	-126.87
(0,0)	8	10	r2	r2	(0.60,0.80)	1.00	53.13
(0,0)	10	8	r2	r2	(-0.60,-0.80)	1.00	-126.87
(0,1)	8	1	r2	r1	(-0.80,0.60)	1.00	143.13
(0,0)	4	8	r1	r2	(-1.20,0.40)	1.26	161.57
(0,0)	8	4	r2	r1	(1.20,-0.40)	1.26	-18.43
(0,0)	5	7	r1	r2	(-0.40,-1.20)	1.26	-108.43
(0,0)	7	5	r2	r1	(0.40,1.20)	1.26	71.57
(0,0)	2	10	r1	r2	(0.40,1.20)	1.26	71.57
(0,0)	3	9	r1	r2	(1.20,-0.40)	1.26	-18.43
(0,0)	9	3	r2	r1	(-1.20,0.40)	1.26	161.57
(0,0)	10	2	r2	r1	(-0.40,-1.20)	1.26	-108.43
(0,0)	5	8	r1	r2	(-1.20,-0.60)	1.34	-153.43
(0,0)	8	5	r2	r1	(1.20,0.60)	1.34	26.57
(0,0)	2	9	r1	r2	(1.20,0.60)	1.34	26.57
(0,0)	4	10	r1	r2	(-0.60,1.20)	1.34	116.57
(0,0)	9	2	r2	r1	(-1.20,-0.60)	1.34	-153.43
(0,0)	10	4	r2	r1	(0.60,-1.20)	1.34	-63.43
(0,0)	3	7	r1	r2	(0.60,-1.20)	1.34	-63.43
(0,0)	7	3	r2	r1	(-0.60,1.20)	1.34	116.57
(0,0)	1	8	r1	r2	(-0.20,1.40)	1.41	98.13
(0,0)	6	8	r2	r2	(-0.20,1.40)	1.41	98.13
(0,0)	8	1	r2	r1	(0.20,-1.40)	1.41	-81.87
(0,0)	8	6	r2	r2	(0.20,-1.40)	1.41	-81.87
(0,0)	8	9	r2	r2	(1.40,0.20)	1.41	8.13
(0,0)	9	8	r2	r2	(-1.40,-0.20)	1.41	-171.87
(1,0)	7	1	r2	r1	(1.40,0.20)	1.41	8.13
(1,0)	7	6	r2	r2	(1.40,0.20)	1.41	8.13
(1,0)	9	7	r2	r2	(1.40,0.20)	1.41	8.13
(1,0)	10	8	r2	r2	(1.40,0.20)	1.41	8.13
(-1,0)	1	7	r1	r2	(-1.40,-0.20)	1.41	-171.87
(-1,0)	6	7	r2	r2	(-1.40,-0.20)	1.41	-171.87
(-1,0)	7	9	r2	r2	(-1.40,-0.20)	1.41	-171.87
(-1,0)	8	10	r2	r2	(-1.40,-0.20)	1.41	-171.87
(0,1)	2	6	r1	r2	(-1.00,1.00)	1.41	135.00
(0,1)	8	7	r2	r2	(-0.20,1.40)	1.41	98.13
(0,1)	10	6	r2	r2	(-1.40,-0.20)	1.41	-171.87
(0,1)	10	9	r2	r2	(-0.20,1.40)	1.41	98.13
(0,-1)	1	10	r1	r2	(1.40,0.20)	1.41	8.13
(0,-1)	6	10	r2	r2	(1.40,0.20)	1.41	8.13
(0,-1)	7	8	r2	r2	(0.20,-1.40)	1.41	-81.87
(0,-1)	9	10	r2	r2	(0.20,-1.40)	1.41	-81.87
(-1,-1)	1	9	r1	r2	(0.20,-1.40)	1.41	-81.87
(-1,-1)	6	9	r2	r2	(0.20,-1.40)	1.41	-81.87
(0,0)	1	4	r1	r1	(1.00,1.00)	1.41	45.00
(0,0)	2	5	r1	r1	(1.00,1.00)	1.41	45.00
(0,0)	3	4	r1	r1	(1.00,-1.00)	1.41	-45.00
(0,0)	4	1	r1	r1	(-1.00,-1.00)	1.41	-135.00
(0,0)	4	3	r1	r1	(-1.00,1.00)	1.41	135.00
(0,0)	4	6	r1	r2	(-1.00,-1.00)	1.41	-135.00
(0,0)	5	2	r1	r1	(-1.00,-1.00)	1.41	-135.00
(0,0)	6	4	r2	r1	(1.00,1.00)	1.41	45.00
(1,0)	4	2	r1	r1	(1.00,1.00)	1.41	45.00
(1,0)	5	1	r1	r1	(1.00,-1.00)	1.41	-45.00
(1,0)	5	3	r1	r1	(1.00,1.00)	1.41	45.00
(1,0)	5	6	r1	r2	(1.00,-1.00)	1.41	-45.00
(-1,0)	1	5	r1	r1	(-1.00,1.00)	1.41	135.00
(-1,0)	2	4	r1	r1	(-1.00,-1.00)	1.41	-135.00
(-1,0)	3	5	r1	r1	(-1.00,-1.00)	1.41	-135.00
(-1,0)	6	5	r2	r1	(-1.00,1.00)	1.41	135.00
(0,1)	2	1	r1	r1	(-1.00,1.00)	1.41	135.00
(0,1)	3	2	r1	r1	(-1.00,1.00)	1.41	135.00
(0,1)	5	4	r1	r1	(-1.00,1.00)	1.41	135.00
(0,-1)	1	2	r1	r1	(1.00,-1.00)	1.41	-45.00
(0,-1)	2	3	r1	r1	(1.00,-1.00)	1.41	-45.00
(0,-1)	4	5	r1	r1	(1.00,-1.00)	1.41	-45.00
(0,-1)	6	2	r2	r1	(1.00,-1.00)	1.41	-45.00
(1,1)	3	1	r1	r1	(1.00,1.00)	1.41	45.00
(1,1)	9	1	r2	r1	(-0.20,1.40)	1.41	98.13
(1,1)	9	6	r2	r2	(-0.20,1.40)	1.41	98.13
(-1,-1)	1	3	r1	r1	(-1.00,-1.00)	1.41	-135.00
(-1,-1)	6	3	r2	r1	(-1.00,-1.00)	1.41	-135.00
(0,0)	7	10	r2	r2	(-0.20,1.40)	1.41	98.13
(0,0)	10	7	r2	r2	(0.20,-1.40)	1.41	-81.87
(1,1)	3	6	r1	r2	(1.00,1.00)	1.41	45.00
(0,1)	10	1	r2	r1	(-1.40,-0.20)	1.41	-171.87
(1,0)	10	2	r2	r1	(1.60,-0.20)	1.61	-7.13
(0,1)	5	7	r1	r2	(-1.40,0.80)	1.61	150.26
(-1,0)	2	10	r1	r2	(-1.60,0.20)	1.61	172.87
(-1,0)	3	9	r1	r2	(-0.80,-1.40)	1.61	-119.74
(0,-1)	7	5	r2	r1	(1.40,-0.80)	1.61	-29.74
(0,-1)	9	3	r2	r1	(-0.20,-1.60)	1.61	-97.13
(1,0)	4	8	r1	r2	(0.80,1.40)	1.61	60.26
(1,0)	5	7	r1	r2	(1.60,-0.20)	1.61	-7.13
(1,0)	9	3	r2	r1	(0.80,1.40)	1.61	60.26
(-1,0)	7	5	r2	r1	(-1.60,0.20)	1.61	172.87
(-1,0)	8	4	r2	r1	(-0.80,-1.40)	1.61	-119.74
(0,1)	3	9	r1	r2	(0.20,1.60)	1.61	82.87
(0,1)	8	4	r2	r1	(0.20,1.60)	1.61	82.87
(0,1)	10	2	r2	r1	(-1.40,0.80)	1.61	150.26
(0,-1)	2	10	r1	r2	(1.40,-0.80)	1.61	-29.74
(0,-1)	4	8	r1	r2	(-0.20,-1.60)	1.61	-97.13
(1,0)	10	3	r2	r1	(1.60,0.80)	1.79	26.57
(-1,0)	3	10	r1	r2	(-1.60,-0.80)	1.79	-153.43
(0,-1)	9	5	r2	r1	(0.80,-1.60)	1.79	-63.43
(1,0)	4	7	r1	r2	(1.60,0.80)	1.79	26.57
(-1,0)	7	4	r2	r1	(-1.60,-0.80)	1.79	-153.43
(0,1)	5	9	r1	r2	(-0.80,1.60)	1.79	116.57
(0,-1)	2	8	r1	r2	(0.80,-1.60)	1.79	-63.43
(0,1)	8	2	r2	r1	(-0.80,1.60)	1.79	116.57
(1,0)	9	4	r2	r1	(1.80,0.40)	1.84	12.53
(-1,0)	2	7	r1	r2	(-1.40,-1.20)	1.84	-139.40
(-1,0)	4	9	r1	r2	(-1.80,-0.40)	1.84	-167.47
(0,1)	2	7	r1	r2	(-0.40,1.80)	1.84	102.53
(0,1)	10	5	r2	r1	(-0.40,1.80)	1.84	102.53
(0,-1)	7	2	r2	r1	(0.40,-1.80)	1.84	-77.47
(0,-1)	8	3	r2	r1	(1.20,-1.40)	1.84	-49.40
(1,0)	5	10	r1	r2	(1.40,1.20)	1.84	40.60
(1,0)	7	2	r2	r1	(1.40,1.20)	1.84	40.60
(0,1)	3	8	r1	r2	(-1.20,1.40)	1.84	130.60
(1,0)	3	8	r1	r2	(1.80,0.40)	1.84	12.53
(-1,0)	8	3	r2	r1	(-1.80,-0.40)	1.84	-167.47
(-1,0)	10	5	r2	r1	(-1.40,-1.20)	1.84	-139.40
(0,1)	9	4	r2	r1	(-1.20,1.40)	1.84	130.60
(0,-1)	4	9	r1	r2	(1.20,-1.40)	1.84	-49.40
(0,-1)	5	10	r1	r2	(0.40,-1.80)	1.84	-77.47
(1,1)	10	2	r2	r1	(0.60,1.80)	1.90	71.57
(1,-1)	9	3	r2	r1	(1.80,-0.60)	1.90	-18.43
(1,1)	5	7	r1	r2	(0.60,1.80)	1.90	71.57
(-1,1)	3	9	r1	r2	(-1.80,0.60)	1.90	161.57
(-1,-1)	2	10	r1	r2	(-0.60,-1.80)	1.90	-108.43
(-1,-1)	7	5	r2	r1	(-0.60,-1.80)	1.90	-108.43
(1,-1)	4	8	r1	r2	(1.80,-0.60)	1.90	-18.43
(-1,1)	8	4	r2	r1	(-1.80,0.60)	1.90	161.57
(1,0)	10	1	r2	r1	(1.60,-1.20)	2.00	-36.87
(-1,0)	8	7	r2	r2	(-1.20,-1.60)	2.00	-126.87
(0,1)	5	6	r1	r2	(-2.00,0.00)	2.00	180.00
(0,1)	9	7	r2	r2	(-1.60,1.20)	2.00	143.13
(0,-1)	8	10	r2	r2	(1.60,-1.20)	2.00	-36.87
(1,1)	10	7	r2	r2	(1.20,1.60)	2.00	53.13
(1,-1)	9	8	r2	r2	(1.60,-1.20)	2.00	-36.87
(0,0)	1	3	r1	r1	(0.00,2.00)	2.00	90.00
(0,0)	1	9	r1	r2	(1.20,1.60)	2.00	53.13
(0,0)	3	1	r1	r1	(0.00,-2.00)	2.00	-90.00
(0,0)	3	6	r1	r2	(0.00,-2.00)	2.00	-90.00
(0,0)	6	3	r2	r1	(0.00,2.00)	2.00	90.00
(0,0)	6	9	r2	r2	(1.20,1.60)	2.00	53.13
(0,0)	9	1	r2	r1	(-1.20,-1.60)	2.00	-126.87
(0,0)	9	6	r2	r2	(-1.20,-1.60)	2.00	-126.87
(1,0)	2	1	r1	r1	(2.00,0.00)	2.00	0.00
(1,0)	2	6	r1	r2	(2.00,-0.00)	2.00	-0.00
(1,0)	3	2	r1	r1	(2.00,0.00)	2.00	0.00
(1,0)	5	4	r1	r1	(2.00,0.00)	2.00	0.00
(1,0)	7	8	r2	r2	(1.20,1.60)	2.00	53.13
(1,0)	9	10	r2	r2	(1.20,1.60)	2.00	53.13
(1,0)	10	6	r2	r2	(1.60,-1.20)	2.00	-36.87
(-1,0)	1	2	r1	r1	(-2.00,0.00)	2.00	180.00
(-1,0)	1	10	r1	r2	(-1.60,1.20)	2.00	143.13
(-1,0)	2	3	r1	r1	(-2.00,0.00)	2.00	180.00
(-1,0)	4	5	r1	r1	(-2.00,0.00)	2.00	180.00
(-1,0)	6	2	r2	r1	(-2.00,0.00)	2.00	180.00
(-1,0)	6	10	r2	r2	(-1.60,1.20)	2.00	143.13
(-1,0)	10	9	r2	r2	(-1.20,-1.60)	2.00	-126.87
(0,1)	2	4	r1	r1	(0.00,2.00)	2.00	90.00
(0,1)	3	5	r1	r1	(0.00,2.00)	2.00	90.00
(0,1)	5	1	r1	r1	(-2.00,0.00)	2.00	180.00
(0,1)	7	1	r2	r1	(-1.60,1.20)	2.00	143.13
(0,1)	7	6	r2	r2	(-1.60,1.20)	2.00	143.13
(0,1)	10	8	r2	r2	(-1.60,1.20)	2.00	143.13
(0,-1)	1	5	r1	r1	(2.00,0.00)	2.00	0.00
(0,-1)	1	7	r1	r2	(1.60,-1.20)	2.00	-36.87
(0,-1)	4	2	r1	r1	(0.00,-2.00)	2.00	-90.00
(0,-1)	5	3	r1	r1	(0.00,-2.00)	2.00	-90.00
(0,-1)	6	5	r2	r1	(2.00,0.00)	2.00	0.00
(0,-1)	6	7	r2	r2	(1.60,-1.20)	2.00	-36.87
(0,-1)	7	9	r2	r2	(1.60,-1.20)	2.00	-36.87
(1,1)	4	1	r1	r1	(0.00,2.00)	2.00	90.00
(1,1)	4	6	r1	r2	(0.00,2.00)	2.00	90.00
(1,1)	5	2	r1	r1	(0.00,2.00)	2.00	90.00
(1,1)	8	1	r2	r1	(1.20,1.60)	2.00	53.13
(1,1)	8	6	r2	r2	(1.20,1.60)	2.00	53.13
(-1,1)	3	4	r1	r1	(-2.00,0.00)	2.00	180.00
(-1,1)	8	9	r2	r2	(-1.60,1.20)	2.00	143.13
(-1,-1)	1	4	r1	r1	(0.00,-2.00)	2.00	-90.00
(-1,-1)	1	8	r1	r2	(-1.20,-1.60)	2.00	-126.87
(-1,-1)	2	5	r1	r1	(0.00,-2.00)	2.00	-90.00
(-1,-1)	6	4	r2	r1	(0.00,-2.00)	2.00	-90.00
(-1,-1)	6	8	r2	r2	(-1.20,-1.60)	2.00	-126.87
(-1,-1)	7	10	r2	r2	(-1.20,-1.60)	2.00	-126.87
(1,-1)	4	3	r1	r1	(2.00,0.00)	2.00	0.00
(1,0)	8	1	r2	r1	(2.20,-0.40)	2.24	-10.30
(1,0)	8	6	r2	r2	(2.20,-0.40)	2.24	-10.30
(1,0)	10	7	r2	r2	(2.20,-0.40)	2.24	-10.30
(1,0)	10	10	r2	r2	(2.00,1.00)	2.24	26.57
(0,1)	4	6	r1	r2	(-2.00,1.00)	2.24	153.43
(-1,-1)	7	9	r2	r2	(-0.40,-2.20)	2.24	-100.30
(-1,-1)	8	10	r2	r2	(-0.40,-2.20)	2.24	-100.30
(1,-1)	7	8	r2	r2	(2.20,-0.40)	2.24	-10.30
(0,0)	1	5	r1	r1	(1.00,2.00)	2.24	63.43
(0,0)	1	10	r1	r2	(0.40,2.20)	2.24	79.70
(0,0)	5	1	r1	r1	(-1.00,-2.00)	2.24	-116.57
(0,0)	5	6	r1	r2	(-1.00,-2.00)	2.24	-116.57
(0,0)	6	5	r2	r1	(1.00,2.00)	2.24	63.43
(0,0)	6	10	r2	r2	(0.40,2.20)	2.24	79.70
(0,0)	10	1	r2	r1	(-0.40,-2.20)	2.24	-100.30
(0,0)	10	6	r2	r2	(-0.40,-2.20)	2.24	-100.30
(1,0)	1	1	r1	r1	(2.00,1.00)	2.24	26.57
(1,0)	1	6	r1	r2	(2.00,1.00)	2.24	26.57
(1,0)	2	2	r1	r1	(2.00,1.00)	2.24	26.57
(1,0)	3	1	r1	r1	(2.00,-1.00)	2.24	-26.57
(1,0)	3	3	r1	r1	(2.00,1.00)	2.24	26.57
(1,0)	3	6	r1	r2	(2.00,-1.00)	2.24	-26.57
(1,0)	4	3	r1	r1	(1.00,2.00)	2.24	63.43
(1,0)	4	4	r1	r1	(2.00,1.00)	2.24	26.57
(1,0)	5	5	r1	r1	(2.00,1.00)	2.24	26.57
(1,0)	6	1	r2	r1	(2.00,1.00)	2.24	26.57
(1,0)	6	6	r2	r2	(2.00,1.00)	2.24	26.57
(1,0)	7	7	r2	r2	(2.00,1.00)	2.24	26.57
(1,0)	8	8	r2	r2	(2.00,1.00)	2.24	26.57
(1,0)	9	9	r2	r2	(2.00,1.00)	2.24	26.57
(-1,0)	1	1	r1	r1	(-2.00,-1.00)	2.24	-153.43
(-1,0)	1	3	r1	r1	(-2.00,1.00)	2.24	153.43
(-1,0)	1	6	r1	r2	(-2.00,-1.00)	2.24	-153.43
(-1,0)	1	8	r1	r2	(-2.20,0.40)	2.24	169.70
(-1,0)	2	2	r1	r1	(-2.00,-1.00)	2.24	-153.43
(-1,0)	3	3	r1	r1	(-2.00,-1.00)	2.24	-153.43
(-1,0)	3	4	r1	r1	(-1.00,-2.00)	2.24	-116.57
(-1,0)	4	4	r1	r1	(-2.00,-1.00)	2.24	-153.43
(-1,0)	5	5	r1	r1	(-2.00,-1.00)	2.24	-153.43
(-1,0)	6	1	r2	r1	(-2.00,-1.00)	2.24	-153.43
(-1,0)	6	3	r2	r1	(-2.00,1.00)	2.24	153.43
(-1,0)	6	6	r2	r2	(-2.00,-1.00)	2.24	-153.43
(-1,0)	6	8	r2	r2	(-2.20,0.40)	2.24	169.70
(-1,0)	7	7	r2	r2	(-2.00,-1.00)	2.24	-153.43
(-1,0)	7	10	r2	r2	(-2.20,0.40)	2.24	169.70
(-1,0)	8	8	r2	r2	(-2.00,-1.00)	2.24	-153.43
(-1,0)	9	9	r2	r2	(-2.00,-1.00)	2.24	-153.43
(-1,0)	10	10	r2	r2	(-2.00,-1.00)	2.24	-153.43
(0,1)	1	1	r1	r1	(-1.00,2.00)	2.24	116.57
(0,1)	1	6	r1	r2	(-1.00,2.00)	2.24	116.57
(0,1)	2	2	r1	r1	(-1.00,2.00)	2.24	116.57
(0,1)	3	3	r1	r1	(-1.00,2.00)	2.24	116.57
(0,1)	4	1	r1	r1	(-2.00,1.00)	2.24	153.43
(0,1)	4	4	r1	r1	(-1.00,2.00)	2.24	116.57
(0,1)	5	2	r1	r1	(-2.00,1.00)	2.24	153.43
(0,1)	5	5	r1	r1	(-1.00,2.00)	2.24	116.57
(0,1)	6	1	r2	r1	(-1.00,2.00)	2.24	116.57
(0,1)	6	6	r2	r2	(-1.00,2.00)	2.24	116.57
(0,1)	7	7	r2	r2	(-1.00,2.00)	2.24	116.57
(0,1)	8	9	r2	r2	(0.40,2.20)	2.24	79.70
(0,1)	9	1	r2	r1	(-2.20,0.40)	2.24	169.70
(0,1)	9	6	r2	r2	(-2.20,0.40)	2.24	169.70
(0,1)	9	9	r2	r2	(-1.00,2.00)	2.24	116.57
(0,1)	10	10	r2	r2	(-1.00,2.00)	2.24	116.57
(0,-1)	1	1	r1	r1	(1.00,-2.00)	2.24	-63.43
(0,-1)	1	4	r1	r1	(2.00,-1.00)	2.24	-26.57
(0,-1)	1	6	r1	r2	(1.00,-2.00)	2.24	-63.43
(0,-1)	1	9	r1	r2	(2.20,-0.40)	2.24	-10.30
(0,-1)	2	2	r1	r1	(1.00,-2.00)	2.24	-63.43
(0,-1)	2	5	r1	r1	(2.00,-1.00)	2.24	-26.57
(0,-1)	3	3	r1	r1	(1.00,-2.00)	2.24	-63.43
(0,-1)	4	4	r1	r1	(1.00,-2.00)	2.24	-63.43
(0,-1)	5	5	r1	r1	(1.00,-2.00)	2.24	-63.43
(0,-1)	6	1	r2	r1	(1.00,-2.00)	2.24	-63.43
(0,-1)	6	4	r2	r1	(2.00,-1.00)	2.24	-26.57
(0,-1)	6	6	r2	r2	(1.00,-2.00)	2.24	-63.43
(0,-1)	6	9	r2	r2	(2.20,-0.40)	2.24	-10.30
(0,-1)	7	7	r2	r2	(1.00,-2.00)	2.24	-63.43
(0,-1)	8	8	r2	r2	(1.00,-2.00)	2.24	-63.43
(0,-1)	9	8	r2	r2	(-0.40,-2.20)	2.24	-100.30
(0,-1)	9	9	r2	r2	(1.00,-2.00)	2.24	-63.43
(0,-1)	10	10	r2	r2	(1.00,-2.00)	2.24	-63.43
(1,1)	2	1	r1	r1	(1.00,2.00)	2.24	63.43
(1,1)	2	6	r1	r2	(1.00,2.00)	2.24	63.43
(1,1)	3	2	r1	r1	(1.00,2.00)	2.24	63.43
(1,1)	5	4	r1	r1	(1.00,2.00)	2.24	63.43
(1,1)	7	1	r2	r1	(0.40,2.20)	2.24	79.70
(1,1)	7	6	r2	r2	(0.40,2.20)	2.24	79.70
(1,1)	9	7	r2	r2	(0.40,2.20)	2.24	79.70
(1,1)	10	8	r2	r2	(0.40,2.20)	2.24	79.70
(-1,1)	2	4	r1	r1	(-2.00,1.00)	2.24	153.43
(-1,1)	3	5	r1	r1	(-2.00,1.00)	2.24	153.43
(-1,1)	8	7	r2	r2	(-2.20,0.40)	2.24	169.70
(-1,1)	10	9	r2	r2	(-2.20,0.40)	2.24	169.70
(-1,-1)	1	2	r1	r1	(-1.00,-2.00)	2.24	-116.57
(-1,-1)	1	7	r1	r2	(-0.40,-2.20)	2.24	-100.30
(-1,-1)	2	3	r1	r1	(-1.00,-2.00)	2.24	-116.57
(-1,-1)	4	5	r1	r1	(-1.00,-2.00)	2.24	-116.57
(-1,-1)	6	2	r2	r1	(-1.00,-2.00)	2.24	-116.57
(-1,-1)	6	7	r2	r2	(-0.40,-2.20)	2.24	-100.30
(1,-1)	4	2	r1	r1	(2.00,-1.00)	2.24	-26.57
(1,-1)	5	3	r1	r1	(2.00,-1.00)	2.24	-26.57
(1,-1)	9	10	r2	r2	(2.20,-0.40)	2.24	-10.30
(0,1)	8	8	r2	r2	(-1.00,2.00)	2.24	116.57
(1,0)	8	2	r2	r1	(2.20,0.60)	2.28	15.26
(1,0)	9	5	r2	r1	(1.80,1.40)	2.28	37.87
(-1,0)	5	9	r1	r2	(-1.80,-1.40)	2.28	-142.13
(0,1)	4	7	r1	r2	(-1.40,1.80)	2.28	127.87
(0,-1)	7	4	r2	r1	(1.40,-1.80)	2.28	-52.13
(1,0)	2	8	r1	r2	(1.80,1.40)	2.28	37.87
(1,0)	5	9	r1	r2	(2.20,0.60)	2.28	15.26
(-1,0)	2	8	r1	r2	(-2.20,-0.60)	2.28	-164.74
(-1,0)	8	2	r2	r1	(-1.80,-1.40)	2.28	-142.13
(-1,0)	9	5	r2	r1	(-2.20,-0.60)	2.28	-164.74
(0,1)	3	10	r1	r2	(-0.60,2.20)	2.28	105.26
(0,1)	7	4	r2	r1	(-0.60,2.20)	2.28	105.26
(0,1)	10	3	r2	r1	(-1.40,1.80)	2.28	127.87
(0,-1)	3	10	r1	r2	(1.40,-1.80)	2.28	-52.13
(0,-1)	4	7	r1	r2	(0.60,-2.20)	2.28	-74.74
(0,-1)	10	3	r2	r1	(0.60,-2.20)	2.28	-74.74
(1,1)	10	4	r2	r1	(1.60,1.80)	2.41	48.37
(1,-1)	9	2	r2	r1	(1.80,-1.60)	2.41	-41.63
(1,1)	3	7	r1	r2	(1.60,1.80)	2.41	48.37
(1,1)	5	8	r1	r2	(-0.20,2.40)	2.41	94.76
(1,1)	9	2	r2	r1	(-0.20,2.40)	2.41	94.76
(-1,1)	2	9	r1	r2	(-1.80,1.60)	2.41	138.37
(-1,1)	3	7	r1	r2	(-2.40,-0.20)	2.41	-175.24
(-1,1)	8	5	r2	r1	(-1.80,1.60)	2.41	138.37
(-1,1)	10	4	r2	r1	(-2.40,-0.20)	2.41	-175.24
(-1,-1)	2	9	r1	r2	(0.20,-2.40)	2.41	-85.24
(-1,-1)	4	10	r1	r2	(-1.60,-1.80)	2.41	-131.63
(-1,-1)	7	3	r2	r1	(-1.60,-1.80)	2.41	-131.63
(-1,-1)	8	5	r2	r1	(0.20,-2.40)	2.41	-85.24
(1,-1)	4	10	r1	r2	(2.40,0.20)	2.41	4.76
(1,-1)	5	8	r1	r2	(1.80,-1.60)	2.41	-41.63
(1,-1)	7	3	r2	r1	(2.40,0.20)	2.41	4.76
(1,1)	9	4	r2	r1	(0.80,2.40)	2.53	71.57
(-1,1)	2	7	r1	r2	(-2.40,0.80)	2.53	161.57
(-1,1)	10	5	r2	r1	(-2.40,0.80)	2.53	161.57
(-1,-1)	4	9	r1	r2	(-0.80,-2.40)	2.53	-108.43
(-1,-1)	8	3	r2	r1	(-0.80,-2.40)	2.53	-108.43
(1,-1)	7	2	r2	r1	(2.40,-0.80)	2.53	-18.43
(1,1)	3	8	r1	r2	(0.80,2.40)	2.53	71.57
(1,-1)	5	10	r1	r2	(2.40,-0.80)	2.53	-18.43
(1,0)	10	4	r2	r1	(2.60,-0.20)	2.61	-4.40
(-1,0)	4	10	r1	r2	(-2.60,0.20)	2.61	175.60
(0,-1)	9	2	r2	r1	(-0.20,-2.60)	2.61	-94.40
(1,0)	3	7	r1	r2	(2.60,-0.20)	2.61	-4.40
(1,0)	4	10	r1	r2	(1.40,2.20)	2.61	57.53
(1,0)	7	3	r2	r1	(1.40,2.20)	2.61	57.53
(-1,0)	3	7	r1	r2	(-1.40,-2.20)	2.61	-122.47
(-1,0)	7	3	r2	r1	(-2.60,0.20)	2.61	175.60
(0,1)	2	9	r1	r2	(0.20,2.60)	2.61	85.60
(0,1)	5	8	r1	r2	(-2.20,1.40)	2.61	147.53
(0,1)	8	5	r2	r1	(0.20,2.60)	2.61	85.60
(0,1)	9	2	r2	r1	(-2.20,1.40)	2.61	147.53
(0,-1)	5	8	r1	r2	(-0.20,-2.60)	2.61	-94.40
(0,-1)	8	5	r2	r1	(2.20,-1.40)	2.61	-32.47
(-1,0)	10	4	r2	r1	(-1.40,-2.20)	2.61	-122.47
(0,-1)	2	9	r1	r2	(2.20,-1.40)	2.61	-32.47
(1,0)	3	10	r1	r2	(2.40,1.20)	2.68	26.57
(1,0)	7	4	r2	r1	(2.40,1.20)	2.68	26.57
(-1,0)	4	7	r1	r2	(-2.40,-1.20)	2.68	-153.43
(0,1)	2	8	r1	r2	(-1.20,2.40)	2.68	116.57
(0,-1)	8	2	r2	r1	(1.20,-2.40)	2.68	-63.43
(-1,0)	10	3	r2	r1	(-2.40,-1.20)	2.68	-153.43
(0,1)	9	5	r2	r1	(-1.20,2.40)	2.68	116.57
(0,-1)	5	9	r1	r2	(1.20,-2.40)	2.68	-63.43
(1,0)	10	5	r2	r1	(2.60,0.80)	2.72	17.10
(-1,0)	5	10	r1	r2	(-2.60,-0.80)	2.72	-162.90
(0,-1)	9	4	r2	r1	(0.80,-2.60)	2.72	-72.90
(1,0)	2	7	r1	r2	(2.60,0.80)	2.72	17.10
(1,0)	4	9	r1	r2	(2.20,1.60)	2.72	36.03
(1,0)	8	3	r2	r1	(2.20,1.60)	2.72	36.03
(-1,0)	3	8	r1	r2	(-2.20,-1.60)	2.72	-143.97
(-1,0)	7	2	r2	r1	(-2.60,-0.80)	2.72	-162.90
(-1,0)	9	4	r2	r1	(-2.20,-1.60)	2.72	-143.97
(0,1)	4	9	r1	r2	(-0.80,2.60)	2.72	107.10
(0,1)	5	10	r1	r2	(-1.60,2.20)	2.72	126.03
(0,-1)	2	7	r1	r2	(1.60,-2.20)	2.72	-53.97
(0,-1)	3	8	r1	r2	(0.80,-2.60)	2.72	-72.90
(0,-1)	10	5	r2	r1	(1.60,-2.20)	2.72	-53.97
(0,1)	7	2	r2	r1	(-1.60,2.20)	2.72	126.03
(0,1)	8	3	r2	r1	(-0.80,2.60)	2.72	107.10
(1,0)	8	7	r2	r2	(2.80,0.40)	2.83	8.13
(1,0)	10	9	r2	r2	(2.80,0.40)	2.83	8.13
(-1,0)	2	6	r1	r2	(-2.00,-2.00)	2.83	-135.00
(-1,0)	9	10	r2	r2	(-2.80,-0.40)	2.83	-171.87
(0,1)	1	7	r1	r2	(-0.40,2.80)	2.83	98.13
(0,1)	6	7	r2	r2	(-0.40,2.80)	2.83	98.13
(0,-1)	7	1	r2	r1	(0.40,-2.80)	2.83	-81.87
(0,-1)	7	6	r2	r2	(0.40,-2.80)	2.83	-81.87
(0,-1)	9	7	r2	r2	(0.40,-2.80)	2.83	-81.87
(-1,-1)	8	9	r2	r2	(0.40,-2.80)	2.83	-81.87
(1,-1)	1	8	r1	r2	(2.80,0.40)	2.83	8.13
(1,-1)	6	8	r2	r2	(2.80,0.40)	2.83	8.13
(1,0)	1	2	r1	r1	(2.00,2.00)	2.83	45.00
(1,0)	2	3	r1	r1	(2.00,2.00)	2.83	45.00
(1,0)	4	5	r1	r1	(2.00,2.00)	2.83	45.00
(1,0)	6	2	r2	r1	(2.00,2.00)	2.83	45.00
(-1,0)	2	1	r1	r1	(-2.00,-2.00)	2.83	-135.00
(-1,0)	3	2	r1	r1	(-2.00,-2.00)	2.83	-135.00
(-1,0)	5	4	r1	r1	(-2.00,-2.00)	2.83	-135.00
(-1,0)	7	8	r2	r2	(-2.80,-0.40)	2.83	-171.87
(0,1)	4	2	r1	r1	(-2.00,2.00)	2.83	135.00
(0,1)	5	3	r1	r1	(-2.00,2.00)	2.83	135.00
(0,1)	7	9	r2	r2	(-0.40,2.80)	2.83	98.13
(0,1)	8	10	r2	r2	(-0.40,2.80)	2.83	98.13
(0,-1)	2	4	r1	r1	(2.00,-2.00)	2.83	-45.00
(0,-1)	3	5	r1	r1	(2.00,-2.00)	2.83	-45.00
(0,-1)	10	8	r2	r2	(0.40,-2.80)	2.83	-81.87
(1,1)	3	4	r1	r1	(2.00,2.00)	2.83	45.00
(-1,1)	1	4	r1	r1	(-2.00,2.00)	2.83	135.00
(-1,1)	2	5	r1	r1	(-2.00,2.00)	2.83	135.00
(-1,1)	6	4	r2	r1	(-2.00,2.00)	2.83	135.00
(-1,1)	8	1	r2	r1	(-2.80,-0.40)	2.83	-171.87
(-1,1)	8	6	r2	r2	(-2.80,-0.40)	2.83	-171.87
(-1,1)	10	7	r2	r2	(-2.80,-0.40)	2.83	-171.87
(-1,-1)	4	3	r1	r1	(-2.00,-2.00)	2.83	-135.00
(1,-1)	4	1	r1	r1	(2.00,-2.00)	2.83	-45.00
(1,-1)	4	6	r1	r2	(2.00,-2.00)	2.83	-45.00
(1,-1)	5	2	r1	r1	(2.00,-2.00)	2.83	-45.00
(1,-1)	7	10	r2	r2	(2.80,0.40)	2.83	8.13
(1,1)	9	8	r2	r2	(-0.40,2.80)	2.83	98.13
(1,1)	4	7	r1	r2	(0.60,2.80)	2.86	77.91
(1,1)	5	9	r1	r2	(1.20,2.60)	2.86	65.22
(1,1)	8	2	r2	r1	(1.20,2.60)	2.86	65.22
(1,1)	10	3	r2	r1	(0.60,2.80)	2.86	77.91
(-1,1)	3	10	r1	r2	(-2.60,1.20)	2.86	155.22
(-1,1)	5	9	r1	r2	(-2.80,0.60)	2.86	167.91
(-1,-1)	2	8	r1	r2	(-1.20,-2.60)	2.86	-114.78
(-1,-1)	3	10	r1	r2	(-0.60,-2.80)	2.86	-102.09
(-1,-1)	7	4	r2	r1	(-0.60,-2.80)	2.86	-102.09
(-1,-1)	9	5	r2	r1	(-1.20,-2.60)	2.86	-114.78
(1,-1)	2	8	r1	r2	(2.80,-0.60)	2.86	-12.09
(1,-1)	9	5	r2	r1	(2.80,-0.60)	2.86	-12.09
(1,-1)	10	3	r2	r1	(2.60,-1.20)	2.86	-24.78
(-1,1)	7	4	r2	r1	(-2.60,1.20)	2.86	155.22
(-1,1)	8	2	r2	r1	(-2.80,0.60)	2.86	167.91
(1,-1)	4	7	r1	r2	(2.60,-1.20)	2.86	-24.78
(-1,0)	8	6	r2	r2	(-1.80,-2.40)	3.00	-126.87
(1,1)	10	9	r2	r2	(1.80,2.40)	3.00	53.13
(1,-1)	10	8	r2	r2	(2.40,-1.80)	3.00	-36.87
(1,0)	1	8	r1	r2	(1.80,2.40)	3.00	53.13
(1,0)	3	4	r1	r1	(3.00,0.00)	3.00	0.00
(1,0)	6	8	r2	r2	(1.80,2.40)	3.00	53.13
(1,0)	7	10	r2	r2	(1.80,2.40)	3.00	53.13
(-1,0)	4	3	r1	r1	(-3.00,0.00)	3.00	180.00
(-1,0)	8	1	r2	r1	(-1.80,-2.40)	3.00	-126.87
(-1,0)	10	7	r2	r2	(-1.80,-2.40)	3.00	-126.87
(0,1)	1	4	r1	r1	(0.00,3.00)	3.00	90.00
(0,1)	2	5	r1	r1	(0.00,3.00)	3.00	90.00
(0,1)	6	4	r2	r1	(0.00,3.00)	3.00	90.00
(0,-1)	4	1	r1	r1	(0.00,-3.00)	3.00	-90.00
(0,-1)	4	6	r1	r2	(-0.00,-3.00)	3.00	-90.00
(0,-1)	5	2	r1	r1	(0.00,-3.00)	3.00	-90.00
(0,-1)	8	9	r2	r2	(2.40,-1.80)	3.00	-36.87
(1,1)	4	2	r1	r1	(0.00,3.00)	3.00	90.00
(1,1)	5	3	r1	r1	(0.00,3.00)	3.00	90.00
(1,1)	8	7	r2	r2	(1.80,2.40)	3.00	53.13
(-1,1)	1	7	r1	r2	(-2.40,1.80)	3.00	143.13
(-1,1)	2	1	r1	r1	(-3.00,0.00)	3.00	180.00
(-1,1)	2	6	r1	r2	(-3.00,0.00)	3.00	180.00
(-1,1)	3	2	r1	r1	(-3.00,0.00)	3.00	180.00
(-1,1)	5	4	r1	r1	(-3.00,0.00)	3.00	180.00
(-1,1)	6	7	r2	r2	(-2.40,1.80)	3.00	143.13
(-1,1)	7	9	r2	r2	(-2.40,1.80)	3.00	143.13
(-1,1)	8	10	r2	r2	(-2.40,1.80)	3.00	143.13
(-1,-1)	2	4	r1	r1	(0.00,-3.00)	3.00	-90.00
(-1,-1)	3	5	r1	r1	(0.00,-3.00)	3.00	-90.00
(-1,-1)	7	8	r2	r2	(-1.80,-2.40)	3.00	-126.87
(-1,-1)	9	10	r2	r2	(-1.80,-2.40)	3.00	-126.87
(1,-1)	1	2	r1	r1	(3.00,0.00)	3.00	0.00
(1,-1)	2	3	r1	r1	(3.00,0.00)	3.00	0.00
(1,-1)	4	5	r1	r1	(3.00,0.00)	3.00	0.00
(1,-1)	6	2	r2	r1	(3.00,0.00)	3.00	0.00
(1,-1)	7	1	r2	r1	(2.40,-1.80)	3.00	-36.87
(1,-1)	7	6	r2	r2	(2.40,-1.80)	3.00	-36.87
(1,-1)	9	7	r2	r2	(2.40,-1.80)	3.00	-36.87
(0,1)	9	8	r2	r2	(-2.40,1.80)	3.00	143.13
(1,-1)	9	1	r2	r1	(1.80,-2.60)	3.16	-55.30
(1,-1)	8	8	r2	r2	(3.00,-1.00)	3.16	-18.43
(1,0)	1	7	r1	r2	(2.60,1.80)	3.16	34.70
(1,0)	2	4	r1	r1	(3.00,1.00)	3.16	18.43
(1,0)	3	5	r1	r1	(3.00,1.00)	3.16	18.43
(1,0)	6	7	r2	r2	(2.60,1.80)	3.16	34.70
(1,0)	7	9	r2	r2	(2.60,1.80)	3.16	34.70
(1,0)	8	10	r2	r2	(2.60,1.80)	3.16	34.70
(-1,0)	4	2	r1	r1	(-3.00,-1.00)	3.16	-161.57
(-1,0)	5	3	r1	r1	(-3.00,-1.00)	3.16	-161.57
(-1,0)	7	1	r2	r1	(-2.60,-1.80)	3.16	-145.30
(-1,0)	7	6	r2	r2	(-2.60,-1.80)	3.16	-145.30
(-1,0)	9	7	r2	r2	(-2.60,-1.80)	3.16	-145.30
(-1,0)	10	8	r2	r2	(-2.60,-1.80)	3.16	-145.30
(0,1)	1	2	r1	r1	(-1.00,3.00)	3.16	108.43
(0,1)	2	3	r1	r1	(-1.00,3.00)	3.16	108.43
(0,1)	4	5	r1	r1	(-1.00,3.00)	3.16	108.43
(0,1)	6	2	r2	r1	(-1.00,3.00)	3.16	108.43
(0,1)	7	8	r2	r2	(-1.80,2.60)	3.16	124.70
(0,1)	9	10	r2	r2	(-1.80,2.60)	3.16	124.70
(0,-1)	2	1	r1	r1	(1.00,-3.00)	3.16	-71.57
(0,-1)	2	6	r1	r2	(1.00,-3.00)	3.16	-71.57
(0,-1)	3	2	r1	r1	(1.00,-3.00)	3.16	-71.57
(0,-1)	5	4	r1	r1	(1.00,-3.00)	3.16	-71.57
(0,-1)	8	7	r2	r2	(1.80,-2.60)	3.16	-55.30
(0,-1)	10	9	r2	r2	(1.80,-2.60)	3.16	-55.30
(1,1)	1	1	r1	r1	(1.00,3.00)	3.16	71.57
(1,1)	1	6	r1	r2	(1.00,3.00)	3.16	71.57
(1,1)	2	2	r1	r1	(1.00,3.00)	3.16	71.57
(1,1)	3	3	r1	r1	(1.00,3.00)	3.16	71.57
(1,1)	4	4	r1	r1	(1.00,3.00)	3.16	71.57
(1,1)	5	5	r1	r1	(1.00,3.00)	3.16	71.57
(1,1)	6	1	r2	r1	(1.00,3.00)	3.16	71.57
(1,1)	6	6	r2	r2	(1.00,3.00)	3.16	71.57
(1,1)	7	7	r2	r2	(1.00,3.00)	3.16	71.57
(1,1)	9	9	r2	r2	(1.00,3.00)	3.16	71.57
(1,1)	10	10	r2	r2	(1.00,3.00)	3.16	71.57
(-1,1)	1	1	r1	r1	(-3.00,1.00)	3.16	161.57
(-1,1)	1	6	r1	r2	(-3.00,1.00)	3.16	161.57
(-1,1)	1	9	r1	r2	(-1.80,2.60)	3.16	124.70
(-1,1)	2	2	r1	r1	(-3.00,1.00)	3.16	161.57
(-1,1)	3	1	r1	r1	(-3.00,-1.00)	3.16	-161.57
(-1,1)	3	3	r1	r1	(-3.00,1.00)	3.16	161.57
(-1,1)	3	6	r1	r2	(-3.00,-1.00)	3.16	-161.57
(-1,1)	4	4	r1	r1	(-3.00,1.00)	3.16	161.57
(-1,1)	5	5	r1	r1	(-3.00,1.00)	3.16	161.57
(-1,1)	6	1	r2	r1	(-3.00,1.00)	3.16	161.57
(-1,1)	6	6	r2	r2	(-3.00,1.00)	3.16	161.57
(-1,1)	6	9	r2	r2	(-1.80,2.60)	3.16	124.70
(-1,1)	7	7	r2	r2	(-3.00,1.00)	3.16	161.57
(-1,1)	8	8	r2	r2	(-3.00,1.00)	3.16	161.57
(-1,1)	9	9	r2	r2	(-3.00,1.00)	3.16	161.57
(-1,1)	10	10	r2	r2	(-3.00,1.00)	3.16	161.57
(-1,-1)	1	1	r1	r1	(-1.00,-3.00)	3.16	-108.43
(-1,-1)	1	6	r1	r2	(-1.00,-3.00)	3.16	-108.43
(-1,-1)	2	2	r1	r1	(-1.00,-3.00)	3.16	-108.43
(-1,-1)	3	3	r1	r1	(-1.00,-3.00)	3.16	-108.43
(-1,-1)	4	4	r1	r1	(-1.00,-3.00)	3.16	-108.43
(-1,-1)	5	5	r1	r1	(-1.00,-3.00)	3.16	-108.43
(-1,-1)	6	1	r2	r1	(-1.00,-3.00)	3.16	-108.43
(-1,-1)	6	6	r2	r2	(-1.00,-3.00)	3.16	-108.43
(-1,-1)	7	7	r2	r2	(-1.00,-3.00)	3.16	-108.43
(-1,-1)	8	8	r2	r2	(-1.00,-3.00)	3.16	-108.43
(-1,-1)	9	9	r2	r2	(-1.00,-3.00)	3.16	-108.43
(-1,-1)	10	10	r2	r2	(-1.00,-3.00)	3.16	-108.43
(1,-1)	1	1	r1	r1	(3.00,-1.00)	3.16	-18.43
(1,-1)	1	3	r1	r1	(3.00,1.00)	3.16	18.43
(1,-1)	1	6	r1	r2	(3.00,-1.00)	3.16	-18.43
(1,-1)	2	2	r1	r1	(3.00,-1.00)	3.16	-18.43
(1,-1)	3	3	r1	r1	(3.00,-1.00)	3.16	-18.43
(1,-1)	4	4	r1	r1	(3.00,-1.00)	3.16	-18.43
(1,-1)	5	5	r1	r1	(3.00,-1.00)	3.16	-18.43
(1,-1)	6	1	r2	r1	(3.00,-1.00)	3.16	-18.43
(1,-1)	6	3	r2	r1	(3.00,1.00)	3.16	18.43
(1,-1)	6	6	r2	r2	(3.00,-1.00)	3.16	-18.43
(1,-1)	7	7	r2	r2	(3.00,-1.00)	3.16	-18.43
(1,-1)	9	6	r2	r2	(1.80,-2.60)	3.16	-55.30
(1,-1)	9	9	r2	r2	(3.00,-1.00)	3.16	-18.43
(1,-1)	10	10	r2	r2	(3.00,-1.00)	3.16	-18.43
(1,1)	8	8	r2	r2	(1.00,3.00)	3.16	71.57
(1,1)	10	5	r2	r1	(1.60,2.80)	3.22	60.26
(-1,1)	3	8	r1	r2	(-3.20,0.40)	3.22	172.87
(-1,1)	4	9	r1	r2	(-2.80,1.60)	3.22	150.26
(-1,-1)	5	10	r1	r2	(-1.60,-2.80)	3.22	-119.74
(-1,-1)	7	2	r2	r1	(-1.60,-2.80)	3.22	-119.74
(1,-1)	8	3	r2	r1	(3.20,-0.40)	3.22	-7.13
(1,-1)	9	4	r2	r1	(2.80,-1.60)	3.22	-29.74
(1,1)	2	7	r1	r2	(1.60,2.80)	3.22	60.26
(1,1)	5	10	r1	r2	(0.40,3.20)	3.22	82.87
(1,1)	7	2	r2	r1	(0.40,3.20)	3.22	82.87
(-1,1)	8	3	r2	r1	(-2.80,1.60)	3.22	150.26
(-1,1)	9	4	r2	r1	(-3.20,0.40)	3.22	172.87
(-1,-1)	2	7	r1	r2	(-0.40,-3.20)	3.22	-97.13
(-1,-1)	10	5	r2	r1	(-0.40,-3.20)	3.22	-97.13
(1,-1)	3	8	r1	r2	(2.80,-1.60)	3.22	-29.74
(1,-1)	4	9	r1	r2	(3.20,-0.40)	3.22	-7.13
(1,0)	8	4	r2	r1	(3.20,0.60)	3.26	10.62
(-1,0)	5	7	r1	r2	(-2.40,-2.20)	3.26	-137.49
(0,-1)	8	4	r2	r1	(2.20,-2.40)	3.26	-47.49
(1,0)	2	10	r1	r2	(2.40,2.20)	3.26	42.51
(1,0)	3	9	r1	r2	(3.20,0.60)	3.26	10.62
(1,0)	7	5	r2	r1	(2.40,2.20)	3.26	42.51
(-1,0)	4	8	r1	r2	(-3.20,-0.60)	3.26	-169.38
(-1,0)	9	3	r2	r1	(-3.20,-0.60)	3.26	-169.38
(-1,0)	10	2	r2	r1	(-2.40,-2.20)	3.26	-137.49
(0,1)	2	10	r1	r2	(-0.60,3.20)	3.26	100.62
(0,1)	4	8	r1	r2	(-2.20,2.40)	3.26	132.51
(0,1)	7	5	r2	r1	(-0.60,3.20)	3.26	100.62
(0,1)	9	3	r2	r1	(-2.20,2.40)	3.26	132.51
(0,-1)	3	9	r1	r2	(2.20,-2.40)	3.26	-47.49
(0,-1)	5	7	r1	r2	(0.60,-3.20)	3.26	-79.38
(0,-1)	10	2	r2	r1	(0.60,-3.20)	3.26	-79.38
(1,1)	8	4	r2	r1	(2.20,2.60)	3.41	49.76
(-1,1)	2	10	r1	r2	(-2.60,2.20)	3.41	139.76
(-1,1)	5	7	r1	r2	(-3.40,-0.20)	3.41	-176.63
(-1,-1)	3	9	r1	r2	(0.20,-3.40)	3.41	-86.63
(-1,-1)	4	8	r1	r2	(-2.20,-2.60)	3.41	-130.24
(-1,-1)	8	4	r2	r1	(0.20,-3.40)	3.41	-86.63
(-1,-1)	9	3	r2	r1	(-2.20,-2.60)	3.41	-130.24
(1,-1)	7	5	r2	r1	(3.40,0.20)	3.41	3.37
(1,-1)	10	2	r2	r1	(2.60,-2.20)	3.41	-40.24
(1,1)	3	9	r1	r2	(2.20,2.60)	3.41	49.76
(1,1)	4	8	r1	r2	(-0.20,3.40)	3.41	93.37
(-1,1)	7	5	r2	r1	(-2.60,2.20)	3.41	139.76
(1,-1)	2	10	r1	r2	(3.40,0.20)	3.41	3.37
(1,-1)	5	7	r1	r2	(2.60,-2.20)	3.41	-40.24
(1,1)	9	3	r2	r1	(-0.20,3.40)	3.41	93.37
(-1,1)	10	2	r2	r1	(-3.40,-0.20)	3.41	-176.63
(1,-1)	8	2	r2	r1	(3.20,-1.40)	3.49	-23.63
(1,1)	7	4	r2	r1	(1.40,3.20)	3.49	66.37
(-1,1)	2	8	r1	r2	(-3.20,1.40)	3.49	156.37
(-1,1)	4	7	r1	r2	(-3.40,0.80)	3.49	166.76
(-1,-1)	5	9	r1	r2	(-0.80,-3.40)	3.49	-103.24
(-1,-1)	8	2	r2	r1	(-0.80,-3.40)	3.49	-103.24
(1,-1)	7	4	r2	r1	(3.40,-0.80)	3.49	-13.24
(1,1)	2	8	r1	r2	(0.80,3.40)	3.49	76.76
(1,1)	3	10	r1	r2	(1.40,3.20)	3.49	66.37
(1,1)	9	5	r2	r1	(0.80,3.40)	3.49	76.76
(-1,1)	9	5	r2	r1	(-3.20,1.40)	3.49	156.37
(-1,1)	10	3	r2	r1	(-3.40,0.80)	3.49	166.76
(-1,-1)	4	7	r1	r2	(-1.40,-3.20)	3.49	-113.63
(-1,-1)	10	3	r2	r1	(-1.40,-3.20)	3.49	-113.63
(1,-1)	3	10	r1	r2	(3.40,-0.80)	3.49	-13.24
(1,-1)	5	9	r1	r2	(3.20,-1.40)	3.49	-23.63
(1,0)	2	9	r1	r2	(3.20,1.60)	3.58	26.57
(1,0)	8	5	r2	r1	(3.20,1.60)	3.58	26.57
(-1,0)	5	8	r1	r2	(-3.20,-1.60)	3.58	-153.43
(-1,0)	9	2	r2	r1	(-3.20,-1.60)	3.58	-153.43
(0,1)	4	10	r1	r2	(-1.60,3.20)	3.58	116.57
(0,-1)	3	7	r1	r2	(1.60,-3.20)	3.58	-63.43
(0,-1)	10	4	r2	r1	(1.60,-3.20)	3.58	-63.43
(0,1)	7	3	r2	r1	(-1.60,3.20)	3.58	116.57
(1,0)	1	3	r1	r1	(2.00,3.00)	3.61	56.31
(1,0)	1	4	r1	r1	(3.00,2.00)	3.61	33.69
(1,0)	2	5	r1	r1	(3.00,2.00)	3.61	33.69
(1,0)	6	3	r2	r1	(2.00,3.00)	3.61	56.31
(1,0)	6	4	r2	r1	(3.00,2.00)	3.61	33.69
(1,0)	8	9	r2	r2	(3.40,1.20)	3.61	19.44
(-1,0)	3	1	r1	r1	(-2.00,-3.00)	3.61	-123.69
(-1,0)	3	6	r1	r2	(-2.00,-3.00)	3.61	-123.69
(-1,0)	4	1	r1	r1	(-3.00,-2.00)	3.61	-146.31
(-1,0)	4	6	r1	r2	(-3.00,-2.00)	3.61	-146.31
(-1,0)	5	2	r1	r1	(-3.00,-2.00)	3.61	-146.31
(0,1)	4	3	r1	r1	(-2.00,3.00)	3.61	123.69
(0,-1)	3	4	r1	r1	(2.00,-3.00)	3.61	-56.31
(0,-1)	8	1	r2	r1	(1.20,-3.40)	3.61	-70.56
(0,-1)	8	6	r2	r2	(1.20,-3.40)	3.61	-70.56
(0,-1)	9	1	r2	r1	(-0.20,-3.60)	3.61	-93.18
(0,-1)	9	6	r2	r2	(-0.20,-3.60)	3.61	-93.18
(1,1)	2	4	r1	r1	(2.00,3.00)	3.61	56.31
(1,1)	3	5	r1	r1	(2.00,3.00)	3.61	56.31
(-1,1)	1	2	r1	r1	(-3.00,2.00)	3.61	146.31
(-1,1)	1	5	r1	r1	(-2.00,3.00)	3.61	123.69
(-1,1)	2	3	r1	r1	(-3.00,2.00)	3.61	146.31
(-1,1)	4	5	r1	r1	(-3.00,2.00)	3.61	146.31
(-1,1)	6	2	r2	r1	(-3.00,2.00)	3.61	146.31
(-1,1)	6	5	r2	r1	(-2.00,3.00)	3.61	123.69
(-1,1)	7	1	r2	r1	(-3.60,0.20)	3.61	176.82
(-1,-1)	4	2	r1	r1	(-2.00,-3.00)	3.61	-123.69
(-1,-1)	5	3	r1	r1	(-2.00,-3.00)	3.61	-123.69
(1,-1)	2	1	r1	r1	(3.00,-2.00)	3.61	-33.69
(1,-1)	3	2	r1	r1	(3.00,-2.00)	3.61	-33.69
(1,-1)	5	1	r1	r1	(2.00,-3.00)	3.61	-56.31
(1,-1)	5	4	r1	r1	(3.00,-2.00)	3.61	-33.69
(-1,0)	9	8	r2	r2	(-3.40,-1.20)	3.61	-160.56
(0,1)	1	8	r1	r2	(-1.20,3.40)	3.61	109.44
(0,1)	1	9	r1	r2	(0.20,3.60)	3.61	86.82
(0,1)	6	8	r2	r2	(-1.20,3.40)	3.61	109.44
(0,1)	6	9	r2	r2	(0.20,3.60)	3.61	86.82
(0,1)	7	10	r2	r2	(-1.20,3.40)	3.61	109.44
(0,-1)	10	7	r2	r2	(1.20,-3.40)	3.61	-70.56
(-1,1)	7	6	r2	r2	(-3.60,0.20)	3.61	176.82
(-1,1)	9	7	r2	r2	(-3.60,0.20)	3.61	176.82
(-1,1)	10	1	r2	r1	(-3.40,-1.20)	3.61	-160.56
(-1,1)	10	6	r2	r2	(-3.40,-1.20)	3.61	-160.56
(-1,1)	10	8	r2	r2	(-3.60,0.20)	3.61	176.82
(-1,-1)	8	7	r2	r2	(-0.20,-3.60)	3.61	-93.18
(-1,-1)	10	9	r2	r2	(-0.20,-3.60)	3.61	-93.18
(1,-1)	1	7	r1	r2	(3.60,-0.20)	3.61	-3.18
(1,-1)	1	10	r1	r2	(3.40,1.20)	3.61	19.44
(1,-1)	2	6	r1	r2	(3.00,-2.00)	3.61	-33.69
(1,-1)	5	6	r1	r2	(2.00,-3.00)	3.61	-56.31
(1,-1)	6	7	r2	r2	(3.60,-0.20)	3.61	-3.18
(1,-1)	6	10	r2	r2	(3.40,1.20)	3.61	19.44
(1,-1)	7	9	r2	r2	(3.60,-0.20)	3.61	-3.18
(1,-1)	8	10	r2	r2	(3.60,-0.20)	3.61	-3.18
(1,1)	7	8	r2	r2	(0.20,3.60)	3.61	86.82
(1,1)	9	10	r2	r2	(0.20,3.60)	3.61	86.82
(1,1)	4	9	r1	r2	(1.20,3.60)	3.79	71.57
(1,1)	8	3	r2	r1	(1.20,3.60)	3.79	71.57
(-1,1)	5	10	r1	r2	(-3.60,1.20)	3.79	161.57
(-1,-1)	3	8	r1	r2	(-1.20,-3.60)	3.79	-108.43
(-1,-1)	9	4	r2	r1	(-1.20,-3.60)	3.79	-108.43
(1,-1)	10	5	r2	r1	(3.60,-1.20)	3.79	-18.43
(-1,1)	7	2	r2	r1	(-3.60,1.20)	3.79	161.57
(1,-1)	2	7	r1	r2	(3.60,-1.20)	3.79	-18.43
(1,-1)	8	1	r2	r1	(3.20,-2.40)	4.00	-36.87
(1,0)	1	10	r1	r2	(2.40,3.20)	4.00	53.13
(1,0)	6	10	r2	r2	(2.40,3.20)	4.00	53.13
(-1,0)	10	1	r2	r1	(-2.40,-3.20)	4.00	-126.87
(-1,0)	10	6	r2	r2	(-2.40,-3.20)	4.00	-126.87
(0,1)	1	5	r1	r1	(0.00,4.00)	4.00	90.00
(0,1)	6	5	r2	r1	(0.00,4.00)	4.00	90.00
(0,-1)	5	1	r1	r1	(0.00,-4.00)	4.00	-90.00
(0,-1)	5	6	r1	r2	(-0.00,-4.00)	4.00	-90.00
(1,1)	4	3	r1	r1	(0.00,4.00)	4.00	90.00
(1,1)	8	9	r2	r2	(2.40,3.20)	4.00	53.13
(-1,1)	1	8	r1	r2	(-3.20,2.40)	4.00	143.13
(-1,1)	4	1	r1	r1	(-4.00,0.00)	4.00	180.00
(-1,1)	4	6	r1	r2	(-4.00,0.00)	4.00	180.00
(-1,1)	5	2	r1	r1	(-4.00,0.00)	4.00	180.00
(-1,1)	6	8	r2	r2	(-3.20,2.40)	4.00	143.13
(-1,1)	7	10	r2	r2	(-3.20,2.40)	4.00	143.13
(-1,-1)	3	4	r1	r1	(0.00,-4.00)	4.00	-90.00
(-1,-1)	9	8	r2	r2	(-2.40,-3.20)	4.00	-126.87
(1,-1)	1	4	r1	r1	(4.00,0.00)	4.00	0.00
(1,-1)	2	5	r1	r1	(4.00,0.00)	4.00	0.00
(1,-1)	6	4	r2	r1	(4.00,0.00)	4.00	0.00
(1,-1)	8	6	r2	r2	(3.20,-2.40)	4.00	-36.87
(1,-1)	10	7	r2	r2	(3.20,-2.40)	4.00	-36.87
(1,0)	1	9	r1	r2	(3.20,2.60)	4.12	39.09
(1,0)	6	9	r2	r2	(3.20,2.60)	4.12	39.09
(-1,0)	9	1	r2	r1	(-3.20,-2.60)	4.12	-140.91
(-1,0)	9	6	r2	r2	(-3.20,-2.60)	4.12	-140.91
(0,1)	1	3	r1	r1	(-1.00,4.00)	4.12	104.04
(0,1)	6	3	r2	r1	(-1.00,4.00)	4.12	104.04
(0,-1)	3	1	r1	r1	(1.00,-4.00)	4.12	-75.96
(0,-1)	3	6	r1	r2	(1.00,-4.00)	4.12	-75.96
(1,1)	1	2	r1	r1	(1.00,4.00)	4.12	75.96
(1,1)	1	7	r1	r2	(1.60,3.80)	4.12	67.17
(1,1)	2	3	r1	r1	(1.00,4.00)	4.12	75.96
(1,1)	4	5	r1	r1	(1.00,4.00)	4.12	75.96
(1,1)	6	2	r2	r1	(1.00,4.00)	4.12	75.96
(1,1)	6	7	r2	r2	(1.60,3.80)	4.12	67.17
(1,1)	7	9	r2	r2	(1.60,3.80)	4.12	67.17
(1,1)	8	10	r2	r2	(1.60,3.80)	4.12	67.17
(-1,1)	1	10	r1	r2	(-2.60,3.20)	4.12	129.09
(-1,1)	4	2	r1	r1	(-4.00,1.00)	4.12	165.96
(-1,1)	5	1	r1	r1	(-4.00,-1.00)	4.12	-165.96
(-1,1)	5	3	r1	r1	(-4.00,1.00)	4.12	165.96
(-1,1)	5	6	r1	r2	(-4.00,-1.00)	4.12	-165.96
(-1,1)	6	10	r2	r2	(-2.60,3.20)	4.12	129.09
(-1,1)	7	8	r2	r2	(-3.80,1.60)	4.12	157.17
(-1,1)	9	10	r2	r2	(-3.80,1.60)	4.12	157.17
(-1,-1)	2	1	r1	r1	(-1.00,-4.00)	4.12	-104.04
(-1,-1)	2	6	r1	r2	(-1.00,-4.00)	4.12	-104.04
(-1,-1)	3	2	r1	r1	(-1.00,-4.00)	4.12	-104.04
(-1,-1)	5	4	r1	r1	(-1.00,-4.00)	4.12	-104.04
(-1,-1)	7	1	r2	r1	(-1.60,-3.80)	4.12	-112.83
(-1,-1)	7	6	r2	r2	(-1.60,-3.80)	4.12	-112.83
(-1,-1)	9	7	r2	r2	(-1.60,-3.80)	4.12	-112.83
(-1,-1)	10	8	r2	r2	(-1.60,-3.80)	4.12	-112.83
(1,-1)	1	5	r1	r1	(4.00,1.00)	4.12	14.04
(1,-1)	2	4	r1	r1	(4.00,-1.00)	4.12	-14.04
(1,-1)	3	5	r1	r1	(4.00,-1.00)	4.12	-14.04
(1,-1)	6	5	r2	r1	(4.00,1.00)	4.12	14.04
(1,-1)	8	7	r2	r2	(3.80,-1.60)	4.12	-22.83
(1,-1)	10	1	r2	r1	(2.60,-3.20)	4.12	-50.91
(1,-1)	10	6	r2	r2	(2.60,-3.20)	4.12	-50.91
(1,-1)	10	9	r2	r2	(3.80,-1.60)	4.12	-22.83
(-1,1)	5	8	r1	r2	(-4.20,0.40)	4.22	174.56
(1,1)	2	9	r1	r2	(2.20,3.60)	4.22	58.57
(1,1)	4	10	r1	r2	(0.40,4.20)	4.22	84.56
(1,1)	7	3	r2	r1	(0.40,4.20)	4.22	84.56
(1,1)	8	5	r2	r1	(2.20,3.60)	4.22	58.57
(-1,1)	4	10	r1	r2	(-3.60,2.20)	4.22	148.57
(-1,1)	7	3	r2	r1	(-3.60,2.20)	4.22	148.57
(-1,1)	9	2	r2	r1	(-4.20,0.40)	4.22	174.56
(-1,-1)	3	7	r1	r2	(-0.40,-4.20)	4.22	-95.44
(-1,-1)	5	8	r1	r2	(-2.20,-3.60)	4.22	-121.43
(-1,-1)	9	2	r2	r1	(-2.20,-3.60)	4.22	-121.43
(-1,-1)	10	4	r2	r1	(-0.40,-4.20)	4.22	-95.44
(1,-1)	2	9	r1	r2	(4.20,-0.40)	4.22	-5.44
(1,-1)	3	7	r1	r2	(3.60,-2.20)	4.22	-31.43
(1,-1)	8	5	r2	r1	(4.20,-0.40)	4.22	-5.44
(1,-1)	10	4	r2	r1	(3.60,-2.20)	4.22	-31.43
(1,0)	1	5	r1	r1	(3.00,3.00)	4.24	45.00
(1,0)	6	5	r2	r1	(3.00,3.00)	4.24	45.00
(-1,0)	5	1	r1	r1	(-3.00,-3.00)	4.24	-135.00
(-1,0)	5	6	r1	r2	(-3.00,-3.00)	4.24	-135.00
(0,1)	1	10	r1	r2	(-0.60,4.20)	4.24	98.13
(0,1)	6	10	r2	r2	(-0.60,4.20)	4.24	98.13
(0,-1)	10	1	r2	r1	(0.60,-4.20)	4.24	-81.87
(0,-1)	10	6	r2	r2	(0.60,-4.20)	4.24	-81.87
(-1,1)	1	3	r1	r1	(-3.00,3.00)	4.24	135.00
(-1,1)	6	3	r2	r1	(-3.00,3.00)	4.24	135.00
(-1,1)	9	1	r2	r1	(-4.20,-0.60)	4.24	-171.87
(-1,1)	9	6	r2	r2	(-4.20,-0.60)	4.24	-171.87
(1,-1)	1	9	r1	r2	(4.20,0.60)	4.24	8.13
(1,-1)	3	1	r1	r1	(3.00,-3.00)	4.24	-45.00
(1,-1)	6	9	r2	r2	(4.20,0.60)	4.24	8.13
(1,-1)	3	6	r1	r2	(3.00,-3.00)	4.24	-45.00
(-1,1)	4	8	r1	r2	(-4.20,1.40)	4.43	161.57
(1,1)	2	10	r1	r2	(1.40,4.20)	4.43	71.57
(1,1)	7	5	r2	r1	(1.40,4.20)	4.43	71.57
(-1,1)	9	3	r2	r1	(-4.20,1.40)	4.43	161.57
(-1,-1)	5	7	r1	r2	(-1.40,-4.20)	4.43	-108.43
(-1,-1)	10	2	r2	r1	(-1.40,-4.20)	4.43	-108.43
(1,-1)	3	9	r1	r2	(4.20,-1.40)	4.43	-18.43
(1,-1)	8	4	r2	r1	(4.20,-1.40)	4.43	-18.43
(1,1)	1	4	r1	r1	(2.00,4.00)	4.47	63.43
(1,1)	1	8	r1	r2	(0.80,4.40)	4.47	79.70
(1,1)	2	5	r1	r1	(2.00,4.00)	4.47	63.43
(1,1)	6	4	r2	r1	(2.00,4.00)	4.47	63.43
(1,1)	6	8	r2	r2	(0.80,4.40)	4.47	79.70
(1,1)	7	10	r2	r2	(0.80,4.40)	4.47	79.70
(-1,1)	4	3	r1	r1	(-4.00,2.00)	4.47	153.43
(-1,1)	9	8	r2	r2	(-4.40,0.80)	4.47	169.70
(-1,-1)	4	1	r1	r1	(-2.00,-4.00)	4.47	-116.57
(-1,-1)	4	6	r1	r2	(-2.00,-4.00)	4.47	-116.57
(-1,-1)	5	2	r1	r1	(-2.00,-4.00)	4.47	-116.57
(-1,-1)	8	1	r2	r1	(-0.80,-4.40)	4.47	-100.30
(-1,-1)	8	6	r2	r2	(-0.80,-4.40)	4.47	-100.30
(-1,-1)	10	7	r2	r2	(-0.80,-4.40)	4.47	-100.30
(1,-1)	3	4	r1	r1	(4.00,-2.00)	4.47	-26.57
(1,-1)	8	9	r2	r2	(4.40,-0.80)	4.47	-10.30
(1,1)	1	3	r1	r1	(1.00,5.00)	5.10	78.69
(1,1)	1	9	r1	r2	(2.20,4.60)	5.10	64.44
(1,1)	6	3	r2	r1	(1.00,5.00)	5.10	78.69
(1,1)	6	9	r2	r2	(2.20,4.60)	5.10	64.44
(-1,-1)	3	1	r1	r1	(-1.00,-5.00)	5.10	-101.31
(-1,-1)	3	6	r1	r2	(-1.00,-5.00)	5.10	-101.31
(-1,-1)	9	1	r2	r1	(-2.20,-4.60)	5.10	-115.56
(-1,-1)	9	6	r2	r2	(-2.20,-4.60)	5.10	-115.56
(1,1)	1	5	r1	r1	(2.00,5.00)	5.39	68.20
(1,1)	6	5	r2	r1	(2.00,5.00)	5.39	68.20
(-1,-1)	5	1	r1	r1	(-2.00,-5.00)	5.39	-111.80
(-1,-1)	5	6	r1	r2	(-2.00,-5.00)	5.39	-111.80
(1,1)	1	10	r1	r2	(1.40,5.20)	5.39	74.93
(1,1)	6	10	r2	r2	(1.40,5.20)	5.39	74.93
(-1,-1)	10	1	r2	r1	(-1.40,-5.20)	5.39	-105.07
(-1,-1)	10	6	r2	r2	(-1.40,-5.20)	5.39	-105.07
